4413.33
4414.87
4410.77
4409.23
4405.13
4406.67
4413.85
4415.9
4418.46
4413.33
4406.15
4404.1
4402.05
4402.56
4400
4401.03
4406.15
4403.08
4401.03
4401.54
4404.1
4406.67
4403.08
4400.51
4394.87
4393.33
4408.72
4407.69
4395.38
4399.49
4403.59
4401.54
4402.56
4409.23
4405.13
4393.33
4395.9
4396.92
4397.44
4404.1
4397.44
4390.77
4393.33
4393.33
4394.87
4394.87
4390.77
4386.67
4383.59
4378.46
4364.1
4358.97
4358.46
4356.41
4360.51
4353.33
4354.87
4371.79
4370.26
4363.08
4366.67
4368.72
4368.21
4369.23
4374.36
4377.95
4385.13
4390.26
4371.79
4356.41
4362.05
4361.54
4353.85
4348.72
4354.36
4357.95
4350.77
4349.23
4346.15
4347.69
4355.38
4356.92
4357.44
4354.36
4357.95
4362.56
4352.82
4355.38
4360
4358.97
4366.15
4360
4361.54
4371.79
4367.69
4371.79
4376.41
4376.92
4372.31
4362.56
4365.13
4360.51
4351.79
4357.44
4362.56
4365.13
4360
4355.9
4362.56
4365.13
4368.72
4371.79
4378.46
4390.26
4385.13
4375.38
4376.92
4380
4378.97
4373.85
4376.41
4382.05
4383.08
4386.15
4374.36
4368.72
4384.1
4383.59
4373.85
4367.18
4368.72
4380
4376.92
4368.21
4366.67
4371.28
4373.85
4368.72
4367.69
4370.77
4370.77
4369.23
4360.51
4352.31
4347.69
4343.59
4344.62
4339.49
4342.05
4351.28
4341.03
4334.87
4338.46
4337.44
4337.95
4335.9
4338.46
4347.18
4354.87
4355.9
4342.56
4345.13
4361.03
4365.13
4363.59
4357.44
4357.95
4363.08
4355.38
4351.28
4354.87
4360
4363.08
4361.03
4367.18
4367.18
4361.54
4365.64
4367.18
4368.21
4368.72
4363.59
4360.51
4352.82
4350.26
4357.95
4358.97
4352.31
4348.72
4356.41
4362.05
4360
4363.08
4357.95
4349.74
4352.82
4350.26
4350.77
4354.87
4357.44
4360.51
4354.36
4352.82
4357.95
4355.9
4352.82
4342.56
4344.1
4352.82
4349.23
4357.95
4365.13
4364.62
4364.1
4355.9
4352.31
4348.72
4355.38
4364.1
4353.85
4351.28
4357.44
4356.41
4353.85
4346.67
4342.05
4343.08
4346.67
4355.38
4358.97
4364.1
4368.72
4361.03
4355.38
4354.87
4358.46
4358.46
4347.18
4338.46
4337.95
4348.72
4358.97
4353.33
4347.69
4346.67
4349.23
4355.38
4352.82
4348.21
4346.15
4349.74
4360.51
4351.28
4346.15
4360
4362.56
4358.97
4353.33
4352.31
4361.03
4361.03
4358.46
4361.54
4374.87
4383.59
4365.64
4357.44
4357.44
4353.85
4361.03
4356.92
4349.23
4356.92
4364.1
4356.41
4342.56
4346.67
4357.95
4356.92
4355.38
4352.82
4357.95
4370.26
4362.05
4350.77
4350.26
4351.28
4355.38
4351.79
4346.15
4343.08
4355.38
4368.72
4352.31
4345.64
4356.92
4363.59
4366.67
4358.46
4354.36
4361.03
4359.49
4356.92
4353.33
4356.41
4366.15
4362.05
4352.82
4347.18
4353.85
4365.64
4351.28
4338.97
4348.21
4361.54
4370.26
4362.56
4349.74
4342.05
4340.51
4347.69
4347.18
4343.08
4343.59
4344.1
4344.62
4342.05
4346.15
4351.79
4343.59
4344.62
4350.26
4351.28
4359.49
4357.44
4347.18
4346.67
4356.92
4364.62
4355.38
4348.21
4349.23
4351.79
4358.46
4354.87
4350.77
4357.95
4363.59
4367.69
4361.03
4356.41
4360.51
4350.77
4346.67
4356.41
4361.03
4358.97
4354.36
4353.33
4349.74
4353.85
4364.62
4353.33
4354.87
4373.85
4371.79
4370.77
4369.74
4368.72
4370.77
4361.54
4360
4359.49
4354.87
4357.44
4359.49
4362.05
4359.49
4358.97
4367.69
4362.56
4360
4365.13
4369.23
4375.9
4370.77
4368.72
4372.82
4375.38
4386.15
4385.13
4378.46
4383.59
4379.49
4372.82
4376.92
4384.1
4386.67
4381.03
4379.49
4377.95
4374.87
4374.87
4366.15
4366.67
4374.36
4371.79
4366.67
4362.56
4370.26
4378.46
4373.85
4373.33
4374.36
4381.03
4388.21
4383.59
4385.13
4383.59
4381.54
4387.69
4385.13
4382.05
4380
4375.9
4375.9
4370.26
4366.15
4366.67
4367.18
4372.82
4363.59
4358.46
4369.74
4376.41
4380.51
4378.46
4373.85
4378.46
4375.38
4362.56
4357.44
4371.79
4380.51
4369.74
4373.85
4376.92
4367.18
4372.82
4373.33
4369.23
4375.38
4376.41
4375.38
4376.92
4387.69
4396.41
4391.28
4388.21
4381.54
4374.36
4368.21
4355.9
4360
4363.59
4362.56
4370.26
4368.72
4365.13
4357.95
4352.82
4357.44
4348.21
4346.67
4361.54
4369.74
4365.13
4354.36
4360
4371.79
4367.69
4366.67
4363.59
4363.59
4375.38
4370.26
4359.49
4353.33
4360.51
4377.95
4368.72
4358.97
4360
4361.03
4367.69
4366.15
4369.23
4371.79
4370.77
4385.13
4377.95
4364.1
4374.87
4382.05
4377.95
4370.26
4374.87
4386.15
4382.56
4373.85
4367.69
4372.82
4388.21
4380
4367.18
4370.77
4377.44
4380.51
4372.82
4367.18
4367.18
4365.64
4364.1
4353.33
4351.28
4364.62
4371.28
4368.72
4360.51
4361.03
4366.67
4361.54
4362.56
4358.97
4355.38
4367.18
4367.18
4362.56
4366.15
4366.67
4371.28
4374.87
4371.28
4363.08
4366.67
4384.62
4372.82
4364.1
4384.62
4385.64
4375.9
4369.74
4367.18
4369.23
4361.54
4356.41
4357.95
4364.62
4379.49
4375.38
4363.59
4365.13
4369.23
4373.33
4373.33
4370.26
4370.26
4368.72
4371.28
4362.56
4358.46
4374.87
4375.9
4366.15
4363.59
4371.79
4383.59
4372.31
4365.13
4374.87
4378.46
4379.49
4374.36
4371.79
4374.87
4368.72
4370.77
4368.72
4362.56
4368.72
4371.28
4368.21
4367.69
4377.95
4385.64
4376.41
4371.28
4366.15
4364.1
4381.54
4382.56
4379.49
4390.77
4383.59
4369.23
4363.08
4367.69
4371.79
4362.56
4368.72
4377.44
4367.18
4358.46
4359.49
4366.15
4361.54
4357.95
4365.64
4363.08
4361.54
4363.59
4366.15
4378.46
4375.9
4368.21
4370.26
4368.72
4372.82
4375.38
4373.33
4371.79
4370.77
4377.95
4376.92
4376.41
4385.64
4384.62
4384.62
4381.03
4379.49
4389.23
4386.15
4380.51
4372.31
4367.18
4376.41
4373.85
4367.18
4368.72
4373.33
4378.46
4368.21
4361.54
4374.36
4382.05
4377.95
4372.31
4380.51
4390.77
4382.05
4374.87
4368.21
4362.05
4365.13
4369.74
4369.74
4362.56
4369.74
4383.59
4371.79
4362.56
4367.18
4364.62
4359.49
4354.36
4357.44
4357.44
4351.79
4357.44
4353.85
4346.15
4354.36
4364.1
4362.56
4348.21
4355.38
4377.44
4368.72
4355.38
4353.33
4358.46
4368.72
4364.62
4363.08
4370.77
4368.21
4366.67
4364.62
4362.05
4360.51
4366.15
4377.95
4373.85
4374.36
4386.15
4380.51
4376.41
4379.49
4385.13
4391.79
4387.69
4381.03
4376.41
4378.46
4388.72
4386.15
4377.95
4374.87
4379.49
4386.15
4376.41
4374.87
4383.59
4386.15
4393.33
4390.26
4386.15
4388.72
4380
4373.85
4375.9
4381.03
4386.15
4380.51
4375.38
4373.33
4378.97
4386.15
4371.79
4364.1
4373.33
4377.95
4374.36
4360
4363.59
4380
4376.92
4372.31
4368.21
4368.72
4378.46
4377.44
4375.9
4373.33
4373.33
4374.87
4367.69
4367.69
4367.18
4367.69
4379.49
4376.92
4369.23
4376.41
4385.64
4387.69
4378.46
4377.44
4378.97
4371.79
4372.31
4370.26
4373.85
4386.15
4385.64
4385.13
4387.18
4391.28
4394.87
4384.62
4373.33
4367.69
4366.15
4367.18
4358.46
4358.97
4369.23
4370.26
4372.82
4374.36
4374.87
4376.41
4374.36
4372.31
4357.95
4356.41
4373.85
4372.82
4366.15
4371.28
4385.13
4396.41
4385.64
4378.46
4383.59
4386.15
4382.05
4368.21
4366.15
4381.03
4387.69
4384.1
4375.9
4379.49
4386.15
4380.51
4375.38
4367.18
4370.77
4384.62
4377.95
4371.79
4374.87
4381.03
4385.13
4372.82
4367.69
4371.79
4373.85
4372.31
4359.49
4361.03
4373.85
4374.36
4376.92
4372.82
4365.13
4370.26
4367.18
4357.44
4356.41
4369.74
4376.92
4363.59
4360.51
4362.05
4360
4360
4349.23
4349.23
4360.51
4364.1
4363.59
4356.41
4357.44
4367.69
4372.31
4372.82
4364.1
4365.13
4376.41
4374.87
4369.23
4366.15
4372.31
4381.03
4371.28
4361.54
4361.03
4367.18
4374.36
4368.72
4366.67
4370.26
4366.15
4368.21
4368.72
4364.1
4366.15
4373.33
4371.28
4356.92
4360.51
4372.82
4364.62
4360
4362.56
4363.59
4367.18
4367.18
4369.74
4370.26
4371.28
4383.08
4377.95
4367.18
4370.77
4380.51
4387.18
4370.26
4357.44
4368.21
4374.87
4370.77
4360.51
4360.51
4367.18
4366.15
4368.21
4363.59
4356.41
4364.62
4368.21
4362.56
4357.95
4363.08
4372.31
4363.59
4352.82
4355.38
4365.64
4368.21
4353.33
4356.92
4372.82
4366.15
4357.95
4356.92
4363.08
4373.85
4366.15
4356.41
4355.9
4359.49
4364.1
4358.97
4361.03
4364.1
4369.23
4374.87
4358.46
4356.92
4372.82
4369.74
4365.13
4359.49
4359.49
4370.77
4373.85
4372.31
4365.64
4362.56
4369.74
4369.74
4366.67
4364.1
4361.54
4358.46
4350.77
4353.85
4359.49
4357.44
4356.41
4349.23
4347.69
4354.87
4357.44
4357.95
4348.21
4342.05
4346.15
4346.15
4351.28
4350.77
4352.31
4366.15
4366.15
4357.44
4353.85
4358.97
4362.56
4350.26
4346.67
4354.87
4360.51
4360
4347.69
4346.67
4360
4365.64
4367.69
4363.59
4365.13
4375.38
4369.23
4356.41
4351.28
4357.95
4364.1
4355.38
4347.69
4344.1
4350.77
4366.67
4358.46
4346.67
4350.26
4357.95
4362.05
4348.21
4343.08
4353.85
4351.79
4346.15
4346.67
4353.85
4357.44
4355.38
4358.97
4354.36
4350.77
4363.59
4362.05
4349.23
4347.18
4354.87
4360.51
4348.21
4342.05
4351.79
4361.03
4362.05
4349.23
4348.72
4359.49
4359.49
4357.44
4349.74
4347.18
4355.9
4350.77
4342.56
4338.97
4339.49
4347.69
4350.26
4349.23
4347.18
4350.26
4359.49
4356.41
4358.97
4366.15
4361.03
4359.49
4357.95
4356.92
4359.49
4354.36
4350.77
4351.79
4361.03
4368.21
4362.05
4355.9
4351.28
4352.31
4360
4355.38
4353.33
4351.28
4348.21
4360.51
4362.56
4351.79
4351.79
4361.03
4365.64
4356.41
4356.92
4366.15
4360
4350.26
4348.72
4356.41
4364.62
4357.95
4357.44
4361.03
4360
4364.62
4358.46
4347.69
4340.51
4342.05
4351.79
4349.23
4353.85
4366.15
4367.18
4367.69
4369.74
4369.74
4364.62
4357.44
4363.08
4360
4355.38
4366.67
4366.67
4358.46
4353.85
4360.51
4370.77
4361.03
4353.85
4354.87
4352.82
4357.95
4354.36
4343.08
4344.62
4351.79
4354.36
4345.13
4344.1
4354.87
4354.36
4351.79
4348.72
4349.23
4356.41
4355.38
4356.92
4358.46
4362.05
4367.18
4357.44
4358.46
4369.23
4369.74
4371.79
4367.18
4361.03
4368.72
4376.41
4372.31
4365.64
4374.36
4378.97
4363.08
4358.46
4361.54
4363.59
4369.74
4364.1
4359.49
4359.49
4356.92
4360.51
4358.97
4355.38
4358.46
4365.64
4367.69
4347.69
4336.92
4347.69
4356.41
4366.15
4362.05
4359.49
4373.33
4373.33
4366.15
4367.69
4376.92
4386.67
4384.1
4382.05
4381.54
4377.95
4376.92
4369.23
4364.62
4364.1
4362.56
4368.21
4365.13
4361.54
4370.26
4375.38
4369.23
4350.26
4347.69
4362.05
4361.54
4360.51
4369.23
4383.08
4395.9
4392.31
4390.77
4398.46
4405.64
4405.64
4392.82
4394.36
4403.08
4400.51
4405.64
4397.95
4388.72
4397.44
4395.38
4388.72
4386.67
4391.28
4400.51
4395.9
4386.67
4384.1
4391.28
4401.54
4396.41
4389.74
4391.28
4396.41
4402.05
4394.36
4395.38
4409.23
4405.64
4391.79
4388.21
4400.51
4402.05
4387.69
4387.69
4385.64
4384.1
4392.31
4387.18
4384.62
4390.77
4391.79
4393.85
4384.1
4369.74
4370.77
4381.54
4386.15
4377.44
4379.49
4390.26
4389.74
4389.23
4382.56
4377.44
4387.69
4394.87
4391.79
4378.46
4374.87
4386.67
4386.67
4385.13
4383.59
4384.1
4386.67
4375.38
4371.79
4382.05
4391.79
4400
4391.79
4382.05
4386.67
4386.15
4374.87
4369.23
4382.05
4392.82
4386.15
4384.62
4383.59
4381.03
4390.26
4389.23
4381.54
4380.51
4384.1
4384.62
4371.79
4371.79
4386.15
4393.33
4393.33
4384.62
4386.67
4394.87
4389.23
4378.46
4363.08
4358.46
4365.13
4361.03
4356.92
4355.38
4354.36
4358.46
4357.44
4361.03
4366.15
4362.05
4361.54
4360
4361.54
4365.13
4363.59
4363.59
4352.82
4351.79
4361.03
4358.97
4359.49
4360
4360.51
4364.1
4361.54
4359.49
4358.46
4367.18
4380.51
4372.31
4366.15
4374.87
4378.46
4376.41
4368.21
4367.69
4376.41
4378.46
4372.82
4358.46
4358.46
4372.31
4369.74
4359.49
4355.9
4369.74
4387.18
4382.56
4376.92
4380
4385.13
4387.69
4378.97
4378.46
4380.51
4377.95
4384.1
4380
4374.36
4378.97
4383.08
4389.23
4378.97
4376.41
4390.77
4386.15
4381.03
4381.54
4382.05
4384.62
4373.85
4367.18
4377.44
4386.67
4384.1
4375.38
4380
4388.72
4393.85
4397.44
4388.72
4389.74
4397.95
4392.82
4389.23
4385.64
4386.67
4396.92
4392.31
4381.54
4372.82
4372.31
4379.49
4381.03
4386.15
4389.23
4392.31
4396.92
4385.64
4384.1
4393.33
4391.79
4390.77
4380.51
4373.33
4380
4378.97
4375.9
4374.36
4371.79
4371.79
4371.79
4374.36
4375.9
4383.59
4394.87
4388.21
4379.49
4378.97
4381.03
4377.95
4364.1
4363.08
4370.26
4370.77
4372.31
4364.62
4362.05
4373.33
4370.26
4361.54
4360
4366.67
4376.41
4377.44
4373.85
4367.18
4366.67
4372.82
4366.15
4366.15
4368.72
4368.72
4374.87
4368.21
4362.05
4363.59
4361.54
4366.15
4369.23
4376.41
4386.67
4383.59
4377.44
4368.72
4371.79
4384.62
4384.62
4383.59
4383.08
4384.62
4387.69
4374.36
4367.18
4371.28
4374.87
4381.54
4370.77
4366.15
4378.97
4382.05
4378.97
4371.79
4370.26
4373.85
4370.26
4373.33
4370.77
4367.69
4375.38
4369.74
4361.03
4363.59
4374.87
4380.51
4368.21
4362.56
4367.69
4372.82
4375.38
4364.62
4360
4369.74
4377.95
4378.97
4369.74
4369.23
4377.44
4371.79
4368.21
4374.87
4385.64
4388.72
4377.95
4375.9
4376.41
4375.9
4383.59
4380.51
4375.9
4380.51
4385.64
4390.26
4380.51
4369.74
4374.87
4379.49
4377.44
4366.67
4368.72
4384.1
4383.59
4381.03
4386.67
4390.26
4387.18
4377.44
4376.41
4377.44
4375.9
4374.36
4366.67
4370.26
4378.46
4380
4382.05
4378.97
4382.56
4386.15
4377.44
4375.9
4373.85
4374.87
4385.64
4381.54
4370.77
4364.62
4369.74
4381.03
4370.26
4361.03
4369.23
4374.36
4370.77
4364.62
4371.28
4379.49
4378.97
4375.38
4363.59
4366.15
4384.62
4386.15
4380.51
4372.82
4364.62
4371.79
4381.54
4382.05
4375.38
4378.97
4382.56
4370.77
4373.85
4386.15
4384.62
4380.51
4376.92
4376.92
4374.36
4370.77
4376.41
4373.33
4371.79
4385.64
4389.23
4377.95
4368.72
4375.9
4385.64
4378.97
4373.33
4368.21
4368.72
4376.92
4367.69
4357.44
4358.46
4359.49
4356.92
4349.23
4355.9
4366.67
4360.51
4357.44
4359.49
4367.69
4381.54
4380.51
4373.33
4370.26
4372.82
4373.85
4368.21
4366.67
4362.05
4365.13
4381.03
4388.72
4395.9
4397.95
4395.38
4394.87
4376.41
4361.03
4357.44
4346.15
4336.92
4332.31
4340
4358.46
4365.13
4365.64
4362.05
4366.67
4380
4373.85
4366.67
4370.26
4374.87
4378.97
4371.28
4369.74
4378.46
4375.9
4368.21
4365.64
4369.74
4370.77
4367.69
4373.85
4371.79
4365.64
4373.85
4375.9
4366.67
4362.56
4367.69
4370.77
4364.62
4362.56
4361.03
4362.05
4363.59
4349.23
4345.64
4355.38
4353.85
4352.31
4353.85
4352.31
4353.85
4359.49
4363.08
4355.38
4358.97
4369.23
4364.1
4360.51
4362.05
4368.72
4378.97
4371.28
4363.59
4366.67
4362.56
4358.97
4353.85
4352.82
4361.54
4373.85
4379.49
4365.13
4361.03
4370.26
4364.62
4361.54
4359.49
4357.95
4363.59
4364.1
4362.56
4361.03
4361.54
4364.1
4355.38
4348.21
4346.67
4345.64
4347.69
4336.41
4322.05
4324.1
4328.72
4325.13
4315.38
4321.03
4334.87
4334.87
4331.28
4324.62
4325.64
4335.38
4331.28
4327.18
4333.85
4345.13
4351.28
4337.95
4328.72
4335.9
4341.54
4342.05
4331.28
4327.69
4332.31
4331.79
4331.79
4325.13
4326.67
4340.51
4340
4330.77
4325.13
4329.23
4340.51
4341.03
4338.97
4334.87
4333.33
4341.03
4340.51
4337.95
4345.13
4353.33
4352.82
4337.44
4335.38
4350.77
4356.41
4348.21
4336.92
4343.08
4351.28
4335.9
4323.59
4322.56
4327.69
4340
4343.59
4341.54
4341.54
4342.05
4347.69
4346.15
4343.08
4349.74
4358.46
4360
4352.31
4351.79
4351.28
4341.54
4346.67
4353.85
4350.77
4346.15
4342.56
4344.62
4347.69
4349.74
4351.79
4347.18
4345.13
4346.67
4347.18
4349.23
4343.59
4345.64
4351.28
4344.62
4340
4337.44
4343.08
4348.72
4338.97
4334.36
4336.41
4343.59
4355.38
4350.26
4343.59
4348.72
4356.41
4356.92
4349.23
4347.69
4352.82
4361.03
4365.64
4356.92
4354.87
4358.97
4356.92
4355.38
4348.72
4345.64
4354.87
4361.03
4357.44
4350.26
4355.9
4363.08
4353.33
4352.82
4357.95
4356.92
4362.05
4353.33
4344.1
4350.26
4354.87
4355.38
4344.62
4340.51
4356.41
4367.18
4362.56
4351.28
4355.38
4360
4349.74
4350.77
4355.38
4355.38
4354.87
4346.67
4346.67
4350.77
4348.21
4345.64
4339.49
4340.51
4345.64
4344.62
4347.69
4341.54
4332.31
4341.54
4352.31
4353.33
4347.18
4349.74
4355.9
4352.31
4353.33
4348.72
4349.23
4364.62
4364.1
4358.46
4362.05
4368.21
4374.87
4373.33
4367.18
4364.62
4358.46
4351.28
4348.21
4359.49
4369.74
4365.13
4364.62
4366.67
4368.72
4369.74
4364.1
4365.64
4362.05
4352.82
4351.79
4345.64
4345.13
4351.79
4357.44
4361.03
4349.23
4343.59
4358.97
4369.74
4367.18
4360
4363.08
4368.72
4364.62
4365.64
4363.08
4352.82
4353.33
4356.92
4356.41
4351.28
4353.33
4364.62
4357.44
4346.67
4350.26
4356.92
4350.77
4341.03
4353.33
4363.08
4353.33
4353.33
4354.36
4349.23
4359.49
4369.23
4364.62
4352.31
4350.26
4358.46
4357.95
4357.95
4360
4366.67
4370.77
4357.95
4349.74
4348.21
4353.85
4363.08
4349.74
4342.05
4363.59
4375.38
4361.54
4347.18
4353.33
4364.1
4357.44
4355.38
4351.79
4345.13
4354.87
4363.59
4360
4349.74
4350.26
4365.13
4363.59
4356.41
4370.26
4392.82
4388.72
4362.56
4364.62
4381.54
4369.23
4355.38
4357.95
4362.05
4360
4351.79
4351.28
4354.87
4356.92
4361.03
4360.51
4357.95
4354.87
4357.95
4365.64
4358.46
4354.36
4362.05
4357.44
4349.74
4350.77
4357.44
4361.03
4361.03
4364.1
4357.44
4361.54
4376.92
4371.28
4360
4360.51
4367.69
4374.36
4370.77
4365.13
4362.56
4362.05
4362.05
4354.36
4351.28
4360
4366.15
4366.67
4351.28
4335.38
4339.49
4348.21
4348.72
4341.03
4340
4347.18
4345.13
4346.67
4345.13
4339.49
4341.54
4339.49
4341.03
4351.79
4353.85
4347.69
4338.97
4341.03
4349.23
4350.26
4350.26
4345.13
4342.05
4348.72
4350.77
4346.67
4341.54
4348.72
4355.9
4345.13
4341.54
4343.59
4338.46
4338.97
4338.46
4333.85
4335.38
4342.56
4344.62
4336.41
4334.36
4341.03
4345.64
4347.69
4341.54
4340.51
4342.56
4330.77
4332.31
4341.54
4342.56
4345.13
4341.03
4332.31
4331.79
4342.56
4349.74
4343.59
4338.97
