4147.69
4152.31
4153.85
4154.36
4148.72
4147.69
4151.79
4154.87
4158.97
4152.31
4145.64
4147.69
4147.69
4145.64
4144.62
4146.15
4147.69
4146.15
4150.77
4153.85
4151.79
4153.33
4154.87
4150.77
4142.05
4142.56
4151.28
4148.21
4145.13
4150.26
4149.74
4147.69
4144.62
4144.1
4143.59
4141.03
4143.59
4143.08
4143.59
4146.67
4143.08
4145.13
4148.72
4145.13
4143.59
4144.62
4146.15
4142.56
4138.46
4139.49
4129.23
4119.49
4119.49
4122.05
4122.56
4116.41
4118.46
4131.28
4130.77
4124.62
4125.64
4125.64
4121.54
4122.56
4127.69
4128.72
4132.82
4133.85
4122.56
4122.05
4125.64
4118.97
4116.41
4117.44
4118.97
4118.97
4114.87
4111.79
4109.74
4113.85
4118.46
4121.03
4124.62
4121.03
4119.49
4123.08
4120
4122.56
4125.13
4125.64
4127.18
4118.97
4120.51
4125.64
4118.97
4122.56
4127.18
4125.64
4121.54
4120
4125.13
4117.95
4111.28
4120
4123.59
4121.54
4115.38
4111.79
4120.51
4127.18
4128.72
4129.23
4136.41
4142.56
4137.44
4134.36
4135.38
4132.31
4130.77
4131.79
4138.46
4141.54
4140
4141.54
4134.87
4132.82
4141.03
4142.56
4141.54
4139.49
4140
4143.08
4140
4141.54
4143.08
4137.44
4134.36
4134.36
4137.95
4140
4138.46
4137.44
4129.23
4121.03
4117.44
4114.87
4114.36
4108.21
4109.74
4116.92
4109.74
4106.15
4110.77
4111.79
4110.77
4111.28
4114.36
4114.87
4115.9
4115.9
4109.23
4111.79
4117.95
4117.44
4116.92
4111.79
4109.74
4111.28
4108.21
4110.77
4114.36
4115.38
4116.41
4115.9
4121.03
4119.49
4115.9
4121.54
4123.59
4117.95
4111.28
4113.33
4114.87
4107.18
4105.64
4108.21
4106.67
4106.15
4104.62
4104.1
4109.74
4116.92
4121.03
4113.33
4109.23
4116.41
4116.41
4114.36
4116.41
4116.41
4118.46
4117.95
4118.97
4118.46
4115.38
4115.38
4112.82
4114.87
4118.46
4120
4127.69
4124.62
4121.03
4124.62
4122.56
4121.03
4113.85
4112.82
4119.49
4117.95
4115.9
4115.38
4112.82
4107.69
4104.62
4109.23
4108.21
4107.18
4114.87
4115.9
4118.46
4122.05
4116.92
4116.92
4117.44
4115.38
4119.49
4121.03
4116.41
4114.87
4118.97
4120.51
4119.49
4117.95
4111.28
4112.31
4122.56
4118.46
4109.74
4107.69
4111.79
4119.49
4113.33
4110.26
4117.44
4117.44
4116.92
4115.38
4113.33
4114.87
4117.95
4124.62
4127.18
4131.28
4134.36
4124.62
4118.97
4117.95
4116.41
4115.9
4109.74
4110.26
4115.9
4112.31
4108.72
4106.67
4111.79
4120
4116.92
4117.44
4116.92
4116.41
4120
4116.41
4113.33
4108.21
4103.59
4104.1
4106.15
4108.72
4109.23
4113.33
4114.36
4106.67
4110.77
4116.92
4115.9
4118.97
4118.97
4117.95
4118.97
4118.97
4119.49
4112.31
4110.77
4120
4116.92
4110.77
4109.74
4112.31
4114.36
4107.18
4105.13
4112.31
4121.03
4122.56
4113.33
4107.18
4102.05
4101.03
4104.62
4096.92
4096.41
4104.1
4101.03
4101.03
4108.21
4108.21
4101.03
4097.44
4105.64
4107.18
4101.03
4102.05
4103.59
4103.59
4104.1
4107.18
4109.74
4104.1
4100.51
4103.59
4108.72
4113.85
4108.72
4105.64
4110.77
4112.82
4112.31
4109.74
4109.74
4107.18
4102.56
4112.82
4115.38
4107.18
4108.72
4108.21
4106.15
4105.64
4109.74
4112.82
4106.15
4110.26
4120.51
4121.03
4119.49
4115.38
4116.92
4115.9
4105.64
4107.18
4107.18
4104.1
4107.18
4108.72
4110.77
4106.15
4101.03
4102.56
4098.46
4101.54
4105.13
4100
4102.56
4103.59
4104.1
4107.18
4110.26
4115.9
4115.9
4114.36
4116.41
4112.82
4109.74
4111.79
4117.95
4118.97
4113.33
4113.85
4111.79
4106.67
4104.1
4101.54
4102.56
4105.13
4106.67
4104.1
4096.92
4103.59
4114.36
4112.31
4109.74
4108.21
4112.31
4115.9
4112.82
4117.44
4115.9
4110.77
4113.33
4112.31
4110.26
4107.18
4106.15
4107.18
4101.03
4098.97
4101.03
4100.51
4102.05
4097.95
4098.97
4106.67
4108.72
4110.77
4112.31
4112.82
4111.79
4107.69
4106.67
4106.67
4110.77
4115.38
4113.85
4116.92
4112.31
4105.64
4113.85
4114.36
4109.74
4110.26
4111.28
4113.33
4113.85
4119.49
4122.05
4116.92
4118.97
4117.44
4110.77
4107.18
4108.21
4115.38
4114.36
4112.82
4118.97
4118.97
4116.41
4109.74
4110.26
4114.36
4105.13
4105.13
4113.85
4113.85
4113.33
4110.77
4113.85
4117.95
4114.36
4113.85
4110.26
4112.82
4120
4115.38
4112.82
4112.31
4113.85
4119.49
4116.92
4116.41
4115.38
4113.33
4117.95
4117.95
4121.54
4120
4113.85
4121.03
4117.44
4109.74
4113.85
4114.36
4114.36
4113.33
4117.44
4126.15
4125.64
4119.49
4114.87
4120
4127.69
4122.05
4118.46
4121.03
4123.59
4125.13
4118.97
4116.41
4115.9
4114.36
4115.38
4110.77
4107.69
4114.87
4119.49
4121.03
4118.97
4118.46
4120.51
4117.95
4118.97
4116.41
4112.31
4116.92
4116.92
4116.41
4118.97
4121.03
4124.1
4120.51
4117.44
4116.41
4121.54
4127.69
4116.41
4114.87
4127.18
4123.08
4119.49
4118.46
4112.31
4112.31
4111.79
4111.79
4110.26
4113.85
4123.08
4119.49
4114.36
4117.44
4120
4121.54
4118.97
4120.51
4124.1
4122.56
4122.05
4116.92
4114.87
4125.13
4128.21
4123.59
4120
4124.62
4132.82
4125.13
4121.54
4128.21
4130.26
4129.74
4130.26
4134.87
4134.87
4126.67
4126.67
4125.64
4123.08
4128.21
4127.69
4123.08
4124.62
4131.79
4135.38
4129.23
4129.23
4123.59
4115.38
4125.64
4131.79
4134.87
4140.51
4133.33
4125.13
4121.03
4125.13
4128.21
4117.95
4117.44
4122.05
4116.41
4111.79
4110.77
4115.9
4115.9
4111.28
4112.82
4116.41
4123.08
4121.54
4117.44
4126.15
4127.69
4125.64
4127.18
4127.69
4131.28
4129.74
4124.1
4125.13
4130.26
4134.87
4127.18
4128.21
4134.87
4127.18
4123.59
4121.03
4117.95
4123.08
4120.51
4118.97
4117.44
4115.9
4117.44
4113.33
4114.87
4119.49
4121.54
4124.62
4119.49
4116.41
4121.03
4126.67
4127.18
4118.97
4121.54
4129.74
4126.67
4122.05
4116.92
4112.82
4113.33
4113.85
4113.85
4109.23
4112.31
4122.56
4115.9
4109.74
4115.9
4116.92
4112.31
4110.26
4117.44
4117.44
4110.26
4114.87
4114.36
4108.21
4110.77
4115.38
4114.87
4107.69
4112.82
4118.97
4108.72
4106.15
4107.18
4108.21
4113.33
4109.74
4107.18
4108.72
4106.67
4106.67
4108.72
4112.82
4109.23
4106.15
4113.85
4112.82
4112.31
4116.92
4111.79
4111.79
4113.33
4113.33
4116.41
4115.9
4114.36
4113.33
4116.41
4122.05
4122.05
4121.03
4116.92
4115.9
4120
4114.36
4112.82
4117.44
4121.03
4127.18
4125.13
4120
4120
4115.9
4115.38
4115.9
4115.38
4116.41
4112.82
4109.74
4108.21
4110.77
4114.87
4108.72
4109.74
4118.97
4121.54
4117.95
4109.23
4112.82
4119.49
4116.41
4114.87
4111.28
4113.85
4119.49
4113.85
4111.28
4111.79
4112.82
4113.85
4110.26
4110.77
4107.69
4105.64
4114.36
4116.92
4114.36
4117.44
4121.03
4121.03
4113.85
4112.82
4113.85
4111.28
4114.36
4112.82
4114.36
4120
4116.92
4119.49
4126.67
4127.69
4125.13
4120
4117.44
4112.31
4110.77
4111.28
4105.64
4109.74
4114.36
4109.74
4110.26
4112.82
4114.87
4115.38
4112.31
4108.72
4101.54
4102.05
4108.72
4107.18
4106.15
4106.67
4112.82
4123.08
4121.54
4115.38
4112.31
4112.82
4113.33
4105.64
4106.15
4113.85
4114.87
4114.87
4112.82
4115.9
4116.92
4113.33
4116.92
4114.87
4117.95
4127.18
4121.54
4120
4125.64
4122.05
4118.97
4118.46
4116.41
4110.26
4110.26
4108.21
4098.46
4107.69
4119.49
4117.44
4119.49
4117.95
4116.41
4120.51
4117.44
4112.82
4111.28
4115.9
4117.44
4113.33
4115.38
4114.36
4112.82
4113.85
4107.69
4111.79
4117.44
4113.85
4115.38
4115.38
4114.87
4120
4122.05
4122.05
4116.41
4113.85
4115.9
4113.33
4115.9
4120
4123.59
4120.51
4115.38
4120.51
4120.51
4118.97
4124.1
4125.13
4125.13
4122.05
4118.97
4124.62
4126.15
4121.03
4122.05
4124.1
4117.95
4110.26
4115.38
4123.08
4117.95
4118.46
4123.08
4121.54
4119.49
4121.03
4127.69
4123.59
4119.49
4127.18
4125.64
4122.56
4128.72
4135.38
4137.44
4125.13
4116.92
4121.54
4127.18
4126.67
4114.36
4112.31
4120
4120
4120
4118.97
4117.44
4123.08
4124.1
4119.49
4112.82
4111.79
4116.92
4114.87
4110.26
4106.15
4109.74
4114.87
4103.59
4103.08
4115.38
4113.33
4110.26
4111.28
4113.33
4116.92
4112.31
4107.69
4108.72
4112.82
4112.82
4110.26
4116.92
4117.95
4119.49
4124.62
4113.33
4114.87
4127.69
4125.13
4122.05
4122.56
4123.08
4124.1
4125.64
4127.18
4120
4118.97
4127.18
4125.64
4125.13
4123.59
4117.44
4114.87
4113.33
4117.44
4121.03
4117.95
4117.44
4115.9
4114.36
4109.23
4107.18
4111.28
4104.62
4098.46
4100
4099.49
4105.13
4110.26
4112.31
4117.95
4119.49
4118.46
4115.9
4118.97
4121.54
4113.85
4110.77
4115.38
4119.49
4117.95
4108.72
4113.85
4122.05
4118.46
4118.97
4117.95
4116.41
4122.05
4123.08
4121.54
4123.08
4127.18
4128.21
4122.05
4120
4121.03
4125.64
4130.77
4122.56
4115.9
4113.85
4113.85
4118.97
4115.38
4113.33
4115.9
4114.36
4115.9
4115.38
4115.38
4117.44
4117.95
4122.05
4122.56
4121.54
4127.69
4126.67
4121.54
4120
4123.59
4126.15
4115.38
4108.72
4114.87
4122.05
4121.54
4112.82
4115.9
4123.59
4122.05
4118.97
4111.79
4112.82
4116.92
4110.26
4109.23
4109.74
4109.23
4118.46
4123.59
4120.51
4116.41
4119.49
4126.67
4126.15
4127.69
4127.18
4118.46
4114.36
4114.87
4114.87
4112.31
4107.69
4109.23
4110.26
4113.33
4116.92
4113.85
4108.21
4102.56
4103.08
4107.69
4105.64
4105.13
4104.1
4104.1
4113.33
4112.82
4106.67
4108.72
4112.31
4113.85
4105.64
4102.56
4108.21
4106.67
4104.1
4100
4101.03
4106.67
4106.15
4107.69
4107.18
4107.69
4109.74
4105.64
4105.64
4105.64
4103.59
4106.67
4105.13
4105.64
4107.69
4107.69
4109.74
4111.28
4110.77
4107.18
4104.62
4107.18
4103.59
4104.62
4113.33
4109.74
4104.1
4104.62
4108.72
4111.28
4105.64
4104.62
4104.62
4101.03
4106.15
4106.15
4101.54
4101.54
4107.18
4111.79
4105.13
4104.62
4111.28
4107.69
4104.1
4103.59
4106.67
4110.77
4108.72
4110.77
4110.77
4110.77
4111.28
4106.67
4113.33
4121.03
4117.44
4120
4122.56
4119.49
4121.54
4126.15
4123.08
4116.41
4124.62
4132.82
4126.15
4123.59
4121.03
4114.87
4116.92
4118.46
4115.38
4109.74
4108.21
4114.36
4117.44
4121.03
4121.03
4116.92
4115.9
4107.18
4101.54
4106.67
4116.41
4127.69
4123.08
4117.95
4125.64
4125.13
4120.51
4122.05
4128.72
4133.33
4129.23
4127.18
4125.64
4122.56
4122.56
4119.49
4119.49
4121.54
4122.56
4124.1
4122.05
4123.08
4125.64
4123.08
4118.46
4106.67
4104.62
4116.41
4116.92
4119.49
4126.15
4132.82
4141.03
4142.05
4146.15
4153.33
4156.92
4155.9
4150.26
4153.33
4155.9
4153.33
4157.44
4150.77
4142.56
4143.59
4142.56
4140.51
4137.95
4142.05
4149.23
4146.15
4143.08
4140.51
4142.56
4147.18
4139.49
4135.9
4138.97
4141.54
4142.56
4136.41
4139.49
4148.21
4145.13
4140.51
4138.97
4142.05
4142.56
4137.44
4136.41
4134.87
4134.87
4140
4140.51
4140.51
4140
4141.54
4145.64
4137.44
4128.72
4127.18
4131.79
4137.95
4134.87
4133.85
4138.97
4138.97
4138.97
4133.85
4133.85
4141.03
4143.08
4143.59
4136.41
4130.26
4137.44
4142.05
4142.05
4137.44
4133.85
4132.31
4127.69
4133.33
4138.97
4141.03
4147.69
4143.08
4133.85
4135.38
4139.49
4137.44
4132.82
4137.44
4145.13
4142.56
4140
4136.41
4133.85
4135.9
4133.85
4134.36
4135.38
4135.38
4136.41
4133.33
4133.85
4136.92
4135.38
4131.28
4128.21
4135.9
4138.97
4135.38
4138.46
4131.28
4122.05
4125.64
4127.69
4123.59
4115.9
4116.41
4122.56
4119.49
4121.54
4127.69
4123.08
4117.95
4117.44
4120.51
4117.95
4113.33
4114.87
4112.31
4115.9
4125.13
4124.62
4125.64
4125.13
4123.08
4122.56
4120.51
4122.05
4122.56
4127.18
4134.87
4130.77
4128.72
4131.28
4130.26
4129.74
4127.69
4130.26
4133.85
4130.26
4126.15
4120.51
4123.59
4131.79
4129.74
4124.1
4122.05
4129.23
4136.92
4134.87
4134.87
4133.85
4132.31
4132.31
4125.64
4126.67
4127.18
4123.08
4124.1
4122.05
4122.56
4123.08
4117.95
4120.51
4116.92
4115.9
4122.56
4121.54
4118.97
4117.95
4119.49
4117.44
4109.23
4113.33
4121.03
4121.54
4121.54
4120
4123.59
4130.26
4132.82
4132.31
4129.23
4134.87
4137.44
4129.74
4131.79
4131.79
4129.74
4134.36
4129.74
4125.64
4127.18
4126.67
4126.15
4128.21
4133.33
4130.26
4130.77
4136.41
4129.23
4129.74
4135.9
4131.28
4126.15
4120
4117.44
4118.97
4123.59
4129.23
4124.1
4120
4124.1
4126.15
4129.23
4128.21
4128.21
4132.31
4130.26
4127.18
4126.67
4128.72
4125.64
4116.41
4122.05
4128.72
4123.08
4124.1
4122.05
4120.51
4125.64
4124.62
4120
4115.38
4116.41
4123.08
4124.1
4123.08
4117.95
4115.38
4115.38
4113.85
4117.95
4115.9
4114.87
4123.59
4123.08
4121.03
4118.97
4116.41
4122.05
4124.62
4129.23
4137.44
4134.87
4131.28
4129.23
4133.85
4139.49
4136.41
4135.38
4129.74
4126.67
4130.26
4125.13
4120
4122.56
4129.23
4132.82
4122.56
4120
4127.18
4126.15
4128.21
4128.72
4127.18
4127.18
4127.69
4130.77
4126.67
4127.18
4131.79
4126.15
4122.56
4127.18
4131.79
4131.28
4125.13
4126.67
4128.72
4128.21
4131.28
4126.15
4122.56
4129.74
4137.44
4134.87
4121.54
4123.59
4134.36
4129.74
4127.69
4130.77
4132.82
4131.79
4126.67
4129.74
4131.79
4128.72
4126.67
4124.62
4127.69
4130.26
4129.74
4130.77
4123.59
4117.44
4120
4122.56
4121.03
4116.92
4121.03
4128.21
4125.13
4123.59
4124.62
4125.64
4125.13
4122.56
4126.67
4128.72
4123.08
4119.49
4120
4124.62
4125.13
4127.18
4135.38
4132.31
4132.31
4135.9
4130.77
4130.26
4130.77
4129.74
4132.82
4132.31
4129.74
4127.69
4131.28
4139.49
4137.44
4137.95
4142.56
4138.46
4133.33
4131.28
4135.9
4138.97
4137.44
4135.9
4130.26
4131.79
4135.9
4134.87
4136.41
4129.23
4120.51
4124.62
4130.77
4134.36
4132.82
4128.21
4125.64
4125.13
4130.26
4128.72
4121.03
4123.59
4127.18
4126.67
4121.54
4118.97
4124.62
4122.05
4120
4123.59
4124.1
4123.08
4118.97
4120.51
4127.18
4125.64
4122.05
4121.03
4127.69
4131.28
4118.97
4115.38
4118.46
4111.28
4110.77
4114.87
4117.44
4121.03
4122.05
4122.56
4120
4121.54
4126.67
4124.62
4123.08
4124.1
4125.13
4123.59
4118.97
4120
4117.95
4118.46
4127.18
4134.36
4141.54
4141.54
4139.49
4137.95
4126.15
4118.46
4114.36
4105.13
4103.59
4105.64
4112.82
4120
4120
4123.59
4122.05
4122.05
4130.77
4131.79
4129.23
4128.21
4130.77
4133.33
4125.64
4121.03
4125.13
4123.59
4121.03
4123.08
4130.26
4130.26
4124.62
4129.74
4127.69
4123.08
4128.21
4128.21
4123.59
4121.54
4122.56
4122.05
4120
4117.95
4115.38
4119.49
4121.03
4111.28
4109.23
4113.85
4113.85
4117.95
4118.97
4116.41
4115.9
4117.44
4116.92
4110.77
4113.33
4118.46
4113.85
4112.82
4118.97
4124.62
4125.13
4116.41
4115.38
4121.54
4121.54
4120
4116.92
4118.46
4124.62
4128.21
4127.18
4118.97
4118.97
4122.56
4115.9
4113.33
4111.28
4109.23
4112.31
4116.41
4124.62
4125.64
4121.54
4123.59
4120.51
4114.36
4109.74
4107.69
4107.18
4097.44
4090.77
4093.33
4095.38
4093.85
4087.69
4090.77
4096.92
4100.51
4107.18
4102.05
4094.36
4097.44
4094.36
4091.79
4097.95
4106.15
4106.67
4101.03
4103.59
4107.18
4105.13
4105.13
4098.97
4092.82
4094.87
4097.95
4097.95
4091.79
4094.36
4103.08
4102.56
4097.95
4090.26
4090.77
4099.49
4102.56
4103.59
4098.97
4096.41
4106.15
4108.72
4104.62
4108.21
4113.85
4112.82
4105.64
4107.69
4112.82
4110.77
4106.15
4100.51
4101.54
4101.54
4091.28
4090.26
4093.33
4091.79
4096.41
4101.03
4101.54
4100
4102.05
4104.62
4101.03
4103.08
4109.23
4109.74
4107.18
4103.59
4106.67
4108.21
4103.59
4107.18
4112.31
4113.33
4112.82
4109.74
4111.79
4114.36
4112.31
4113.33
4111.79
4110.26
4110.26
4109.74
4110.26
4111.28
4117.95
4116.92
4110.77
4113.33
4110.77
4110.26
4112.31
4108.72
4108.72
4108.21
4110.26
4115.9
4109.74
4105.13
4110.77
4116.41
4116.92
4112.82
4107.69
4107.18
4114.36
4120
4115.38
4114.87
4117.95
4114.87
4112.31
4107.69
4106.15
4108.21
4108.72
4112.31
4110.77
4108.72
4111.28
4110.26
4111.79
4112.82
4112.31
4114.36
4107.69
4105.13
4110.26
4114.36
4115.9
4108.72
4108.72
4120.51
4125.13
4120
4113.85
4118.97
4121.54
4113.33
4114.36
4117.44
4116.41
4115.38
4112.31
4112.82
4112.82
4107.69
4104.1
4104.1
4108.21
4109.23
4107.69
4111.28
4104.1
4097.95
4106.15
4113.33
4117.95
4116.41
4110.77
4109.23
4108.72
4109.23
4103.08
4105.64
4114.87
4108.72
4106.67
4111.79
4110.77
4110.26
4112.31
4113.33
4110.77
4109.23
4109.74
4108.21
4112.31
4117.44
4117.95
4120
4119.49
4117.44
4115.38
4114.87
4121.54
4118.46
4109.74
4108.72
4107.18
4109.23
4110.77
4110.26
4110.77
4107.18
4109.74
4117.44
4117.44
4114.87
4110.77
4111.79
4115.9
4115.38
4117.44
4118.46
4112.82
4110.77
4115.9
4117.44
4109.74
4115.38
4128.21
4119.49
4108.21
4110.26
4111.28
4106.67
4104.1
4112.31
4117.44
4110.77
4107.18
4106.67
4108.21
4111.79
4115.9
4123.08
4116.92
4107.18
4112.31
4113.33
4109.74
4110.26
4112.31
4110.26
4107.69
4112.82
4112.31
4108.21
4114.36
4110.26
4105.64
4115.38
4124.1
4119.49
4110.77
4115.9
4119.49
4113.85
4112.82
4107.18
4100.51
4106.67
4112.31
4108.72
4101.54
4103.59
4112.31
4110.77
4109.74
4121.03
4129.23
4123.59
4110.77
4117.44
4132.82
4130.26
4123.59
4121.54
4123.59
4120
4111.79
4114.36
4116.41
4114.36
4118.46
4121.54
4119.49
4117.44
4117.95
4119.49
4117.95
4117.95
4116.92
4107.18
4100.51
4100.51
4107.18
4114.36
4112.31
4110.77
4109.74
4110.77
4113.33
4110.77
4111.28
4107.18
4102.56
4108.72
4109.23
4104.1
4100.51
4099.49
4100
4097.95
4100.51
4107.18
4111.28
4111.79
4104.1
4097.44
4096.92
4098.97
4101.54
4096.41
4096.92
4105.13
4103.08
4102.05
4100.51
4093.33
4094.36
4100.51
4102.56
4098.97
4097.44
4100.51
4094.87
4088.72
4094.36
4098.97
4096.92
4091.79
4092.31
4095.38
4094.87
4095.38
4095.38
4101.03
4104.1
4097.44
4099.49
4105.13
4104.1
4105.13
4105.64
4104.62
4101.54
4097.95
4098.46
4095.38
4094.36
4095.38
4096.41
4102.56
4101.03
4096.92
4098.46
4091.79
4089.23
4094.36
4095.38
4092.82
4091.79
4093.33
4096.41
4104.62
4108.21
4102.56
4099.49
