4213.85
4219.49
4221.03
4218.97
4210.26
4210.77
4216.92
4216.92
4223.59
4221.03
4212.82
4213.85
4211.28
4208.72
4208.21
4207.18
4206.15
4202.56
4204.1
4203.08
4203.08
4208.21
4207.18
4202.05
4192.82
4190.26
4197.95
4194.87
4190.26
4192.31
4190.26
4190.26
4190.26
4191.28
4189.74
4187.18
4193.85
4195.9
4196.41
4197.95
4190.26
4188.72
4193.33
4190.77
4188.21
4184.62
4182.56
4177.95
4170.77
4161.54
4140.51
4125.13
4120.51
4114.87
4113.85
4108.21
4113.85
4131.28
4131.28
4125.13
4128.21
4127.18
4123.08
4124.62
4128.72
4128.21
4133.85
4136.92
4120
4113.33
4116.92
4111.79
4108.21
4107.18
4114.36
4118.46
4108.72
4102.56
4098.46
4100
4108.72
4111.79
4114.36
4116.92
4116.41
4113.33
4109.74
4118.97
4118.97
4115.9
4123.08
4113.33
4115.38
4125.64
4122.56
4127.69
4133.85
4136.41
4131.28
4123.08
4129.74
4126.67
4114.87
4117.95
4122.05
4127.69
4124.62
4114.87
4123.08
4138.97
4151.79
4158.46
4165.13
4171.79
4164.62
4158.46
4160
4160.51
4156.41
4154.87
4165.64
4167.69
4164.1
4170.26
4164.62
4161.54
4174.36
4176.41
4173.33
4167.69
4163.08
4166.15
4164.62
4166.15
4168.21
4163.08
4160.51
4160
4166.67
4167.69
4160.51
4159.49
4150.26
4135.38
4125.64
4117.95
4113.33
4107.18
4111.28
4117.95
4108.21
4107.18
4114.87
4112.82
4107.18
4104.62
4107.69
4112.82
4117.95
4117.44
4109.23
4114.87
4128.72
4130.77
4128.21
4123.08
4123.59
4126.15
4120.51
4122.56
4128.72
4130.77
4128.72
4124.62
4131.28
4130.77
4124.62
4128.72
4128.72
4125.13
4123.59
4123.59
4125.64
4120
4118.46
4121.03
4118.97
4122.05
4122.05
4121.54
4125.13
4125.64
4127.18
4121.03
4115.9
4123.59
4125.64
4123.08
4119.49
4117.95
4120
4116.92
4122.56
4130.26
4123.08
4115.38
4112.82
4122.05
4125.13
4118.46
4129.74
4134.36
4129.74
4132.31
4129.23
4127.18
4123.59
4125.64
4132.82
4131.79
4133.85
4133.85
4129.74
4126.67
4123.59
4122.56
4117.95
4120
4129.74
4128.72
4130.77
4138.46
4135.38
4134.36
4131.28
4131.28
4135.38
4130.77
4125.13
4125.13
4130.26
4135.38
4132.82
4133.33
4133.85
4134.87
4141.54
4143.59
4142.05
4135.9
4134.87
4145.13
4138.46
4132.31
4142.05
4145.13
4146.67
4143.08
4139.49
4142.56
4142.05
4146.15
4149.23
4156.92
4160.51
4146.15
4141.03
4142.56
4139.49
4139.49
4133.85
4135.38
4142.05
4136.92
4131.79
4127.69
4132.31
4143.08
4144.62
4145.13
4140.51
4140
4148.21
4142.05
4134.36
4131.79
4128.21
4125.64
4123.08
4127.18
4128.72
4132.31
4138.97
4132.82
4129.23
4127.69
4125.64
4134.36
4130.77
4127.18
4132.82
4129.74
4127.18
4122.56
4120.51
4128.21
4128.72
4123.59
4120.51
4126.15
4129.74
4114.87
4111.79
4124.1
4131.79
4134.36
4129.23
4119.49
4107.69
4105.64
4115.9
4109.23
4102.05
4109.74
4112.31
4113.33
4117.44
4120.51
4113.33
4104.62
4115.38
4125.13
4120.51
4123.59
4124.62
4121.03
4121.54
4128.21
4132.31
4123.08
4117.44
4120
4122.05
4125.64
4122.56
4119.49
4122.05
4125.64
4130.26
4125.13
4127.18
4128.21
4111.28
4116.41
4136.92
4134.87
4127.18
4128.21
4132.31
4128.21
4128.72
4133.85
4126.15
4133.85
4147.18
4140.51
4143.08
4146.67
4145.64
4144.1
4133.33
4130.26
4132.31
4133.33
4136.92
4136.41
4139.49
4131.79
4125.13
4132.31
4129.23
4128.72
4131.28
4128.72
4134.36
4133.33
4132.31
4137.95
4144.1
4153.33
4150.26
4144.62
4146.67
4140
4138.46
4144.62
4151.28
4153.85
4149.23
4148.21
4145.64
4139.49
4137.95
4136.92
4139.49
4140
4132.82
4125.64
4120
4130.26
4141.03
4135.38
4132.82
4133.85
4138.97
4141.54
4137.95
4145.13
4145.64
4143.08
4149.23
4148.21
4143.59
4136.92
4131.28
4133.33
4128.21
4127.18
4127.18
4122.56
4128.21
4127.18
4125.64
4134.87
4142.05
4145.13
4146.15
4147.69
4145.13
4137.44
4135.9
4137.44
4142.56
4148.21
4144.1
4147.18
4146.67
4138.97
4145.13
4146.67
4144.62
4144.62
4143.08
4145.64
4148.21
4157.44
4164.1
4159.49
4158.97
4154.36
4147.69
4142.05
4135.9
4148.72
4153.33
4146.15
4153.33
4154.87
4149.74
4145.13
4146.15
4147.18
4135.9
4137.95
4150.26
4149.23
4147.69
4147.69
4152.82
4157.44
4155.9
4161.03
4156.92
4155.38
4165.64
4157.95
4150.77
4154.87
4164.1
4170.26
4163.08
4163.08
4162.05
4157.95
4165.64
4163.08
4167.18
4173.33
4169.23
4169.23
4157.95
4151.28
4157.95
4157.44
4161.03
4161.54
4162.05
4170.77
4169.74
4162.05
4157.95
4161.54
4167.18
4162.56
4163.08
4166.67
4168.72
4173.33
4164.1
4154.36
4154.87
4154.87
4151.28
4136.92
4136.41
4150.26
4153.33
4153.85
4152.82
4154.36
4157.95
4153.85
4155.38
4152.82
4147.18
4153.85
4155.9
4161.54
4171.28
4168.72
4166.67
4165.64
4165.13
4161.54
4165.13
4177.44
4167.18
4163.08
4178.46
4174.36
4168.21
4167.18
4159.49
4156.92
4156.92
4157.95
4155.9
4163.59
4179.49
4171.28
4162.56
4168.21
4167.69
4168.21
4169.74
4170.26
4172.31
4171.28
4172.82
4168.21
4163.08
4171.28
4175.9
4171.79
4166.15
4173.33
4185.64
4176.41
4175.38
4184.62
4178.97
4178.46
4183.08
4186.15
4182.56
4173.85
4176.92
4175.9
4171.79
4176.92
4174.36
4170.26
4170.26
4176.92
4181.54
4175.38
4176.41
4172.82
4163.59
4175.38
4180.51
4179.49
4189.23
4184.1
4169.74
4163.08
4169.23
4171.79
4163.59
4168.72
4170.26
4161.03
4157.44
4153.85
4158.97
4160
4152.31
4158.46
4162.56
4166.15
4169.74
4168.21
4171.79
4171.28
4170.26
4170.26
4167.69
4171.28
4171.79
4173.85
4175.38
4173.33
4179.49
4178.46
4180.51
4184.62
4175.38
4172.82
4170.77
4167.69
4171.28
4168.21
4169.23
4166.67
4160
4163.08
4160.51
4161.54
4168.72
4170.26
4172.31
4167.18
4163.59
4170.26
4175.38
4169.74
4160
4170.26
4183.08
4174.36
4167.18
4162.05
4158.97
4163.08
4163.59
4164.1
4165.64
4169.74
4173.85
4164.1
4162.56
4168.21
4166.67
4162.05
4155.38
4162.05
4167.18
4158.46
4161.03
4162.56
4158.97
4160
4162.56
4163.08
4152.82
4159.49
4173.33
4161.03
4154.87
4157.95
4161.03
4167.18
4163.08
4165.13
4169.23
4162.05
4163.59
4168.72
4164.62
4155.38
4158.46
4175.38
4172.82
4170.26
4176.92
4170.77
4169.23
4174.36
4176.41
4177.95
4174.87
4173.33
4171.28
4173.33
4183.08
4186.15
4183.08
4176.41
4175.38
4178.97
4167.69
4162.56
4170.26
4175.9
4183.08
4178.97
4174.36
4175.38
4166.15
4165.64
4171.79
4172.31
4170.26
4163.59
4163.08
4164.62
4169.23
4173.85
4161.54
4156.41
4166.15
4173.85
4174.87
4164.62
4168.21
4175.38
4167.18
4166.67
4165.13
4162.05
4164.62
4162.05
4165.13
4165.64
4163.59
4163.59
4157.95
4159.49
4162.56
4163.59
4168.72
4167.69
4167.69
4166.67
4166.67
4170.77
4165.13
4162.05
4163.08
4160.51
4163.59
4167.18
4170.77
4175.38
4170.26
4169.23
4174.87
4181.03
4181.03
4169.74
4164.1
4160.51
4152.31
4149.74
4144.1
4146.67
4153.85
4150.26
4151.79
4154.36
4156.92
4158.46
4152.82
4149.23
4141.03
4143.08
4155.38
4149.74
4144.62
4152.82
4167.18
4175.9
4166.67
4160
4161.03
4160.51
4160
4152.82
4153.33
4161.03
4161.03
4160.51
4160.51
4166.15
4164.1
4156.41
4162.05
4163.08
4166.67
4173.85
4162.05
4158.97
4163.08
4158.46
4153.85
4149.74
4150.77
4150.26
4145.13
4138.97
4134.36
4148.72
4161.54
4160
4167.18
4166.15
4157.44
4157.95
4157.95
4155.9
4153.85
4160.51
4164.1
4153.33
4152.82
4152.31
4151.79
4151.79
4140.51
4144.62
4158.97
4157.95
4155.9
4154.36
4157.44
4164.62
4164.1
4162.56
4157.95
4161.03
4165.64
4161.54
4164.62
4166.15
4168.72
4170.77
4162.05
4160
4158.97
4158.97
4164.62
4166.67
4171.28
4172.82
4165.13
4164.1
4164.62
4162.56
4164.62
4162.56
4153.33
4145.13
4152.31
4158.46
4150.26
4151.79
4156.92
4152.82
4151.79
4152.82
4155.38
4151.79
4151.79
4159.49
4153.33
4150.77
4157.44
4161.03
4163.59
4152.82
4144.1
4147.69
4150.77
4151.79
4143.59
4144.1
4151.28
4145.13
4147.18
4150.77
4145.13
4152.82
4163.08
4157.44
4140.51
4138.97
4151.28
4146.15
4135.38
4133.33
4136.41
4140
4131.28
4135.9
4149.74
4145.64
4142.05
4143.08
4146.67
4151.79
4144.1
4138.46
4143.59
4151.79
4149.74
4141.54
4151.79
4155.9
4150.77
4154.36
4147.18
4149.74
4164.1
4164.62
4160
4151.79
4152.82
4161.03
4160.51
4158.97
4154.36
4148.72
4150.77
4150.26
4153.33
4151.28
4142.56
4135.38
4128.72
4136.41
4143.08
4137.95
4138.46
4136.41
4136.41
4135.38
4129.23
4131.79
4131.28
4123.08
4114.87
4118.97
4135.9
4139.49
4142.05
4153.85
4149.74
4146.15
4146.67
4146.67
4146.67
4137.44
4134.87
4143.59
4148.72
4147.69
4138.97
4142.05
4151.79
4151.28
4156.41
4157.95
4158.46
4164.1
4160
4152.82
4155.38
4163.59
4163.59
4154.36
4152.82
4153.33
4158.97
4169.23
4162.05
4156.41
4156.41
4155.9
4162.05
4155.38
4149.23
4151.28
4144.62
4141.03
4141.03
4148.21
4154.36
4149.74
4154.87
4162.05
4160.51
4160.51
4155.9
4155.38
4151.28
4149.23
4154.87
4147.69
4142.56
4153.33
4163.08
4160.51
4151.28
4158.97
4168.21
4166.15
4166.15
4158.97
4156.92
4164.62
4156.41
4150.26
4150.77
4148.72
4153.85
4159.49
4159.49
4153.33
4152.31
4159.49
4159.49
4163.59
4161.03
4146.67
4147.69
4152.31
4151.79
4149.23
4140.51
4140
4146.67
4153.85
4155.9
4148.21
4145.13
4140.51
4138.97
4143.59
4141.03
4140.51
4140
4137.95
4147.69
4150.26
4145.13
4144.62
4150.26
4157.44
4151.28
4150.26
4154.36
4148.21
4144.62
4142.56
4146.67
4152.31
4147.18
4147.18
4148.21
4145.13
4145.13
4141.54
4138.97
4133.85
4131.28
4141.03
4141.54
4145.13
4152.82
4149.74
4153.85
4160
4155.9
4149.23
4149.74
4155.9
4150.77
4149.23
4160.51
4160.51
4156.92
4158.97
4162.05
4164.62
4156.92
4153.85
4152.82
4146.67
4151.79
4153.33
4148.21
4145.64
4150.26
4154.36
4143.59
4142.56
4153.33
4150.77
4143.59
4139.49
4142.05
4146.67
4143.08
4147.69
4149.23
4148.21
4150.26
4147.18
4154.87
4160.51
4156.41
4166.15
4171.28
4168.21
4174.87
4177.95
4173.33
4172.31
4181.03
4185.13
4176.92
4176.41
4175.38
4170.77
4173.85
4173.33
4172.31
4167.18
4163.59
4172.82
4173.33
4173.33
4177.95
4174.87
4170.77
4159.49
4150.77
4152.31
4163.59
4182.05
4184.1
4181.03
4187.18
4186.15
4180.51
4176.41
4183.08
4195.38
4191.28
4190.26
4195.38
4190.77
4185.64
4181.54
4180
4176.92
4171.79
4178.97
4183.08
4180
4180
4180
4175.38
4158.46
4150.77
4162.56
4172.82
4185.64
4197.44
4209.74
4225.64
4235.9
4248.21
4256.92
4260.51
4260.51
4250.26
4255.9
4265.13
4258.46
4262.05
4260
4249.74
4245.13
4240.51
4242.56
4239.49
4236.92
4241.03
4238.46
4237.95
4236.92
4234.87
4237.95
4232.82
4225.13
4222.05
4225.13
4232.31
4226.67
4227.18
4239.49
4240.51
4230.26
4222.05
4231.28
4236.41
4222.56
4221.03
4222.56
4217.95
4218.46
4218.97
4224.1
4225.13
4225.64
4230.26
4218.97
4204.62
4206.15
4210.77
4211.28
4207.18
4208.72
4212.82
4213.33
4216.41
4209.74
4204.62
4212.82
4214.36
4210.77
4198.46
4193.33
4203.59
4208.21
4212.31
4208.72
4202.05
4200.51
4193.85
4195.9
4203.08
4207.18
4215.38
4209.74
4200.51
4203.08
4203.59
4200
4195.38
4202.05
4208.21
4198.46
4197.44
4203.08
4205.64
4208.72
4203.59
4203.59
4208.21
4206.15
4204.1
4202.05
4205.13
4208.72
4207.69
4207.69
4203.59
4207.18
4210.77
4202.05
4194.36
4180
4169.74
4170.77
4168.72
4163.08
4149.74
4143.59
4150.77
4151.79
4157.44
4166.15
4158.97
4150.77
4153.33
4161.03
4157.95
4147.18
4145.13
4141.03
4142.56
4149.74
4150.77
4154.36
4150.26
4147.18
4151.79
4149.23
4149.74
4153.33
4155.9
4160.51
4157.44
4157.95
4158.46
4156.41
4160
4159.49
4163.08
4167.18
4161.54
4160.51
4154.36
4154.36
4166.15
4162.56
4146.15
4143.08
4165.64
4185.64
4186.67
4196.92
4204.1
4201.54
4206.67
4202.56
4196.41
4195.9
4195.9
4197.95
4191.79
4190.26
4189.74
4187.18
4193.85
4189.23
4186.15
4193.33
4189.74
4188.72
4188.72
4186.15
4182.56
4173.85
4178.97
4191.28
4191.79
4185.64
4181.54
4189.23
4195.38
4194.87
4196.41
4193.85
4201.03
4206.67
4195.9
4194.36
4192.82
4188.72
4191.28
4187.69
4186.67
4180.51
4172.82
4176.41
4178.46
4180.51
4180
4181.54
4182.05
4175.9
4185.13
4191.28
4181.03
4181.03
4177.95
4167.69
4166.67
4168.72
4172.31
4170.77
4169.74
4172.31
4174.36
4178.97
4181.03
4185.13
4192.82
4190.26
4187.18
4186.67
4185.13
4176.92
4164.1
4172.31
4181.03
4171.28
4173.33
4174.36
4169.23
4172.31
4170.77
4165.64
4164.1
4172.82
4182.05
4176.41
4172.82
4171.28
4169.74
4169.74
4164.1
4167.69
4171.79
4167.69
4169.74
4167.69
4168.72
4168.21
4164.1
4170.26
4174.36
4185.64
4197.95
4188.72
4183.08
4183.59
4186.67
4192.82
4188.72
4186.67
4184.62
4184.62
4186.67
4177.44
4175.38
4178.97
4178.46
4179.49
4172.31
4170.26
4177.95
4177.44
4177.95
4176.92
4178.46
4179.49
4175.38
4178.46
4180.51
4181.03
4184.1
4176.41
4174.36
4177.44
4179.49
4184.62
4181.54
4178.97
4179.49
4182.56
4187.18
4180
4177.44
4184.1
4184.62
4182.05
4172.31
4169.74
4178.97
4176.92
4175.38
4179.49
4181.03
4177.95
4173.33
4178.46
4175.38
4169.23
4173.33
4171.79
4175.9
4179.49
4176.92
4183.08
4178.46
4167.69
4167.69
4168.72
4165.13
4161.03
4168.72
4181.54
4180.51
4180
4183.08
4183.08
4177.44
4170.26
4176.92
4179.49
4171.28
4168.21
4166.67
4172.31
4175.9
4173.85
4181.03
4182.05
4181.54
4185.64
4180
4174.36
4172.31
4173.85
4176.41
4172.31
4170.77
4167.69
4171.28
4183.59
4179.49
4178.97
4186.67
4185.13
4184.1
4186.67
4194.87
4196.92
4191.28
4187.18
4175.9
4173.33
4184.62
4187.18
4183.59
4176.92
4171.79
4172.31
4175.38
4184.62
4186.15
4177.95
4172.82
4167.69
4171.79
4176.92
4173.85
4175.38
4178.97
4178.97
4174.36
4172.31
4178.97
4173.33
4170.26
4180
4175.38
4166.67
4166.15
4172.31
4177.44
4174.36
4174.87
4169.23
4167.69
4174.36
4166.67
4160
4160.51
4156.41
4153.85
4153.33
4161.03
4166.67
4160
4156.92
4160
4165.64
4169.23
4162.56
4163.59
4167.18
4166.15
4161.54
4156.41
4156.92
4156.41
4164.62
4176.92
4179.49
4189.74
4193.85
4188.72
4188.21
4173.33
4160
4153.85
4141.03
4134.87
4132.31
4141.03
4156.92
4156.92
4157.44
4156.92
4157.44
4163.59
4158.46
4155.38
4158.46
4160.51
4162.05
4153.85
4153.33
4160
4153.33
4146.15
4148.72
4155.38
4153.85
4145.64
4149.74
4154.87
4152.82
4151.79
4153.85
4155.38
4148.21
4145.64
4147.18
4143.08
4143.08
4145.13
4149.23
4149.23
4133.85
4129.23
4137.95
4136.92
4140
4145.64
4143.59
4141.03
4140.51
4144.62
4144.1
4146.15
4152.82
4147.18
4145.64
4154.36
4162.05
4160.51
4150.26
4150.77
4153.85
4148.21
4144.62
4141.54
4146.67
4156.92
4162.05
4164.62
4156.41
4155.38
4160
4152.31
4153.33
4155.38
4151.28
4154.36
4158.46
4164.1
4165.64
4161.03
4158.46
4149.23
4144.1
4136.92
4123.08
4116.41
4102.56
4086.67
4081.54
4080
4078.46
4072.31
4075.9
4082.05
4080
4087.69
4088.21
4081.03
4083.08
4082.05
4085.13
4093.85
4098.97
4098.97
4093.33
4094.36
4096.92
4097.44
4099.49
4089.23
4084.62
4088.72
4088.21
4088.72
4082.56
4082.05
4091.79
4091.79
4086.15
4079.49
4078.46
4087.18
4092.82
4096.92
4095.38
4093.85
4102.56
4105.64
4103.59
4107.18
4113.33
4113.85
4101.54
4101.54
4112.82
4111.28
4103.59
4098.97
4099.49
4098.46
4091.28
4087.69
4084.62
4087.18
4101.03
4107.18
4108.21
4108.72
4109.23
4113.33
4107.69
4106.15
4116.92
4120.51
4117.95
4114.87
4116.41
4112.82
4105.64
4112.82
4122.05
4124.62
4121.54
4113.85
4119.49
4127.18
4127.69
4127.18
4124.62
4126.67
4125.64
4118.46
4118.97
4125.13
4131.79
4127.69
4120
4126.67
4127.18
4124.62
4129.23
4125.13
4120.51
4117.95
4123.59
4131.79
4122.05
4119.49
4130.77
4135.38
4133.85
4131.79
4132.31
4129.23
4129.74
4133.85
4131.79
4130.77
4129.74
4125.64
4127.18
4123.08
4118.46
4120.51
4121.03
4123.59
4118.46
4115.38
4118.46
4117.95
4124.1
4126.15
4125.64
4129.23
4122.56
4120
4126.67
4126.67
4122.56
4113.33
4112.31
4126.15
4135.38
4134.36
4126.67
4128.72
4133.33
4127.18
4127.18
4131.28
4132.31
4127.69
4116.92
4120
4127.69
4123.59
4116.92
4115.38
4122.05
4123.08
4117.95
4121.03
4113.85
4102.56
4107.18
4115.9
4124.1
4121.54
4119.49
4121.54
4116.41
4115.38
4114.36
4117.95
4127.18
4125.64
4126.15
4128.21
4126.15
4129.74
4130.26
4129.23
4130.26
4127.69
4126.15
4125.13
4132.31
4137.44
4131.28
4135.38
4142.05
4137.44
4129.23
4126.67
4136.41
4135.38
4124.1
4120.51
4117.44
4124.1
4131.79
4129.23
4125.13
4121.54
4125.13
4132.82
4133.85
4131.28
4125.13
4127.69
4131.79
4128.72
4131.79
4130.77
4123.08
4121.54
4125.64
4130.77
4126.67
4124.62
4132.31
4129.74
4125.13
4125.13
4123.08
4120.51
4117.95
4125.13
4132.31
4126.67
4124.62
4122.05
4123.59
4129.74
4128.21
4133.85
4136.41
4130.26
4131.79
4134.36
4134.36
4132.82
4133.85
4133.33
4129.74
4131.79
4129.23
4127.18
4134.87
4131.28
4127.18
4139.49
4146.67
4142.05
4133.85
4138.46
4143.59
4137.95
4140
4135.38
4124.1
4131.28
4136.92
4132.82
4127.69
4129.23
4140
4142.56
4143.08
4151.28
4158.46
4155.38
4140.51
4142.05
4155.38
4151.79
4144.62
4144.62
4148.21
4144.62
4134.36
4138.46
4143.08
4138.46
4139.49
4143.59
4144.62
4139.49
4138.46
4142.56
4138.97
4140
4141.54
4131.28
4126.15
4131.28
4139.49
4143.08
4143.59
4150.77
4150.26
4149.23
4156.41
4153.33
4150.26
4146.67
4140
4144.1
4145.64
4140.51
4136.41
4134.36
4132.31
4127.18
4129.23
4137.44
4144.62
4147.18
4135.38
4125.13
4127.18
4130.26
4132.82
4127.18
4124.62
4130.77
4128.72
4126.67
4125.64
4119.49
4118.46
4120.51
4130.77
4135.9
4131.79
4131.79
4127.69
4123.08
4128.21
4134.36
4137.44
4132.82
4130.77
4134.87
4131.79
4126.15
4128.21
4135.38
4135.9
4127.69
4133.33
4138.97
4133.85
4134.36
4132.31
4131.28
4130.77
4125.64
4121.54
4117.44
4118.97
4121.03
4126.15
4134.87
4125.64
4116.41
4118.46
4109.23
4103.59
4114.36
4121.54
4116.92
4109.74
4109.23
4110.26
4117.95
4125.64
4122.56
4122.56
