4135.38
4142.56
4142.05
4138.97
4127.69
4126.15
4133.33
4134.36
4142.05
4146.15
4142.05
4138.46
4134.87
4131.79
4116.92
4107.69
4112.31
4107.69
4107.69
4120
4126.67
4125.13
4122.05
4120
4110.77
4109.74
4118.97
4113.85
4110.26
4113.85
4107.69
4102.05
4101.54
4100.51
4098.46
4102.56
4118.97
4123.08
4126.67
4144.1
4145.13
4145.13
4155.38
4144.62
4117.44
4104.1
4104.62
4100.51
4105.64
4113.33
4099.49
4091.28
4094.87
4090.77
4085.64
4078.46
4080.51
4091.28
4091.28
4096.41
4103.08
4100
4098.46
4096.41
4090.26
4083.08
4088.21
4088.72
4068.72
4071.79
4094.87
4091.28
4073.33
4065.13
4067.18
4064.62
4053.85
4052.31
4056.92
4061.54
4066.67
4077.44
4091.79
4087.69
4082.56
4085.13
4077.44
4082.05
4088.72
4096.92
4114.87
4112.31
4106.15
4104.1
4102.56
4118.97
4122.05
4111.79
4109.23
4107.69
4112.31
4112.31
4113.33
4123.59
4123.59
4123.08
4121.54
4116.92
4123.59
4134.87
4146.15
4154.36
4160.51
4163.59
4156.41
4156.41
4155.38
4150.26
4152.82
4146.15
4146.67
4169.23
4189.74
4198.46
4193.85
4193.33
4203.59
4210.26
4210.26
4206.15
4212.82
4220
4209.74
4209.74
4216.41
4210.26
4205.64
4205.13
4206.15
4203.59
4201.03
4203.08
4189.74
4174.36
4166.15
4155.38
4150.77
4149.23
4155.38
4162.56
4155.38
4154.87
4161.03
4161.03
4160
4158.97
4166.15
4174.36
4172.31
4161.03
4147.18
4154.36
4168.72
4172.31
4175.9
4170.77
4165.64
4168.72
4164.62
4162.05
4166.15
4172.31
4176.92
4178.46
4182.56
4178.97
4178.46
4187.69
4185.64
4181.03
4177.95
4176.92
4183.59
4176.92
4161.54
4153.33
4154.36
4165.13
4168.21
4165.64
4168.72
4173.85
4177.44
4169.74
4170.26
4187.18
4190.77
4185.64
4186.67
4192.82
4195.9
4184.1
4178.97
4187.69
4193.33
4187.69
4170.77
4175.38
4189.23
4186.15
4193.85
4197.44
4193.85
4195.38
4190.77
4186.15
4180
4178.97
4180
4171.79
4172.31
4175.9
4173.85
4169.23
4152.82
4130.77
4123.08
4132.82
4146.15
4147.18
4151.79
4153.85
4151.79
4166.15
4173.85
4168.21
4160
4155.9
4168.72
4175.9
4171.28
4171.79
4171.79
4167.18
4163.08
4171.28
4186.15
4178.46
4157.95
4146.15
4152.31
4162.56
4156.41
4156.92
4162.56
4193.33
4253.85
4231.79
4156.41
4163.59
4198.46
4182.56
4168.21
4183.08
4184.1
4166.15
4163.08
4159.49
4147.18
4143.59
4138.46
4138.46
4141.54
4131.79
4124.1
4122.56
4126.15
4133.85
4138.97
4141.03
4131.28
4128.72
4136.41
4132.82
4129.23
4120
4112.82
4127.69
4134.87
4134.87
4141.54
4152.31
4160
4157.44
4158.97
4160.51
4161.54
4167.69
4165.64
4167.69
4172.82
4169.23
4167.18
4161.54
4158.97
4163.59
4151.79
4137.95
4135.9
4143.59
4153.33
4149.23
4150.77
4162.56
4170.26
4171.28
4158.97
4152.31
4150.26
4147.18
4144.62
4130.77
4128.72
4138.46
4129.23
4122.56
4127.69
4130.26
4123.08
4117.95
4131.28
4135.9
4125.64
4121.03
4115.9
4114.36
4118.46
4123.59
4126.67
4121.54
4121.54
4131.79
4142.56
4149.74
4145.13
4140.51
4142.56
4148.21
4160.51
4153.33
4131.79
4118.46
4104.62
4103.08
4108.21
4106.67
4114.36
4130.26
4140
4138.97
4142.05
4136.92
4110.26
4114.36
4139.49
4136.92
4144.1
4167.69
4180.51
4172.82
4158.97
4156.92
4147.69
4141.03
4152.31
4156.41
4157.44
4153.33
4151.79
4156.41
4146.67
4138.46
4128.21
4115.38
4122.56
4124.62
4119.49
4123.59
4132.31
4143.59
4141.03
4138.46
4152.31
4155.38
4146.67
4147.18
4163.08
4168.72
4155.9
4159.49
4157.95
4137.95
4129.23
4126.15
4123.59
4129.74
4137.44
4130.26
4117.44
4127.69
4137.95
4131.28
4130.77
4131.79
4134.87
4136.41
4128.72
4135.38
4143.59
4140
4139.49
4136.92
4133.33
4124.62
4115.9
4121.03
4123.08
4120.51
4117.44
4116.41
4122.05
4114.87
4112.82
4120.51
4119.49
4121.54
4124.1
4126.67
4132.31
4128.21
4120.51
4113.85
4116.92
4127.18
4124.62
4124.62
4124.1
4120.51
4124.1
4123.08
4123.59
4126.15
4124.1
4123.08
4118.97
4125.64
4133.33
4124.62
4126.67
4133.85
4128.21
4116.92
4110.77
4116.92
4112.82
4106.67
4109.23
4102.05
4103.08
4106.67
4103.59
4100.51
4088.72
4090.77
4104.1
4108.72
4109.74
4100
4097.95
4106.15
4105.13
4103.59
4099.49
4101.03
4111.79
4106.67
4099.49
4098.46
4103.59
4111.79
4107.18
4107.18
4101.54
4093.85
4102.05
4100
4102.56
4106.15
4100.51
4103.59
4095.9
4091.28
4098.46
4095.38
4099.49
4102.56
4101.03
4109.23
4110.77
4101.54
4091.79
4098.46
4109.74
4104.1
4101.54
4104.62
4104.62
4110.26
4106.67
4101.03
4101.54
4100
4097.44
4090.26
4092.31
4099.49
4098.97
4099.49
4096.41
4095.38
4095.9
4089.74
4092.82
4089.74
4083.08
4092.31
4090.77
4088.72
4100
4103.59
4101.03
4100.51
4103.59
4099.49
4097.44
4108.21
4098.46
4093.33
4106.15
4100.51
4097.95
4098.97
4091.28
4088.21
4085.64
4084.1
4082.05
4085.64
4095.38
4088.72
4084.62
4089.74
4086.15
4087.69
4090.26
4092.31
4098.46
4099.49
4100.51
4088.72
4078.97
4092.31
4098.97
4092.82
4087.18
4094.36
4107.18
4097.44
4092.31
4106.15
4111.79
4112.82
4114.36
4123.08
4123.08
4106.15
4105.13
4103.59
4100.51
4110.26
4110.26
4105.64
4110.26
4117.44
4117.44
4110.77
4111.79
4102.56
4092.31
4105.64
4110.26
4113.33
4122.05
4110.77
4096.92
4094.36
4099.49
4101.54
4087.69
4086.67
4095.9
4095.9
4090.26
4081.54
4087.18
4089.23
4077.95
4078.46
4083.59
4091.28
4090.77
4082.56
4088.21
4091.79
4095.38
4102.05
4104.1
4110.77
4110.26
4103.08
4101.03
4105.64
4113.33
4107.18
4105.13
4114.36
4110.77
4108.21
4101.54
4095.38
4101.03
4097.95
4101.54
4101.03
4092.82
4094.36
4092.31
4093.33
4095.9
4093.33
4099.49
4103.59
4100.51
4098.97
4098.97
4093.33
4087.18
4104.1
4118.46
4104.62
4098.46
4097.95
4091.28
4091.79
4097.44
4104.1
4098.97
4098.46
4108.21
4101.03
4098.97
4105.13
4101.03
4090.26
4083.59
4094.36
4099.49
4090.77
4095.9
4096.92
4084.1
4081.03
4093.85
4100.51
4083.59
4082.05
4095.9
4081.54
4071.79
4075.9
4076.92
4082.05
4081.03
4083.59
4086.15
4074.87
4069.74
4075.9
4082.56
4072.82
4065.64
4080.51
4086.15
4088.21
4094.36
4087.69
4087.18
4091.79
4089.74
4086.67
4082.05
4082.05
4084.62
4093.85
4103.59
4095.38
4083.59
4076.92
4079.49
4086.15
4077.95
4076.92
4088.72
4097.95
4107.69
4103.08
4094.87
4094.36
4089.23
4090.77
4091.28
4090.77
4091.28
4082.05
4079.49
4085.13
4090.26
4091.79
4081.03
4083.08
4096.92
4104.1
4110.77
4103.59
4100.51
4106.15
4100.51
4096.92
4092.31
4092.82
4097.95
4097.44
4102.05
4100.51
4097.44
4101.03
4096.41
4096.41
4097.44
4096.92
4101.54
4095.9
4092.82
4101.03
4107.69
4105.13
4095.9
4094.87
4095.9
4092.31
4095.9
4094.36
4097.95
4106.67
4104.62
4107.18
4114.36
4116.41
4113.33
4108.21
4109.74
4103.08
4091.28
4091.79
4093.85
4095.9
4096.41
4091.28
4093.85
4091.28
4090.26
4095.38
4086.67
4080.51
4077.95
4080
4088.21
4084.1
4078.97
4080
4088.21
4100
4102.05
4099.49
4091.28
4090.77
4098.97
4087.18
4078.46
4088.72
4094.36
4095.38
4095.9
4102.05
4098.46
4089.74
4103.08
4109.23
4111.28
4123.08
4119.49
4115.38
4118.46
4111.79
4100.51
4093.33
4096.92
4097.44
4095.38
4093.85
4087.18
4097.95
4113.33
4115.9
4120.51
4112.82
4105.13
4104.62
4091.79
4087.18
4094.36
4098.97
4099.49
4098.46
4099.49
4093.33
4093.85
4096.41
4084.62
4092.31
4105.64
4096.92
4090.26
4087.69
4089.23
4092.82
4093.33
4095.9
4090.26
4089.74
4100
4099.49
4095.38
4096.41
4104.62
4107.18
4096.92
4096.92
4096.41
4094.87
4101.03
4099.49
4102.56
4105.64
4101.03
4102.05
4099.49
4092.31
4092.31
4096.92
4095.9
4085.13
4089.23
4098.97
4090.77
4091.28
4096.92
4091.28
4088.72
4091.28
4096.92
4093.85
4091.79
4100.51
4100.51
4098.97
4100.51
4104.1
4111.79
4097.44
4081.03
4085.64
4092.82
4090.77
4080
4079.49
4088.21
4088.21
4093.33
4097.95
4093.85
4094.87
4098.97
4094.36
4079.49
4080.51
4095.9
4086.15
4073.33
4075.9
4079.49
4082.05
4073.85
4074.87
4087.18
4083.59
4081.03
4084.1
4087.18
4087.69
4080
4077.95
4080
4087.69
4093.33
4086.67
4091.28
4097.95
4098.46
4099.49
4090.26
4097.44
4116.92
4116.92
4111.28
4104.1
4104.1
4108.72
4105.13
4109.23
4110.26
4110.26
4116.92
4114.87
4111.79
4112.31
4108.21
4100.51
4095.38
4104.1
4105.64
4100
4105.64
4103.59
4101.03
4103.08
4097.95
4094.87
4089.23
4083.59
4078.97
4077.44
4091.28
4095.9
4095.38
4106.67
4110.77
4112.31
4112.31
4108.21
4105.13
4096.92
4091.79
4095.38
4103.08
4106.67
4094.36
4097.95
4111.79
4110.77
4107.69
4104.1
4107.69
4114.87
4109.74
4106.15
4108.21
4110.77
4111.79
4110.77
4111.28
4108.21
4111.28
4123.08
4113.33
4098.97
4095.9
4092.82
4093.85
4089.23
4086.15
4084.1
4076.41
4076.92
4078.46
4086.15
4091.79
4085.13
4093.33
4101.54
4094.87
4097.44
4101.03
4101.03
4097.44
4096.92
4101.54
4095.38
4089.74
4093.33
4103.08
4107.69
4099.49
4098.46
4101.54
4097.44
4096.92
4089.23
4084.1
4088.21
4081.54
4080
4078.46
4073.85
4083.59
4091.28
4091.79
4086.67
4087.69
4095.9
4095.38
4105.13
4107.18
4088.21
4082.56
4083.08
4081.03
4079.49
4072.31
4071.28
4074.36
4081.03
4087.18
4082.56
4076.41
4068.21
4065.13
4068.21
4069.23
4075.9
4073.85
4072.31
4091.28
4095.38
4084.1
4084.1
4093.33
4097.44
4087.69
4085.13
4086.67
4078.46
4075.38
4073.85
4073.33
4078.46
4078.97
4080
4078.46
4075.9
4080
4076.41
4070.26
4066.67
4069.74
4080.51
4074.87
4072.31
4081.54
4080
4077.95
4081.03
4083.59
4080.51
4077.95
4086.67
4085.13
4080
4088.21
4091.28
4088.21
4083.08
4087.69
4097.44
4087.18
4079.49
4080.51
4078.97
4087.69
4089.74
4082.05
4080.51
4085.13
4090.26
4080.51
4076.92
4087.18
4088.21
4084.1
4078.46
4079.49
4084.62
4082.56
4084.62
4085.13
4091.79
4094.87
4084.1
4092.31
4102.56
4096.92
4105.64
4114.36
4112.31
4115.9
4119.49
4113.33
4107.69
4121.03
4130.26
4115.38
4111.79
4112.82
4105.64
4106.15
4105.64
4105.13
4105.64
4107.18
4109.23
4104.62
4108.72
4113.85
4108.72
4106.67
4097.95
4091.28
4102.05
4119.49
4135.9
4138.97
4141.54
4151.28
4151.28
4152.31
4145.13
4144.1
4162.05
4165.13
4156.92
4156.41
4158.97
4152.31
4141.03
4146.67
4152.31
4144.1
4147.69
4152.31
4147.18
4144.62
4145.13
4143.59
4127.18
4113.33
4120
4132.31
4152.31
4168.21
4177.44
4185.64
4189.74
4201.54
4211.28
4214.36
4213.85
4208.72
4215.9
4216.92
4208.21
4213.85
4206.15
4191.28
4192.82
4189.74
4185.64
4183.08
4184.1
4192.31
4193.85
4191.28
4187.18
4187.69
4190.26
4181.03
4180.51
4182.56
4176.92
4176.41
4170.77
4172.82
4181.54
4178.97
4173.33
4170.77
4177.44
4182.05
4176.92
4180
4179.49
4175.9
4177.44
4173.33
4174.87
4181.54
4183.08
4181.54
4167.18
4154.87
4151.79
4152.82
4161.03
4164.1
4166.15
4173.33
4176.41
4174.36
4164.1
4161.03
4166.67
4164.62
4163.59
4158.46
4155.38
4167.69
4173.33
4172.31
4168.21
4162.05
4154.87
4147.69
4157.44
4168.21
4170.26
4178.97
4176.92
4169.23
4167.18
4165.64
4163.59
4157.44
4163.08
4173.85
4171.28
4169.23
4162.56
4156.92
4160
4155.38
4155.9
4160
4153.33
4150.77
4148.72
4150.26
4156.41
4155.9
4149.74
4143.59
4150.77
4156.41
4151.79
4155.9
4153.33
4148.21
4154.36
4151.79
4143.08
4130.26
4126.67
4134.36
4133.33
4136.41
4142.56
4138.46
4129.23
4121.54
4126.15
4126.67
4114.87
4111.79
4116.41
4131.79
4144.1
4138.46
4141.03
4144.1
4138.46
4134.87
4133.33
4136.92
4136.92
4139.49
4148.21
4146.67
4149.74
4152.82
4145.64
4145.13
4147.69
4151.28
4151.79
4146.15
4144.1
4135.9
4133.33
4143.08
4142.56
4132.31
4129.23
4146.15
4159.49
4150.77
4151.79
4155.38
4152.82
4153.85
4147.18
4144.62
4143.08
4135.9
4135.9
4132.82
4130.26
4127.69
4123.59
4129.74
4128.72
4125.13
4128.72
4125.64
4132.31
4136.92
4131.79
4125.13
4115.38
4118.46
4125.64
4125.64
4125.13
4122.56
4128.21
4131.28
4128.21
4128.21
4128.72
4141.54
4146.15
4132.31
4134.36
4135.9
4131.79
4135.9
4133.85
4131.79
4128.21
4124.1
4126.15
4126.67
4129.74
4127.69
4121.03
4120.51
4117.95
4122.05
4127.69
4122.05
4117.95
4108.21
4102.05
4109.23
4114.87
4118.46
4112.82
4111.28
4117.44
4118.46
4121.54
4118.97
4120.51
4130.77
4129.23
4126.15
4130.77
4131.79
4123.59
4111.28
4120
4129.74
4120.51
4120.51
4122.56
4118.97
4121.03
4118.97
4110.77
4104.62
4115.38
4129.74
4128.72
4125.64
4120
4114.36
4113.33
4108.72
4115.9
4118.46
4111.28
4121.03
4126.15
4122.05
4118.97
4115.9
4118.97
4117.95
4128.72
4143.59
4137.95
4135.38
4135.38
4137.95
4141.03
4131.28
4127.18
4127.18
4128.21
4128.72
4113.85
4106.15
4111.28
4117.95
4124.1
4116.41
4115.9
4125.13
4124.1
4122.56
4118.46
4122.56
4129.74
4124.62
4126.15
4130.77
4131.28
4130.26
4120
4117.95
4118.97
4117.44
4120
4121.03
4123.08
4120
4116.92
4124.1
4123.59
4121.54
4124.1
4125.13
4124.62
4111.28
4108.72
4118.97
4111.79
4105.64
4110.26
4115.9
4118.46
4117.44
4118.97
4114.36
4109.23
4111.79
4109.74
4113.85
4119.49
4117.44
4117.95
4110.26
4101.54
4103.08
4104.1
4104.62
4101.54
4104.62
4114.87
4112.31
4109.23
4111.28
4117.44
4118.97
4108.72
4112.31
4117.44
4110.26
4105.13
4102.05
4106.67
4111.28
4114.36
4123.59
4125.64
4125.13
4123.59
4115.38
4113.85
4113.33
4115.38
4118.97
4113.85
4113.33
4111.28
4114.87
4127.18
4124.62
4128.72
4142.05
4137.95
4129.23
4131.28
4136.41
4132.31
4131.79
4136.92
4125.64
4120.51
4133.33
4133.85
4128.72
4122.56
4117.44
4118.97
4119.49
4118.97
4115.38
4112.31
4110.77
4102.56
4105.13
4106.67
4099.49
4101.54
4107.18
4110.26
4107.69
4106.15
4111.79
4103.08
4095.9
4106.67
4107.69
4101.54
4101.54
4114.36
4121.54
4113.33
4112.82
4110.26
4107.69
4111.28
4100.51
4093.85
4098.97
4092.82
4086.67
4092.31
4107.18
4107.18
4094.36
4095.38
4096.41
4098.46
4106.15
4104.1
4103.59
4102.56
4103.59
4102.05
4090.77
4090.26
4099.49
4108.21
4113.33
4115.38
4124.62
4125.13
4120.51
4118.97
4100.51
4087.69
4087.69
4077.44
4069.23
4069.74
4081.54
4094.87
4094.36
4096.92
4093.85
4092.82
4104.1
4103.08
4098.97
4102.05
4104.62
4101.54
4089.74
4090.26
4097.44
4091.79
4088.72
4094.36
4102.05
4104.1
4100
4106.15
4108.72
4103.08
4100
4097.95
4095.9
4092.82
4095.9
4097.44
4087.69
4085.64
4091.28
4098.97
4097.95
4082.05
4077.95
4084.1
4083.08
4087.18
4089.23
4086.67
4087.18
4086.15
4086.67
4081.03
4079.49
4087.69
4084.62
4078.97
4083.08
4093.85
4097.95
4087.18
4084.1
4090.26
4092.82
4091.79
4086.15
4089.23
4097.44
4102.05
4105.13
4092.82
4087.18
4090.77
4083.08
4081.54
4083.08
4080.51
4080.51
4083.59
4094.87
4097.44
4092.82
4091.79
4084.62
4085.13
4085.64
4069.23
4063.08
4059.49
4048.72
4044.1
4042.05
4041.03
4036.41
4037.95
4043.59
4048.21
4055.9
4050.77
4045.13
4045.64
4036.41
4036.41
4047.69
4055.9
4060
4056.41
4055.9
4056.92
4060
4065.64
4052.31
4044.1
4049.74
4047.69
4045.64
4037.95
4035.9
4047.69
4052.31
4047.18
4040.51
4045.13
4055.38
4056.92
4058.46
4056.41
4055.9
4066.15
4067.69
4066.15
4071.79
4077.44
4080
4072.31
4071.28
4076.92
4074.87
4066.67
4061.03
4069.74
4072.31
4053.85
4049.23
4054.87
4049.23
4050.77
4057.95
4062.05
4062.05
4062.05
4067.18
4064.62
4062.05
4067.18
4073.85
4078.46
4072.82
4071.79
4071.28
4063.08
4067.69
4074.36
4074.87
4071.28
4062.56
4066.15
4069.74
4067.18
4065.13
4061.54
4064.1
4067.18
4062.56
4061.54
4066.67
4074.36
4075.9
4067.69
4062.56
4057.95
4063.08
4068.21
4058.97
4057.95
4057.95
4063.08
4071.79
4060.51
4055.9
4067.18
4073.85
4072.31
4067.18
4065.13
4064.62
4064.62
4067.69
4069.23
4071.79
4071.28
4066.67
4062.05
4052.82
4051.28
4058.46
4058.97
4058.46
4058.46
4060.51
4058.97
4049.74
4056.92
4066.15
4065.64
4068.72
4061.54
4058.46
4068.72
4073.33
4070.26
4061.03
4064.1
4076.41
4080.51
4080.51
4071.79
4068.72
4073.33
4072.31
4077.44
4082.05
4083.59
4085.13
4079.49
4079.49
4084.1
4079.49
4070.77
4065.64
4069.74
4068.21
4064.1
4070.77
4063.08
4051.28
4056.41
4066.67
4074.36
4069.23
4061.54
4063.08
4060.51
4060.51
4057.95
4056.41
4063.59
4065.13
4062.56
4062.05
4067.18
4074.87
4069.23
4066.15
4070.77
4069.23
4066.67
4068.21
4077.44
4080.51
4079.49
4097.44
4104.62
4091.79
4083.59
4082.05
4089.23
4090.77
4078.97
4072.31
4071.28
4076.92
4075.9
4068.21
4070.77
4070.77
4074.36
4081.54
4082.05
4079.49
4074.36
4076.92
4082.56
4080
4081.54
4081.54
4076.41
4076.41
4079.49
4083.08
4081.03
4083.08
4089.23
4081.54
4081.54
4093.85
4094.87
4085.13
4081.03
4093.33
4100.51
4091.28
4092.82
4095.9
4098.46
4105.64
4105.13
4107.18
4100.51
4081.03
4072.31
4076.41
4088.21
4092.31
4091.28
4091.28
4088.72
4091.28
4091.79
4096.92
4110.26
4100.51
4091.28
4109.74
4123.08
4116.41
4107.18
4112.31
4117.44
4108.21
4107.18
4103.59
4082.05
4068.21
4069.74
4069.23
4057.44
4053.85
4069.23
4071.79
4071.79
4087.18
4096.92
4088.21
4073.33
4083.08
4098.46
4090.77
4081.03
4075.9
4075.38
4076.41
4069.74
4071.28
4081.54
4092.82
4098.46
4096.41
4101.03
4104.1
4096.41
4093.33
4093.33
4096.41
4093.33
4076.92
4070.77
4075.9
4085.64
4092.31
4092.31
4091.79
4083.08
4081.03
4087.69
4083.59
4078.46
4075.38
4073.33
4080.51
4081.54
4070.77
4057.44
4049.74
4049.23
4048.21
4054.36
4060
4061.54
4065.13
4058.46
4049.74
4050.26
4053.85
4056.41
4046.15
4041.54
4052.82
4051.79
4048.21
4050.26
4045.64
4042.05
4046.67
4058.97
4063.59
4059.49
4058.97
4054.36
4051.28
4055.38
4054.87
4052.82
4051.28
4053.33
4056.41
4057.44
4061.03
4064.1
4067.69
4068.72
4063.08
4067.69
4071.79
4066.67
4069.23
4069.74
4069.74
4069.74
4064.62
4061.54
4058.97
4060.51
4062.56
4065.64
4071.28
4062.56
4055.9
4060.51
4053.33
4049.23
4056.41
4060
4057.44
4054.87
4056.92
4056.92
4062.05
4069.74
4065.13
4064.1
