4217.95
4225.64
4228.72
4230.26
4222.05
4222.05
4231.28
4232.31
4233.85
4231.28
4226.15
4225.13
4223.08
4222.05
4219.49
4221.03
4227.18
4224.62
4224.62
4231.28
4239.49
4244.1
4243.08
4244.1
4233.85
4223.59
4233.33
4239.49
4236.41
4234.36
4229.74
4231.28
4233.85
4235.38
4230.77
4224.1
4227.69
4228.21
4230.26
4238.46
4231.79
4233.85
4246.67
4244.62
4239.49
4238.46
4237.95
4242.05
4259.49
4274.87
4271.79
4277.95
4288.72
4287.69
4290.77
4285.13
4280
4287.69
4287.18
4281.54
4280.51
4282.05
4281.03
4282.56
4288.72
4284.1
4281.54
4285.13
4275.38
4270.26
4277.44
4273.85
4269.74
4272.82
4282.05
4284.1
4276.41
4272.31
4266.15
4266.67
4274.36
4276.41
4280.51
4279.49
4274.87
4276.41
4276.92
4284.1
4284.62
4286.15
4296.92
4285.64
4281.54
4288.21
4280.51
4281.54
4288.72
4288.21
4280.51
4274.36
4281.54
4277.95
4268.72
4274.36
4282.05
4287.18
4278.46
4269.23
4278.46
4281.03
4275.38
4270.77
4268.72
4266.67
4257.95
4257.95
4258.46
4251.28
4251.28
4255.38
4264.62
4266.67
4260
4264.62
4264.62
4258.46
4264.1
4266.67
4269.23
4271.28
4273.33
4274.87
4270.26
4276.41
4280.51
4269.74
4264.1
4265.13
4267.18
4261.03
4256.92
4271.28
4277.95
4276.41
4278.97
4275.38
4270.26
4265.64
4271.28
4276.92
4268.21
4264.1
4267.69
4268.72
4267.69
4265.64
4267.69
4270.26
4272.31
4272.82
4264.1
4264.62
4275.38
4277.95
4278.46
4269.74
4263.59
4268.72
4266.15
4264.62
4267.69
4274.87
4275.38
4268.21
4274.36
4276.41
4271.79
4278.46
4279.49
4273.85
4268.21
4268.72
4272.31
4264.1
4260.51
4263.59
4261.54
4260.51
4255.9
4254.87
4262.05
4266.15
4268.72
4266.15
4268.21
4282.56
4288.21
4286.67
4284.1
4282.05
4283.59
4279.49
4280.51
4281.03
4279.49
4279.49
4269.23
4270.77
4278.46
4272.31
4274.87
4275.9
4275.9
4281.54
4279.49
4274.36
4264.62
4265.13
4276.92
4275.9
4274.87
4273.33
4269.74
4267.18
4262.05
4265.64
4269.74
4270.77
4278.46
4279.49
4280
4282.05
4273.33
4269.23
4267.18
4268.72
4275.38
4270.77
4264.1
4262.05
4268.21
4276.41
4274.36
4271.79
4266.67
4266.67
4275.38
4272.82
4264.62
4262.56
4269.23
4277.44
4264.62
4257.44
4270.77
4274.36
4271.28
4268.72
4274.36
4277.44
4268.72
4272.31
4279.49
4284.62
4288.72
4276.92
4270.77
4272.31
4269.23
4268.21
4260
4261.54
4273.33
4273.33
4268.21
4265.13
4269.74
4272.82
4267.69
4267.18
4265.13
4265.64
4272.82
4270.26
4265.13
4257.95
4257.95
4263.59
4256.92
4256.41
4261.03
4262.56
4262.05
4252.31
4253.33
4260.51
4262.05
4267.69
4268.21
4267.18
4268.72
4265.13
4262.56
4259.49
4263.59
4271.28
4262.56
4254.36
4254.87
4258.46
4261.03
4249.23
4247.18
4255.38
4260.51
4265.13
4257.44
4246.67
4242.56
4246.67
4255.38
4252.31
4250.77
4254.87
4253.85
4259.49
4264.62
4264.62
4259.49
4252.82
4261.54
4264.62
4255.38
4255.38
4254.36
4248.72
4250.26
4259.49
4264.1
4258.97
4257.44
4253.85
4251.79
4262.05
4260.51
4252.31
4255.38
4259.49
4261.03
4254.36
4253.33
4257.95
4251.79
4254.36
4262.05
4258.46
4255.38
4250.77
4250.26
4250.77
4252.82
4252.82
4242.05
4248.72
4260.51
4250.26
4244.62
4247.18
4254.87
4254.36
4240.51
4244.62
4248.72
4245.64
4250.26
4249.74
4249.74
4242.56
4235.38
4240
4236.41
4236.92
4241.54
4237.44
4236.92
4232.82
4233.85
4243.08
4249.74
4256.92
4255.38
4252.82
4252.82
4242.56
4238.97
4245.64
4257.95
4264.62
4258.46
4257.44
4255.9
4249.23
4252.82
4255.9
4254.87
4255.38
4255.38
4249.23
4239.49
4247.69
4262.05
4257.95
4253.85
4252.31
4260
4266.15
4258.46
4261.54
4265.13
4264.62
4269.23
4268.21
4266.67
4259.49
4251.79
4251.79
4248.72
4249.74
4250.26
4246.67
4253.85
4253.33
4251.28
4258.46
4262.05
4265.13
4268.21
4271.28
4274.87
4267.18
4261.54
4265.13
4273.85
4276.41
4269.74
4278.46
4275.38
4262.05
4271.79
4274.36
4268.72
4270.77
4268.72
4267.69
4271.28
4279.49
4282.05
4278.46
4281.03
4277.95
4274.36
4269.74
4261.03
4271.79
4276.41
4268.21
4271.79
4274.36
4274.87
4270.26
4265.13
4261.03
4246.67
4249.74
4263.08
4263.59
4266.67
4264.62
4265.13
4271.79
4272.31
4273.33
4268.72
4267.69
4274.36
4268.72
4266.15
4270.77
4279.49
4287.69
4281.03
4282.05
4280
4273.33
4282.56
4280.51
4282.05
4284.1
4276.92
4282.56
4278.46
4270.77
4275.38
4275.9
4278.46
4277.95
4279.49
4285.64
4281.54
4276.41
4272.82
4278.46
4288.21
4281.54
4278.97
4284.62
4285.64
4288.72
4284.62
4282.05
4285.13
4286.15
4285.13
4274.87
4273.85
4280.51
4278.46
4280
4280.51
4279.49
4278.46
4271.79
4273.85
4274.87
4270.26
4273.85
4271.79
4275.9
4285.64
4284.62
4284.62
4284.1
4282.56
4276.41
4280.51
4297.95
4287.69
4276.92
4285.64
4281.03
4277.44
4272.82
4264.62
4264.62
4262.56
4264.1
4265.13
4270.26
4281.54
4276.41
4270.26
4275.9
4279.49
4281.54
4277.95
4276.41
4281.54
4281.54
4284.62
4277.95
4270.77
4280
4284.1
4283.08
4280.51
4287.18
4296.92
4285.64
4281.54
4291.79
4294.36
4297.95
4302.05
4307.69
4306.15
4292.31
4294.36
4297.44
4292.82
4294.36
4291.28
4288.72
4290.77
4296.41
4297.44
4289.23
4290.77
4287.69
4280.51
4288.21
4289.23
4294.36
4306.15
4298.46
4288.72
4285.13
4288.72
4292.31
4284.1
4286.67
4287.18
4276.41
4273.85
4271.28
4271.28
4271.28
4269.23
4270.77
4268.72
4272.82
4276.41
4274.87
4278.46
4275.38
4274.36
4274.36
4269.23
4275.38
4276.41
4273.85
4276.92
4278.97
4282.56
4275.9
4276.41
4282.56
4273.85
4274.36
4271.79
4266.67
4273.33
4271.28
4268.72
4263.59
4258.97
4263.59
4262.56
4261.54
4265.64
4268.72
4268.72
4258.46
4256.92
4266.67
4269.23
4263.08
4255.9
4265.64
4277.95
4272.31
4264.62
4257.44
4251.79
4250.77
4250.26
4251.79
4248.72
4247.69
4255.9
4251.28
4249.74
4255.9
4256.92
4258.46
4258.46
4266.15
4265.13
4256.92
4264.1
4261.54
4251.79
4256.92
4263.08
4260.51
4249.23
4254.36
4263.59
4250.77
4245.64
4247.18
4246.15
4252.31
4253.85
4256.92
4256.92
4244.62
4242.56
4247.69
4248.21
4241.54
4242.56
4253.33
4248.21
4247.69
4257.44
4248.21
4241.03
4242.56
4246.67
4254.36
4255.9
4250.77
4243.08
4245.64
4251.79
4246.15
4242.05
4241.54
4243.08
4244.62
4234.87
4233.33
4241.54
4246.15
4252.82
4247.69
4242.56
4243.59
4237.95
4236.92
4239.49
4242.05
4243.08
4237.44
4238.97
4242.56
4247.69
4253.85
4242.56
4242.56
4262.56
4271.28
4266.15
4255.38
4262.56
4267.18
4253.33
4250.26
4252.31
4258.97
4263.08
4252.82
4253.85
4260
4258.46
4257.95
4257.44
4257.95
4257.44
4258.46
4263.59
4261.54
4261.54
4262.56
4262.56
4264.62
4258.46
4256.41
4257.95
4253.85
4259.49
4258.97
4258.46
4266.15
4264.62
4263.59
4266.15
4269.23
4274.87
4271.28
4266.15
4263.08
4261.54
4262.56
4255.38
4254.87
4261.03
4261.03
4264.62
4266.15
4269.23
4277.44
4278.97
4272.82
4258.97
4256.92
4262.05
4251.79
4249.23
4256.92
4266.67
4274.87
4271.79
4268.72
4264.1
4261.03
4265.64
4256.92
4255.38
4267.18
4268.72
4265.64
4263.59
4266.67
4264.1
4257.95
4267.18
4272.82
4278.46
4285.13
4276.92
4280
4286.15
4277.44
4271.28
4265.64
4263.08
4264.62
4262.05
4252.31
4241.54
4251.28
4260
4256.92
4264.62
4267.69
4265.64
4266.67
4261.54
4256.41
4254.87
4261.54
4265.13
4256.92
4255.38
4253.33
4254.87
4262.05
4253.85
4256.41
4263.59
4256.92
4257.95
4258.46
4255.38
4259.49
4265.64
4269.74
4264.62
4264.1
4268.72
4266.15
4270.26
4273.33
4274.87
4275.9
4267.69
4264.62
4265.13
4267.18
4271.28
4268.21
4270.26
4273.85
4270.77
4272.82
4273.85
4273.33
4274.87
4272.31
4269.23
4265.64
4270.26
4273.33
4263.59
4263.59
4268.72
4267.69
4266.15
4265.64
4268.72
4266.15
4266.67
4276.92
4275.9
4275.9
4281.54
4282.05
4283.08
4273.85
4265.64
4269.23
4271.28
4271.79
4267.18
4266.15
4267.18
4259.49
4262.56
4266.15
4261.54
4263.08
4264.62
4266.67
4259.49
4250.26
4254.36
4250.26
4242.56
4244.1
4247.69
4246.67
4234.36
4240
4256.92
4253.85
4251.79
4251.79
4251.79
4253.85
4250.26
4248.72
4250.77
4257.95
4256.92
4245.64
4252.31
4258.46
4256.41
4261.03
4254.36
4257.44
4269.74
4267.69
4268.72
4266.15
4264.1
4270.26
4271.79
4269.23
4263.59
4265.64
4272.82
4271.28
4274.87
4276.41
4267.18
4261.54
4257.44
4258.46
4258.97
4258.97
4261.54
4256.41
4259.49
4261.54
4254.87
4256.41
4254.36
4249.23
4245.64
4247.18
4260.51
4261.54
4257.44
4266.67
4267.18
4266.15
4266.67
4267.69
4270.26
4258.97
4251.28
4256.41
4259.49
4256.41
4247.18
4251.79
4261.03
4258.46
4257.95
4255.9
4259.49
4268.21
4262.56
4257.95
4260
4264.62
4265.13
4261.03
4263.08
4262.56
4267.69
4281.03
4274.36
4261.54
4257.44
4261.54
4270.26
4265.13
4261.54
4263.59
4254.87
4250.77
4247.69
4250.26
4255.9
4253.85
4258.97
4262.56
4259.49
4259.49
4254.36
4252.82
4255.38
4258.97
4263.59
4254.36
4249.23
4257.44
4267.18
4266.67
4253.85
4256.41
4265.13
4262.56
4257.95
4249.74
4249.74
4255.9
4248.21
4246.15
4250.77
4247.69
4251.79
4260
4263.59
4261.03
4263.59
4264.1
4254.87
4265.13
4272.82
4256.41
4251.28
4253.33
4256.92
4252.82
4237.95
4237.44
4244.1
4248.72
4254.87
4252.31
4247.69
4241.54
4239.49
4242.56
4239.49
4243.08
4244.62
4238.97
4244.1
4245.64
4239.49
4238.46
4243.59
4247.69
4243.08
4245.64
4251.79
4246.67
4246.67
4246.15
4244.1
4243.59
4236.92
4236.41
4237.95
4238.46
4241.03
4236.41
4235.9
4238.46
4238.46
4241.54
4239.49
4244.62
4251.28
4242.56
4243.59
4251.79
4256.41
4252.31
4246.67
4251.28
4248.72
4250.26
4256.92
4248.21
4243.08
4243.59
4246.67
4254.87
4245.64
4235.9
4234.87
4232.31
4237.44
4241.54
4236.41
4231.28
4234.87
4240.51
4231.28
4229.74
4243.08
4245.13
4241.03
4237.95
4242.05
4248.72
4246.67
4248.21
4250.26
4254.87
4257.95
4248.21
4255.9
4264.62
4253.85
4253.85
4257.95
4252.31
4246.67
4246.67
4249.74
4245.64
4250.77
4262.05
4253.85
4247.69
4249.23
4247.18
4248.21
4243.59
4238.97
4235.9
4237.44
4246.67
4246.67
4250.26
4253.33
4252.31
4253.33
4241.03
4231.28
4236.41
4245.64
4259.49
4261.54
4258.46
4263.08
4262.05
4257.95
4254.36
4256.41
4263.59
4258.46
4254.36
4256.41
4255.9
4253.85
4245.13
4243.59
4249.23
4249.23
4251.79
4250.77
4248.72
4249.23
4248.21
4242.56
4224.62
4221.03
4233.85
4232.31
4229.23
4231.79
4232.82
4232.82
4228.21
4233.33
4237.95
4237.95
4238.46
4231.79
4237.44
4240
4226.67
4227.69
4228.21
4225.13
4223.08
4215.38
4216.92
4218.97
4218.46
4221.03
4220.51
4220
4214.87
4214.87
4220.51
4211.79
4206.67
4211.28
4215.38
4221.54
4217.44
4217.44
4224.62
4222.05
4215.9
4211.79
4218.46
4224.1
4214.87
4210.77
4211.28
4212.82
4216.92
4214.36
4218.46
4222.05
4217.95
4220.51
4221.54
4217.44
4211.79
4214.36
4224.62
4220.51
4221.03
4233.33
4235.38
4231.28
4223.08
4220.51
4224.1
4223.59
4226.67
4223.08
4217.95
4223.59
4226.67
4228.72
4223.59
4217.44
4220
4217.95
4224.1
4232.82
4235.38
4242.05
4239.49
4233.85
4237.95
4236.92
4229.74
4223.59
4230.26
4236.92
4228.72
4229.23
4233.85
4231.79
4228.72
4222.05
4226.67
4233.33
4228.72
4229.23
4231.28
4231.28
4232.82
4234.87
4234.36
4229.74
4229.23
4227.69
4231.28
4250.77
4258.46
4262.05
4274.36
4273.33
4266.15
4258.46
4256.92
4261.54
4253.85
4255.38
4261.54
4255.9
4249.23
4243.08
4243.59
4244.62
4238.97
4236.92
4233.33
4240
4251.79
4249.23
4249.74
4248.21
4243.59
4243.59
4241.54
4243.08
4245.64
4248.21
4250.26
4247.69
4253.85
4259.49
4255.9
4254.36
4256.41
4267.69
4271.79
4262.56
4263.08
4262.05
4261.03
4271.79
4272.31
4261.54
4252.31
4257.44
4257.95
4239.49
4232.82
4230.26
4223.59
4224.62
4218.97
4218.97
4223.08
4221.03
4220.51
4215.9
4213.33
4208.72
4203.59
4209.74
4206.15
4204.62
4215.38
4211.79
4211.79
4215.38
4214.87
4211.28
4205.64
4211.28
4215.38
4216.92
4223.59
4223.59
4226.67
4231.28
4228.72
4226.67
4224.1
4231.79
4235.38
4225.13
4227.69
4229.74
4225.64
4229.23
4227.18
4225.13
4222.56
4221.54
4225.64
4227.18
4231.79
4231.28
4232.82
4236.92
4227.69
4230.26
4239.49
4234.36
4229.74
4222.56
4219.49
4226.67
4230.77
4233.85
4231.28
4226.15
4227.18
4230.77
4235.38
4229.74
4227.69
4238.46
4238.97
4234.87
4234.87
4233.33
4226.15
4216.92
4228.72
4237.44
4226.67
4226.15
4225.64
4222.56
4228.72
4226.67
4217.44
4210.77
4220.51
4236.41
4233.85
4230.77
4226.67
4221.03
4221.54
4222.05
4227.69
4226.67
4224.1
4232.82
4233.33
4229.23
4225.64
4223.08
4224.62
4223.59
4232.31
4239.49
4229.74
4229.74
4230.77
4228.72
4231.28
4227.69
4227.69
4226.15
4222.05
4221.54
4212.31
4209.74
4213.85
4218.97
4227.18
4220.51
4217.44
4225.13
4225.13
4227.18
4227.69
4231.79
4237.44
4231.79
4232.31
4235.38
4235.38
4232.31
4223.59
4224.62
4229.74
4234.87
4241.54
4235.9
4233.85
4236.41
4235.9
4236.92
4232.82
4232.82
4239.49
4244.1
4245.64
4234.36
4232.82
4244.1
4241.54
4237.95
4237.95
4239.49
4242.05
4238.97
4239.49
4237.44
4230.26
4230.77
4229.23
4229.74
4230.26
4228.21
4230.26
4226.67
4223.59
4225.13
4225.64
4227.18
4221.03
4220.51
4228.21
4226.15
4229.23
4231.79
4228.72
4228.72
4228.72
4233.85
4233.33
4227.69
4226.67
4223.59
4227.69
4230.26
4228.21
4234.87
4240
4244.1
4243.59
4237.44
4242.05
4243.59
4244.62
4252.82
4252.82
4251.28
4249.23
4252.82
4260.51
4254.87
4258.46
4270.26
4268.72
4264.1
4265.13
4272.31
4272.82
4269.74
4271.28
4263.08
4258.97
4261.54
4253.33
4248.72
4249.23
4246.15
4243.08
4243.59
4254.87
4261.03
4255.9
4247.69
4238.97
4241.03
4244.62
4243.08
4245.64
4245.64
4247.69
4245.64
4237.95
4242.05
4238.46
4232.82
4243.08
4248.21
4248.21
4249.23
4256.41
4261.54
4255.38
4253.85
4251.28
4251.28
4255.38
4245.13
4235.9
4234.36
4236.41
4243.08
4241.54
4243.08
4247.18
4240
4233.85
4235.38
4248.72
4254.36
4242.56
4241.54
4246.67
4245.64
4240.51
4233.85
4238.46
4241.03
4243.59
4254.36
4255.38
4256.92
4257.44
4255.9
4257.95
4246.67
4240
4239.49
4229.74
4221.54
4222.56
4235.9
4243.08
4235.38
4234.87
4231.28
4230.26
4239.49
4238.97
4237.44
4238.97
4245.64
4254.36
4247.18
4246.15
4257.44
4254.87
4250.77
4257.44
4265.13
4261.03
4253.33
4256.92
4256.41
4251.28
4251.28
4250.77
4254.87
4254.36
4248.72
4245.13
4243.08
4244.62
4244.62
4249.74
4251.28
4233.33
4226.15
4234.36
4236.92
4241.54
4242.05
4239.49
4240.51
4238.46
4240
4238.97
4238.97
4242.56
4240
4235.38
4236.92
4247.69
4251.79
4241.03
4244.62
4253.85
4252.31
4248.72
4244.62
4251.28
4262.56
4266.15
4268.21
4259.49
4259.49
4268.21
4258.46
4250.77
4251.79
4250.26
4247.69
4247.69
4254.36
4255.38
4251.28
4249.23
4245.64
4257.95
4273.33
4276.92
4287.69
4293.33
4292.31
4295.9
4299.49
4299.49
4290.26
4289.23
4294.87
4294.87
4300
4297.95
4292.31
4291.28
4283.59
4285.13
4292.31
4295.9
4295.9
4289.23
4289.74
4290.77
4291.28
4292.82
4281.54
4280.51
4291.28
4291.28
4288.21
4282.56
4279.49
4283.08
4279.49
4272.31
4267.18
4272.31
4284.1
4286.67
4288.72
4287.69
4286.67
4291.28
4290.26
4287.69
4289.23
4291.79
4295.9
4291.79
4290.77
4299.49
4297.44
4288.21
4285.13
4290.26
4285.64
4269.74
4271.28
4271.79
4268.21
4278.46
4285.13
4284.1
4281.03
4278.46
4279.49
4276.92
4277.95
4282.05
4281.54
4284.1
4283.08
4282.05
4278.46
4268.72
4272.82
4281.54
4282.56
4275.38
4266.67
4271.79
4277.95
4277.95
4277.95
4276.92
4280
4277.95
4270.77
4275.38
4282.56
4285.64
4284.62
4281.03
4282.56
4278.97
4281.54
4287.18
4276.41
4270.26
4270.77
4276.92
4281.54
4271.79
4270.26
4280.51
4285.13
4282.05
4274.87
4272.31
4270.26
4269.74
4273.33
4274.36
4278.46
4279.49
4271.79
4266.67
4258.97
4257.44
4262.05
4261.54
4264.1
4265.64
4267.69
4267.18
4256.92
4261.54
4267.69
4266.67
4268.72
4263.08
4263.59
4271.79
4267.69
4261.03
4254.87
4254.87
4266.15
4276.41
4279.49
4270.77
4271.79
4280
4274.87
4271.28
4271.79
4271.79
4269.74
4260.51
4262.56
4268.21
4265.13
4259.49
4252.31
4255.9
4261.54
4261.03
4262.56
4254.36
4246.67
4252.31
4259.49
4266.67
4264.1
4260
4262.56
4255.9
4254.36
4256.41
4259.49
4266.67
4263.59
4261.54
4260.51
4261.54
4269.74
4269.23
4264.62
4264.62
4262.56
4259.49
4257.44
4263.08
4266.15
4263.08
4270.77
4277.95
4271.79
4263.59
4263.08
4270.26
4266.15
4260
4260.51
4254.36
4254.36
4257.95
4254.87
4253.85
4247.69
4250.26
4260
4260.51
4260.51
4262.05
4265.13
4267.69
4268.72
4272.31
4267.18
4260
4264.62
4268.21
4264.62
4256.92
4261.03
4271.28
4263.59
4253.85
4253.85
4252.82
4250.26
4245.64
4252.82
4260
4254.87
4256.41
4258.46
4262.05
4269.23
4267.69
4269.74
4269.74
4259.49
4255.9
4255.38
4257.44
4254.36
4249.23
4248.72
4248.21
4251.79
4247.18
4245.64
4254.87
4247.69
4244.1
4258.97
4267.18
4263.59
4258.46
4263.59
4272.31
4266.67
4261.54
4254.36
4243.59
4245.13
4247.69
4240.51
4230.77
4235.9
4252.31
4249.74
4245.13
4253.85
4255.9
4242.56
4229.74
4238.46
4248.72
4244.1
4241.54
4244.1
4249.23
4248.72
4238.46
4237.44
4242.56
4243.08
4244.62
4246.15
4251.28
4250.77
4246.15
4244.62
4237.44
4240
4248.21
4237.95
4227.18
4232.31
4244.1
4242.56
4238.46
4247.69
4248.21
4241.54
4241.54
4238.46
4238.97
4238.97
4240
4247.18
4247.18
4240.51
4234.36
4228.72
4228.72
4226.15
4226.15
4232.82
4238.46
4244.1
4237.95
4229.23
4233.33
4241.03
4242.05
4229.23
4229.23
4238.46
4231.79
4227.69
4223.59
4213.33
4214.87
4220
4225.13
4228.72
4228.72
4229.23
4222.05
4215.38
4220.51
4224.1
4223.08
4217.44
4217.95
4225.13
4225.64
4226.15
4229.23
4234.36
4239.49
4236.92
4242.56
4247.69
4242.56
4244.1
4248.21
4247.69
4242.05
4239.49
4243.59
4246.67
4247.69
4241.03
4240.51
4252.31
4247.18
4238.46
4240
4228.21
4225.13
4240.51
4246.15
4241.54
4237.95
4237.44
4236.92
4244.62
4250.77
4242.05
4237.95
