4394.36
4401.54
4405.64
4404.62
4395.9
4394.87
4401.54
4407.69
4413.85
4407.69
4404.1
4408.72
4406.15
4405.13
4403.59
4407.69
4416.41
4410.77
4404.62
4412.31
4425.64
4431.28
4426.15
4422.56
4415.38
4410.26
4417.95
4419.49
4419.49
4420.51
4415.38
4416.41
4418.46
4419.49
4415.38
4414.87
4423.08
4419.49
4420
4429.74
4422.05
4418.46
4425.64
4423.59
4424.1
4420
4409.74
4416.92
4441.54
4457.44
4458.97
4470.77
4481.54
4482.05
4486.15
4480.51
4478.97
4488.21
4486.67
4485.13
4486.67
4484.62
4483.08
4484.1
4486.15
4480.51
4481.03
4486.15
4474.87
4472.31
4480
4475.9
4470.26
4472.82
4481.03
4481.54
4473.85
4474.36
4469.74
4467.69
4476.92
4479.49
4480.51
4480.51
4477.95
4474.87
4473.85
4477.44
4470.26
4474.36
4491.79
4481.03
4479.49
4493.85
4491.28
4491.28
4492.82
4492.31
4486.67
4478.97
4487.69
4484.1
4470.77
4478.46
4485.64
4482.05
4471.79
4467.69
4475.9
4474.87
4464.1
4454.87
4451.28
4448.72
4438.97
4436.92
4437.44
4433.85
4433.85
4433.85
4439.49
4442.05
4438.97
4444.62
4440.51
4434.36
4442.56
4443.08
4440.51
4441.54
4447.69
4451.79
4447.18
4452.82
4459.49
4455.9
4450.26
4444.62
4445.64
4436.41
4428.21
4447.18
4463.59
4467.69
4474.36
4476.92
4475.9
4474.36
4478.46
4485.64
4476.92
4466.67
4468.21
4471.28
4470.77
4465.13
4466.15
4471.79
4477.44
4479.49
4469.74
4473.33
4484.1
4483.59
4482.05
4473.33
4471.79
4477.95
4471.28
4469.74
4472.82
4476.41
4478.46
4473.85
4474.87
4474.36
4474.87
4483.59
4480.51
4471.79
4470.77
4475.38
4476.92
4466.67
4464.62
4467.69
4464.1
4460.51
4453.33
4452.31
4460.51
4464.62
4468.21
4465.13
4465.13
4476.92
4478.97
4475.9
4473.33
4471.79
4474.36
4471.79
4470.77
4471.28
4473.85
4473.33
4459.49
4464.62
4475.38
4465.13
4468.21
4473.33
4471.28
4475.38
4472.31
4463.59
4454.87
4460.51
4472.82
4467.18
4460.51
4461.03
4462.56
4464.1
4460.51
4464.1
4466.67
4467.18
4476.41
4478.46
4480
4481.03
4470.77
4465.13
4462.56
4466.15
4472.82
4463.59
4453.33
4452.82
4463.08
4473.33
4468.72
4462.56
4461.03
4468.21
4473.85
4463.59
4456.41
4455.38
4461.54
4476.92
4471.28
4461.54
4469.74
4477.95
4478.46
4471.79
4471.28
4476.41
4471.79
4472.31
4474.36
4479.49
4485.13
4471.79
4465.13
4467.69
4469.74
4471.28
4458.97
4456.41
4468.72
4468.72
4461.03
4457.95
4464.62
4467.69
4463.59
4464.1
4462.56
4468.72
4478.97
4473.85
4464.62
4457.95
4459.49
4465.13
4454.87
4451.79
4454.87
4457.95
4463.59
4453.85
4449.74
4459.49
4463.59
4464.62
4460.51
4461.03
4463.59
4457.44
4455.9
4454.36
4457.44
4466.67
4461.03
4452.82
4452.82
4460
4462.56
4446.15
4440.51
4449.74
4456.92
4461.54
4456.41
4449.74
4446.67
4450.26
4458.97
4452.31
4446.67
4449.74
4449.74
4454.36
4458.46
4462.56
4464.1
4454.36
4454.36
4458.97
4456.92
4459.49
4454.87
4447.18
4448.72
4461.03
4467.18
4456.41
4454.36
4456.41
4450.26
4452.31
4450.77
4445.64
4448.21
4450.26
4450.77
4445.13
4444.62
4449.23
4442.56
4442.56
4452.31
4456.41
4452.82
4446.15
4446.15
4446.15
4450.26
4454.36
4439.49
4440.51
4456.92
4454.36
4449.23
4445.64
4452.31
4454.87
4442.56
4444.62
4447.69
4445.64
4448.72
4447.18
4446.67
4438.97
4436.41
4448.72
4444.1
4440.51
4448.21
4445.64
4445.13
4441.03
4436.92
4441.54
4450.77
4460
4457.44
4456.92
4457.44
4446.67
4442.05
4447.18
4457.44
4464.62
4456.41
4452.31
4450.26
4445.64
4450.77
4450.77
4448.21
4451.79
4453.33
4447.18
4436.92
4446.15
4457.44
4451.79
4448.21
4449.23
4457.95
4464.1
4457.44
4461.03
4463.08
4461.54
4469.23
4468.21
4460
4450.77
4447.18
4450.26
4445.64
4444.62
4447.18
4448.72
4454.36
4447.69
4443.59
4451.28
4452.31
4450.26
4447.18
4453.33
4462.05
4452.82
4446.67
4450.26
4456.92
4461.54
4457.95
4460.51
4456.41
4450.26
4458.97
4457.44
4452.82
4456.41
4459.49
4461.03
4460
4466.67
4474.87
4472.82
4472.31
4465.64
4461.54
4461.03
4451.79
4453.33
4455.38
4453.85
4456.92
4453.33
4459.49
4459.49
4449.23
4448.21
4439.49
4434.36
4443.08
4449.74
4453.85
4451.79
4454.36
4458.46
4454.87
4456.41
4447.69
4445.13
4455.9
4450.77
4444.62
4448.21
4461.54
4471.79
4463.59
4463.08
4463.59
4462.05
4471.28
4467.69
4468.72
4473.85
4471.28
4477.95
4471.79
4464.1
4469.74
4470.77
4471.28
4467.18
4468.21
4477.44
4471.79
4461.54
4459.49
4466.67
4471.79
4462.05
4461.54
4468.72
4472.82
4474.87
4465.64
4463.08
4466.15
4464.62
4464.62
4457.95
4455.38
4461.54
4462.56
4461.03
4457.44
4460
4464.1
4455.9
4456.41
4457.44
4454.36
4461.54
4458.97
4459.49
4468.72
4469.23
4469.74
4468.72
4467.18
4463.08
4469.23
4483.59
4468.21
4458.97
4473.85
4468.72
4465.13
4465.64
4455.9
4453.33
4452.82
4450.77
4448.72
4454.87
4467.18
4463.08
4455.38
4460.51
4468.72
4472.31
4463.08
4460.51
4466.15
4463.59
4466.67
4463.59
4454.87
4460
4463.59
4462.56
4458.97
4466.67
4477.95
4467.69
4464.1
4473.33
4475.38
4481.54
4481.03
4476.92
4474.36
4465.13
4467.69
4471.28
4467.69
4471.28
4469.74
4465.13
4465.13
4473.85
4479.49
4467.69
4463.08
4458.97
4455.38
4468.21
4471.28
4471.79
4481.03
4479.49
4474.36
4466.15
4465.13
4469.74
4463.08
4465.64
4469.23
4464.1
4462.05
4458.46
4458.46
4458.46
4458.97
4464.62
4460.51
4463.59
4467.18
4463.08
4467.69
4464.62
4455.9
4451.79
4453.33
4463.08
4459.49
4456.41
4463.08
4465.13
4466.15
4459.49
4457.44
4461.03
4455.9
4455.9
4450.26
4445.64
4455.38
4455.9
4451.79
4447.69
4446.67
4451.28
4443.59
4443.59
4449.74
4449.23
4452.82
4446.15
4440
4446.67
4452.82
4451.79
4442.05
4445.13
4456.92
4452.31
4443.59
4438.46
4434.87
4431.79
4426.67
4428.21
4427.69
4432.31
4441.03
4432.31
4429.74
4436.41
4437.95
4438.97
4435.9
4441.03
4444.1
4440
4447.69
4447.69
4441.03
4443.08
4445.13
4441.03
4428.72
4433.33
4445.64
4434.87
4429.23
4431.79
4433.85
4441.03
4438.46
4441.54
4445.13
4438.46
4436.41
4434.87
4435.9
4433.85
4433.33
4441.54
4438.46
4436.41
4442.05
4435.9
4431.28
4430.77
4436.41
4447.69
4444.62
4438.46
4436.92
4438.97
4443.59
4438.97
4435.9
4432.82
4436.41
4442.05
4428.72
4423.59
4434.87
4440
4442.56
4435.9
4430.77
4430.77
4423.08
4421.54
4425.64
4432.31
4437.44
4430.26
4429.23
4433.33
4440.51
4447.69
4434.87
4431.28
4445.64
4451.79
4447.69
4435.38
4440.51
4448.72
4440
4441.03
4442.56
4445.13
4450.77
4441.54
4435.38
4437.95
4441.03
4441.03
4434.36
4435.9
4438.46
4440
4445.64
4444.62
4446.15
4447.18
4447.18
4449.74
4441.54
4436.92
4439.49
4436.41
4441.03
4443.08
4443.59
4452.31
4452.31
4448.72
4447.69
4456.41
4465.13
4455.9
4447.69
4444.1
4444.62
4451.79
4447.18
4445.13
4452.31
4452.82
4449.74
4445.64
4448.21
4451.28
4448.21
4446.15
4437.44
4437.44
4446.67
4442.56
4436.92
4435.9
4445.64
4461.54
4454.36
4445.13
4445.64
4448.21
4451.28
4439.49
4435.9
4445.64
4449.23
4447.18
4441.54
4444.62
4448.21
4442.05
4440.51
4437.44
4443.08
4456.92
4454.36
4448.72
4448.21
4449.74
4449.23
4436.92
4432.31
4433.85
4434.87
4432.31
4420.51
4427.69
4443.08
4443.08
4446.67
4445.13
4442.56
4448.72
4446.15
4443.08
4441.54
4444.62
4450.26
4444.1
4441.54
4442.05
4444.1
4445.64
4437.44
4441.03
4448.21
4447.69
4448.72
4440
4437.44
4447.69
4455.38
4457.44
4451.79
4453.85
4458.46
4452.31
4452.31
4454.87
4461.54
4467.69
4457.44
4451.79
4451.79
4453.33
4462.05
4461.03
4460.51
4463.59
4462.56
4464.1
4462.05
4458.97
4460.51
4458.97
4454.87
4447.69
4452.82
4460
4452.82
4450.77
4450.77
4450.77
4456.41
4454.87
4453.33
4452.31
4455.9
4463.08
4458.46
4455.38
4460.51
4466.15
4466.67
4453.85
4448.72
4455.9
4457.44
4453.85
4446.67
4451.28
4456.92
4445.64
4446.67
4453.33
4451.79
4453.33
4450.77
4446.67
4443.08
4443.08
4447.69
4437.95
4432.31
4438.46
4445.64
4446.67
4433.85
4438.46
4454.36
4448.72
4442.05
4440
4440.51
4444.62
4441.03
4435.9
4433.85
4441.54
4448.72
4440.51
4441.54
4446.67
4450.77
4457.44
4445.64
4441.54
4451.28
4452.82
4453.85
4448.21
4446.15
4458.46
4464.1
4460.51
4450.77
4450.26
4457.95
4460.51
4464.1
4458.97
4452.82
4453.85
4446.67
4448.21
4455.38
4455.9
4455.9
4448.72
4447.69
4451.28
4448.72
4450.77
4447.18
4441.54
4440.51
4440
4447.18
4448.72
4451.28
4460.51
4455.9
4448.72
4451.79
4459.49
4462.56
4448.72
4445.64
4452.31
4454.36
4451.28
4439.49
4444.62
4456.41
4454.87
4456.41
4455.9
4457.44
4467.18
4463.08
4452.82
4450.26
4455.9
4460.51
4455.38
4451.28
4452.31
4462.05
4473.33
4464.1
4455.9
4455.9
4459.49
4468.21
4463.08
4459.49
4463.08
4458.46
4453.85
4446.15
4447.69
4455.38
4452.82
4455.9
4459.49
4456.92
4454.36
4446.67
4445.13
4445.64
4449.23
4456.92
4448.72
4442.56
4451.79
4462.56
4463.08
4449.74
4449.23
4456.41
4452.82
4451.28
4446.15
4447.69
4455.9
4451.28
4448.21
4449.23
4451.79
4460.51
4456.92
4450.26
4452.31
4460.51
4456.92
4442.56
4454.36
4467.69
4458.46
4457.44
4462.05
4466.15
4465.13
4453.85
4452.31
4456.92
4462.05
4470.26
4466.67
4457.44
4451.79
4453.85
4457.95
4452.82
4449.74
4446.67
4450.26
4466.67
4462.05
4449.23
4450.77
4458.97
4464.62
4459.49
4462.05
4469.74
4466.15
4463.08
4458.97
4460.51
4465.13
4456.41
4449.74
4451.28
4453.33
4453.85
4449.74
4449.74
4447.69
4449.23
4456.92
4453.85
4456.92
4463.59
4455.9
4457.95
4463.59
4465.64
4464.62
4464.1
4468.21
4462.56
4461.54
4469.74
4462.05
4453.85
4452.82
4457.95
4464.62
4454.87
4443.59
4444.62
4449.23
4457.95
4456.41
4452.31
4452.82
4454.36
4457.95
4449.74
4449.74
4463.59
4462.05
4454.36
4452.82
4457.95
4462.05
4461.54
4469.23
4473.33
4474.87
4473.85
4463.59
4470.26
4476.92
4466.15
4467.18
4464.62
4456.41
4456.92
4457.95
4456.41
4453.33
4461.54
4470.77
4461.54
4454.36
4454.36
4455.9
4458.97
4453.33
4447.18
4446.15
4448.72
4454.87
4451.79
4451.28
4453.33
4453.85
4454.36
4440.51
4434.87
4444.62
4451.28
4460.51
4463.08
4466.15
4474.87
4469.74
4463.59
4463.08
4467.69
4473.85
4468.21
4462.56
4460.51
4460
4463.08
4455.38
4452.31
4460
4464.1
4467.69
4463.59
4460
4464.1
4465.13
4458.97
4443.08
4440.51
4448.72
4443.59
4437.44
4429.74
4424.62
4422.05
4410.77
4408.72
4411.79
4412.31
4416.41
4411.28
4413.33
4420
4416.92
4417.44
4414.36
4410.26
4409.74
4403.08
4401.54
4399.49
4403.59
4413.85
4411.79
4408.21
4404.62
4405.64
4411.79
4405.64
4401.54
4402.56
4408.72
4416.92
4410.26
4409.74
4418.97
4417.44
4411.28
4405.13
4412.31
4419.49
4408.72
4401.54
4398.97
4401.54
4409.74
4405.13
4403.08
4407.69
4410.77
4412.31
4405.64
4403.08
4404.1
4406.15
4414.36
4411.79
4409.74
4420
4424.62
4420
4409.74
4409.74
4416.41
4414.36
4410.77
4401.54
4402.05
4413.85
4411.28
4411.79
4414.87
4412.31
4413.33
4412.82
4419.49
4427.18
4431.28
4437.44
4432.31
4426.67
4430.26
4428.21
4418.46
4408.21
4413.85
4422.05
4414.36
4415.9
4420.51
4418.97
4419.49
4415.9
4420
4426.15
4428.21
4428.21
4420
4418.97
4427.69
4432.31
4431.79
4425.64
4422.56
4420.51
4422.56
4435.9
4439.49
4442.56
4454.87
4451.28
4445.64
4443.08
4443.59
4447.18
4436.92
4435.9
4444.62
4442.56
4440.51
4440
4443.08
4442.05
4437.44
4435.9
4429.74
4434.36
4443.59
4441.03
4439.49
4435.9
4434.87
4437.95
4433.85
4436.41
4438.97
4441.03
4448.21
4445.64
4445.13
4450.26
4447.18
4447.18
4450.26
4456.92
4462.05
4457.44
4452.82
4446.67
4449.74
4460
4456.92
4446.67
4437.44
4443.59
4447.18
4430.77
4423.59
4422.05
4419.49
4422.56
4417.95
4418.97
4425.13
4425.64
4427.69
4422.05
4418.97
4416.92
4413.85
4423.08
4421.03
4419.49
4428.72
4424.62
4421.54
4423.08
4426.67
4429.23
4420.51
4420
4424.1
4429.74
4434.87
4428.72
4429.23
4435.38
4437.95
4440
4435.38
4437.95
4442.56
4435.9
4436.41
4434.36
4432.82
4438.46
4433.85
4429.74
4428.21
4430.26
4434.87
4432.82
4435.38
4437.95
4440.51
4442.05
4431.28
4433.85
4443.59
4439.49
4434.87
4427.69
4429.74
4441.54
4441.54
4441.03
4439.49
4437.44
4440.51
4441.54
4440.51
4435.9
4441.54
4454.36
4447.69
4440.51
4442.56
4445.13
4440.51
4428.72
4436.92
4450.77
4445.13
4438.97
4433.85
4434.36
4441.54
4440
4432.82
4424.1
4429.74
4444.62
4442.56
4437.44
4435.38
4435.9
4437.95
4435.38
4438.46
4440
4444.1
4452.82
4442.56
4433.85
4436.92
4436.41
4437.44
4437.44
4443.59
4449.74
4441.03
4439.49
4441.54
4442.05
4444.62
4444.1
4446.67
4441.54
4438.97
4445.13
4437.95
4432.82
4433.85
4437.95
4446.67
4439.49
4437.95
4445.13
4444.62
4448.21
4445.64
4446.15
4453.33
4449.23
4446.15
4447.69
4452.31
4451.28
4437.44
4436.41
4442.56
4448.72
4457.95
4452.82
4446.67
4448.72
4453.85
4456.92
4447.69
4446.15
4455.38
4460
4459.49
4450.26
4451.79
4462.05
4457.95
4452.82
4452.31
4456.41
4458.97
4452.31
4449.74
4449.23
4442.56
4439.49
4439.49
4442.56
4443.08
4446.15
4454.36
4444.62
4437.44
4447.18
4449.74
4448.21
4443.08
4445.13
4454.87
4452.31
4448.72
4449.74
4453.33
4455.9
4450.26
4452.82
4456.41
4454.87
4452.82
4449.74
4454.36
4458.97
4461.03
4468.21
4464.62
4462.05
4463.08
4460
4463.59
4461.03
4462.56
4475.9
4473.85
4465.64
4463.08
4468.21
4473.85
4464.62
4465.13
4474.36
4475.38
4475.38
4473.33
4475.9
4480.51
4482.56
4481.54
4474.36
4474.87
4477.44
4470.77
4469.23
4467.69
4462.05
4460.51
4461.54
4471.79
4477.44
4473.33
4466.67
4455.9
4455.9
4461.03
4460.51
4466.15
4468.21
4469.74
4471.79
4472.31
4473.33
4462.56
4461.03
4472.31
4471.28
4464.62
4461.54
4470.26
4480.51
4472.31
4463.08
4461.54
4467.18
4473.33
4458.46
4444.62
4447.18
4452.31
4456.92
4456.92
4461.03
4462.56
4454.36
4450.26
4452.31
4465.64
4475.9
4466.15
4458.97
4458.46
4461.54
4463.59
4456.92
4456.41
4458.46
4465.64
4474.36
4470.77
4469.74
4464.62
4455.38
4457.95
4452.31
4450.26
4457.44
4455.9
4451.28
4449.23
4457.95
4464.1
4454.36
4448.21
4443.08
4443.59
4449.23
4441.03
4440
4448.72
4458.97
4469.74
4464.1
4461.03
4469.23
4469.74
4464.62
4464.62
4470.77
4468.21
4457.95
4455.9
4455.38
4454.87
4455.9
4453.85
4453.33
4450.26
4449.23
4452.31
4450.26
4451.28
4456.41
4461.03
4458.97
4443.59
4438.46
4444.62
4448.72
4454.36
4448.72
4445.64
4452.82
4451.28
4447.69
4447.69
4453.85
4459.49
4454.87
4452.31
4457.44
4469.23
4475.38
4465.64
4464.1
4472.82
4473.85
4468.21
4462.05
4468.21
4475.9
4475.9
4474.87
4463.59
4465.13
4477.44
4469.74
4463.59
4464.62
4466.15
4473.85
4472.31
4467.69
4467.18
4466.67
4459.49
4449.74
4461.03
4478.46
4485.64
4498.46
4503.08
4503.08
4511.79
4518.46
4517.44
4505.13
4502.56
4509.23
4509.23
4509.74
4507.18
4506.67
4510.77
4503.59
4502.56
4510.77
4515.38
4512.31
4500.51
4498.46
4500
4501.54
4502.56
4494.36
4500
4512.82
4508.21
4504.62
4499.49
4497.44
4505.64
4504.62
4494.36
4487.18
4494.36
4504.1
4501.03
4501.54
4501.03
4497.95
4502.05
4501.03
4498.97
4501.03
4504.1
4507.69
4502.05
4501.03
4509.74
4504.62
4492.31
4488.72
4496.41
4497.44
4484.1
4483.08
4484.1
4481.54
4489.74
4494.87
4491.79
4486.15
4487.18
4493.33
4489.23
4488.72
4493.85
4497.44
4501.03
4496.92
4495.38
4492.31
4479.49
4479.49
4486.15
4488.21
4484.62
4477.44
4480
4485.13
4488.21
4492.82
4491.28
4490.26
4490.77
4486.67
4486.67
4490.26
4496.41
4493.33
4489.74
4495.38
4487.69
4485.64
4497.44
4490.26
4480.51
4478.46
4484.1
4490.77
4481.03
4474.87
4484.1
4492.31
4492.31
4484.62
4483.59
4489.23
4492.31
4491.79
4487.18
4490.26
4489.74
4482.56
4482.56
4478.46
4473.85
4478.46
4482.56
4481.54
4477.95
4484.62
4489.23
4476.41
4475.9
4481.03
4480.51
4483.08
4476.41
4476.92
4484.1
4481.03
4476.41
4465.64
4463.59
4478.46
4488.21
4487.18
4478.97
4481.54
4489.74
4482.05
4479.49
4481.54
4482.05
4482.05
4474.36
4473.85
4478.46
4478.97
4473.33
4463.08
4465.64
4470.26
4467.18
4469.23
4465.64
4458.46
4462.05
4472.82
4477.44
4467.69
4468.72
4478.46
4471.28
4467.18
4469.23
4474.87
4483.59
4476.41
4469.74
4470.77
4476.41
4485.13
4477.95
4469.74
4473.33
4471.28
4465.64
4463.08
4469.23
4474.87
4474.36
4481.03
4486.67
4484.1
4480
4474.36
4478.46
4478.46
4472.82
4470.77
4463.59
4464.1
4465.13
4462.56
4462.05
4452.31
4449.74
4463.08
4469.23
4467.18
4464.62
4466.67
4468.21
4467.69
4470.77
4466.15
4462.05
4466.15
4467.18
4463.08
4454.36
4457.95
4469.74
4460
4446.67
4449.23
4454.36
4449.74
4438.46
4444.1
4456.92
4454.36
4453.85
4454.87
4460.51
4467.69
4460
4459.49
4462.05
4458.46
4455.9
4454.87
4456.92
4453.85
4454.87
4459.49
4455.38
4453.85
4447.18
4443.59
4451.28
4443.08
4438.46
4453.33
4459.49
4454.87
4453.33
4461.03
4467.69
4460.51
4456.41
4450.77
4440
4443.08
4446.15
4437.44
4428.72
4437.44
4452.82
4447.18
4441.54
4450.77
4455.9
4445.64
4428.72
4434.87
4448.72
4444.62
4438.97
4437.95
4443.59
4446.15
4436.92
4435.9
4443.08
4446.67
4451.79
4452.82
4453.33
4450.26
4447.69
4447.69
4436.41
4433.33
4441.03
4437.44
4427.18
4428.72
4440.51
4437.95
4430.26
4440
4442.05
4436.92
4440.51
4438.46
4438.97
4445.13
4447.18
4454.87
4456.41
4449.74
4444.1
4445.64
4446.67
4434.87
4431.79
4439.49
4442.56
4443.59
4436.41
4430.77
4441.54
4453.33
4452.82
4443.59
4445.64
4453.85
4447.18
4441.03
4436.92
4432.82
4434.87
4436.92
4447.69
4455.9
4452.31
4451.79
4445.64
4440.51
4446.67
4450.77
4447.69
4442.05
4444.62
4453.85
4451.79
4446.67
4449.74
4459.49
4464.62
4456.92
4458.97
4463.08
4455.38
4452.31
4453.85
4453.85
4447.18
4447.69
4454.87
4451.79
4451.79
4455.9
4456.92
4461.54
4458.46
4452.82
4453.33
4445.13
4443.59
4453.33
4460
4461.03
4454.36
4445.64
4442.56
4452.31
4458.46
4449.23
4449.23
