4357.95
4366.15
4369.23
4363.08
4351.28
4352.31
4356.41
4353.85
4355.38
4347.69
4339.49
4340
4336.41
4331.79
4331.28
4334.36
4335.9
4333.33
4336.92
4339.49
4341.03
4346.15
4345.13
4339.49
4331.28
4327.69
4335.38
4336.41
4334.87
4336.41
4335.38
4340
4342.56
4341.03
4335.9
4329.23
4330.26
4330.26
4335.9
4342.05
4332.31
4331.79
4342.56
4340.51
4336.92
4341.54
4345.64
4343.59
4346.15
4354.36
4350.77
4348.72
4348.72
4342.05
4341.54
4338.46
4337.95
4343.08
4340
4340
4342.56
4339.49
4338.46
4341.03
4342.05
4337.95
4343.08
4349.23
4336.92
4331.28
4336.41
4333.85
4331.79
4332.31
4339.49
4339.49
4329.74
4328.72
4321.03
4310.77
4312.31
4311.28
4305.13
4300.51
4304.62
4306.67
4302.56
4310.77
4311.28
4307.18
4311.79
4302.05
4298.46
4304.1
4295.9
4296.92
4302.56
4303.59
4296.92
4290.77
4297.44
4292.82
4282.05
4289.23
4297.44
4298.97
4290.77
4285.64
4290.77
4289.74
4286.67
4283.08
4283.59
4288.72
4282.05
4280
4285.64
4283.08
4277.95
4281.03
4288.72
4289.23
4285.64
4291.28
4286.67
4284.1
4292.31
4290.26
4288.72
4292.82
4296.92
4298.46
4293.85
4297.95
4300
4292.31
4288.72
4286.15
4286.15
4284.1
4283.08
4289.74
4291.28
4288.21
4284.62
4277.95
4277.95
4278.97
4279.49
4280
4273.85
4272.82
4274.36
4273.33
4275.38
4273.33
4273.33
4275.9
4278.97
4281.54
4275.9
4275.9
4280
4282.56
4284.1
4272.82
4266.67
4273.33
4271.79
4271.79
4272.82
4275.9
4281.03
4276.41
4276.41
4278.46
4280
4287.69
4285.13
4278.97
4276.92
4276.92
4275.38
4265.64
4265.64
4272.31
4270.26
4266.15
4262.56
4266.67
4272.82
4275.9
4280.51
4277.44
4275.9
4285.64
4288.21
4285.64
4286.15
4287.18
4289.23
4285.64
4285.13
4285.13
4285.64
4288.72
4284.62
4287.69
4289.23
4282.56
4292.82
4297.44
4294.36
4301.03
4298.46
4289.23
4281.54
4286.15
4297.44
4296.92
4295.9
4294.87
4293.33
4292.31
4287.69
4287.69
4290.26
4293.33
4300.51
4300.51
4303.08
4303.08
4294.36
4297.95
4297.44
4298.46
4309.23
4306.67
4295.9
4293.85
4306.67
4315.9
4308.72
4302.56
4303.08
4307.69
4313.85
4307.69
4298.97
4296.41
4299.49
4309.23
4304.62
4300
4306.67
4308.21
4309.74
4308.72
4310.26
4313.85
4311.79
4315.38
4318.46
4324.62
4330.77
4317.44
4311.28
4315.38
4315.38
4314.87
4309.23
4312.31
4322.56
4323.59
4321.54
4320
4324.62
4331.28
4327.18
4326.15
4329.23
4333.85
4338.97
4336.92
4334.36
4329.74
4330.77
4336.92
4331.79
4332.31
4337.95
4344.62
4348.72
4338.46
4341.54
4355.38
4359.49
4366.67
4368.72
4369.74
4372.82
4370.77
4370.77
4370.26
4371.28
4377.44
4374.36
4369.74
4369.74
4379.49
4385.64
4372.31
4367.69
4375.38
4383.59
4388.21
4382.05
4377.44
4373.85
4373.85
4382.56
4384.62
4387.18
4391.28
4388.21
4393.33
4400.51
4399.49
4395.38
4390.26
4396.41
4399.49
4393.85
4399.49
4403.08
4397.44
4399.49
4413.85
4418.97
4408.72
4409.23
4412.82
4412.31
4420
4420
4412.82
4414.36
4417.44
4418.46
4412.82
4411.79
4413.33
4408.21
4413.33
4418.97
4414.87
4413.33
4413.33
4413.85
4409.23
4410.26
4415.9
4405.13
4404.62
4415.38
4411.28
4405.13
4400.51
4405.13
4406.67
4396.41
4404.62
4417.95
4425.64
4437.95
4444.1
4449.74
4444.1
4434.36
4432.31
4417.44
4398.97
4382.05
4363.08
4354.87
4341.03
4328.72
4326.15
4324.62
4321.54
4307.18
4295.9
4292.31
4276.41
4267.18
4281.54
4302.56
4305.13
4287.69
4270.26
4260.51
4265.13
4262.05
4235.38
4216.41
4200.51
4173.85
4138.97
4092.31
4066.67
4066.15
4063.59
4056.41
4031.79
4029.23
4070.77
4107.18
4109.23
4082.56
4063.08
4052.82
4040.51
4029.23
4006.15
3982.05
3970.26
3965.64
3970.26
3983.08
4005.13
4018.97
3980
3948.21
3994.87
4046.67
4039.49
4021.03
4034.87
4035.38
4005.64
3979.49
3941.03
3887.69
3848.72
3840
3855.38
3860.51
3861.03
3875.9
3881.54
3881.54
3886.15
3888.72
3884.62
3878.46
3886.15
3889.74
3875.38
3872.31
3873.33
3869.23
3862.05
3853.33
3857.44
3854.87
3848.21
3850.26
3845.64
3841.54
3838.97
3827.18
3802.56
3774.87
3774.36
3783.59
3777.44
3772.82
3767.69
3768.72
3772.82
3766.15
3766.15
3766.15
3768.72
3775.9
3770.77
3767.69
3770.26
3774.87
3775.38
3772.31
3780.51
3775.38
3768.21
3782.56
3781.03
3776.41
3780
3778.97
3786.67
3786.15
3778.46
3778.46
3781.54
3788.72
3785.13
3782.05
3791.28
3788.72
3782.05
3781.03
3785.13
3787.18
3781.54
3782.05
3783.08
3783.59
3789.23
3787.69
3788.21
3788.21
3784.1
3784.1
3782.05
3783.08
3787.18
3789.23
3792.82
3792.31
3792.82
3792.31
3786.67
3792.82
3795.9
3789.74
3790.77
3790.26
3797.44
3807.69
3808.72
3812.31
3815.9
3816.41
3813.33
3819.49
3835.38
3825.13
3818.46
3829.74
3823.59
3821.54
3823.59
3815.9
3812.82
3815.9
3815.38
3807.69
3812.82
3827.69
3821.03
3813.85
3824.1
3833.33
3839.49
3837.95
3839.49
3845.64
3844.1
3844.1
3840
3837.95
3847.69
3853.85
3855.9
3857.95
3864.1
3872.31
3869.23
3871.28
3880
3882.05
3886.15
3890.26
3894.36
3892.82
3882.56
3887.69
3893.33
3892.31
3896.41
3894.87
3895.9
3901.54
3909.74
3912.31
3906.15
3908.72
3907.69
3905.13
3915.9
3920
3927.69
3937.95
3931.79
3925.64
3923.08
3925.13
3928.21
3920.51
3921.54
3924.62
3921.03
3918.46
3915.38
3921.03
3923.59
3919.49
3926.15
3927.69
3924.1
3923.59
3925.64
3930.77
3929.23
3929.23
3929.74
3929.74
3937.44
3937.44
3936.41
3941.54
3948.21
3955.38
3949.23
3947.18
3955.9
3953.33
3953.33
3951.79
3951.28
3959.49
3957.44
3956.92
3957.44
3953.33
3955.9
3955.9
3956.41
3961.03
3966.15
3968.72
3962.56
3962.56
3969.74
3969.23
3968.21
3968.72
3976.41
3985.13
3982.05
3981.54
3979.49
3975.38
3975.38
3975.38
3978.97
3977.44
3981.03
3991.79
3988.21
3987.18
3996.92
3998.97
3993.85
3993.85
4003.59
4001.03
3995.38
4006.67
4007.18
4001.03
4005.13
4010.26
4011.79
4006.15
4015.9
4029.23
4020
4017.44
4022.56
4024.1
4030.77
4033.33
4034.36
4033.33
4029.23
4032.31
4036.41
4040.51
4041.54
4042.05
4048.21
4049.74
4055.9
4062.56
4055.9
4053.33
4054.36
4057.95
4067.69
4068.21
4065.64
4062.05
4063.08
4069.74
4069.23
4065.64
4066.67
4075.9
4079.49
4067.18
4066.67
4076.41
4083.59
4094.36
4093.85
4091.28
4095.38
4093.33
4094.87
4100
4104.1
4104.62
4098.46
4101.54
4108.21
4113.85
4120.51
4114.87
4115.38
4126.15
4129.74
4125.64
4117.44
4123.59
4128.21
4120.51
4124.1
4125.64
4125.64
4130.26
4128.21
4129.23
4133.85
4136.92
4138.97
4136.41
4138.46
4141.03
4149.74
4165.13
4166.67
4164.1
4167.69
4170.26
4169.74
4162.56
4164.62
4170.26
4168.72
4173.85
4176.92
4177.95
4185.13
4185.13
4184.1
4186.67
4194.36
4202.05
4196.92
4195.38
4195.38
4192.82
4193.33
4189.74
4192.31
4199.49
4199.49
4197.95
4198.97
4208.72
4216.92
4215.9
4212.82
4204.1
4204.1
4212.82
4209.74
4210.26
4215.38
4223.59
4234.87
4232.31
4227.18
4229.74
4235.9
4236.41
4227.69
4229.23
4239.49
4241.03
4240.51
4239.49
4243.08
4247.69
4246.15
4250.26
4253.33
4258.97
4264.1
4257.44
4262.05
4267.69
4265.64
4264.62
4261.03
4263.59
4264.1
4258.97
4255.38
4249.23
4255.9
4265.64
4267.69
4273.85
4275.9
4276.92
4282.05
4278.46
4276.92
4280
4287.18
4290.77
4285.64
4288.21
4288.72
4291.28
4297.44
4290.77
4292.31
4299.49
4295.9
4298.46
4300.51
4300
4304.62
4311.28
4316.92
4311.79
4311.28
4317.44
4314.36
4312.82
4314.87
4320.51
4321.03
4313.85
4313.85
4313.85
4315.38
4324.62
4323.08
4322.05
4327.18
4325.13
4324.62
4324.62
4323.59
4322.56
4322.56
4321.03
4315.9
4321.54
4329.23
4322.05
4322.05
4326.67
4328.72
4334.87
4338.97
4337.95
4335.9
4345.13
4356.41
4350.77
4350.77
4357.95
4360
4363.59
4358.97
4353.33
4355.38
4358.97
4361.54
4357.95
4361.03
4368.21
4360.51
4360.51
4365.13
4362.56
4363.59
4367.18
4368.72
4363.08
4360
4364.62
4360.51
4356.92
4360
4363.08
4364.62
4358.97
4364.62
4376.41
4374.87
4374.36
4373.33
4374.87
4381.54
4377.44
4375.38
4378.46
4381.03
4381.54
4377.44
4383.59
4386.15
4384.1
4389.23
4386.15
4388.21
4395.9
4397.95
4403.08
4397.44
4394.36
4404.1
4405.13
4403.08
4401.54
4403.59
4409.74
4410.26
4412.82
4409.23
4403.08
4402.05
4397.44
4398.46
4403.59
4404.62
4405.64
4404.62
4407.18
4406.67
4401.54
4404.1
4401.54
4397.95
4398.46
4398.97
4406.67
4410.26
4413.33
4423.59
4424.62
4422.05
4422.56
4425.64
4429.23
4421.03
4415.9
4421.03
4425.64
4420
4407.18
4414.87
4422.56
4413.85
4413.33
4415.9
4414.87
4414.87
4412.82
4413.85
4412.82
4414.36
4421.03
4419.49
4415.38
4413.85
4424.1
4437.44
4427.69
4417.44
4418.97
4425.13
4434.36
4431.79
4430.77
4431.79
4425.64
4424.62
4424.62
4428.72
4433.85
4431.28
4435.38
4441.03
4440.51
4441.54
4436.41
4434.87
4437.44
4443.59
4448.72
4440
4436.41
4442.05
4451.28
4457.95
4449.74
4446.67
4453.33
4452.82
4451.28
4446.67
4444.1
4450.26
4450.26
4448.72
4448.72
4448.21
4452.31
4453.85
4456.92
4454.87
4455.38
4463.59
4464.62
4469.74
4471.79
4464.62
4464.62
4462.56
4463.08
4463.08
4453.85
4454.87
4464.1
4470.77
4471.79
4466.15
4460.51
4456.92
4460
4464.1
4462.05
4464.62
4463.08
4462.05
4473.33
4474.36
4465.64
4463.59
4468.72
4473.85
4467.69
4468.72
4474.36
4471.79
4474.36
4474.36
4472.82
4474.87
4471.28
4472.31
4476.41
4477.95
4480
4488.72
4508.21
4511.28
4503.08
4509.74
4512.31
4507.69
4507.18
4510.77
4523.08
4535.38
4543.59
4543.59
4538.46
4542.56
4544.1
4547.18
4554.87
4549.23
4544.62
4548.21
4556.41
4562.05
4550.26
4541.54
4544.1
4544.1
4550.26
4551.79
4545.13
4538.97
4537.44
4538.46
4532.31
4534.87
4547.18
4544.62
4540.51
4542.05
4546.67
4547.69
4544.1
4546.15
4547.69
4552.31
4554.36
4546.67
4552.31
4558.46
4554.36
4556.41
4554.36
4548.72
4548.21
4548.72
4551.28
4548.72
4551.79
4561.03
4557.95
4553.85
4551.79
4550.77
4553.33
4550.26
4545.13
4544.1
4547.18
4552.82
4552.82
4555.9
4556.41
4552.82
4554.87
4546.67
4539.49
4544.62
4551.28
4560.51
4560
4558.46
4562.56
4560
4557.95
4556.92
4561.54
4570.77
4565.13
4559.49
4562.56
4562.56
4558.97
4554.36
4557.95
4560.51
4555.9
4560.51
4562.05
4556.92
4554.87
4557.44
4556.92
4542.05
4538.97
4549.23
4545.13
4540
4546.15
4552.31
4552.82
4551.28
4556.92
4558.97
4558.46
4561.03
4556.92
4560
4562.56
4556.92
4563.59
4564.62
4561.54
4562.05
4561.03
4565.13
4564.62
4564.62
4570.26
4566.67
4564.62
4564.62
4565.13
4568.72
4562.56
4560
4563.08
4565.13
4568.72
4566.15
4565.13
4570.77
4569.74
4562.56
4557.44
4566.15
4568.72
4557.44
4557.44
4559.49
4560.51
4563.08
4557.44
4558.97
4563.59
4564.62
4569.74
4566.15
4556.41
4553.85
4558.46
4565.64
4564.1
4564.62
4568.72
4569.74
4571.79
4564.62
4560.51
4563.59
4560
4558.97
4558.97
4558.46
4564.62
4571.79
4575.9
4569.23
4563.08
4565.13
4563.08
4565.13
4568.21
4571.79
4577.95
4570.26
4563.08
4566.15
4563.08
4558.46
4555.9
4559.49
4563.59
4560
4561.54
4563.59
4559.49
4556.92
4551.79
4554.36
4561.03
4564.62
4566.67
4559.49
4557.95
4562.05
4560.51
4557.44
4553.85
4558.97
4561.03
4558.97
4567.18
4569.74
4568.21
4574.87
4576.41
4571.28
4566.67
4570.77
4574.36
4566.15
4569.74
4575.9
4569.74
4569.74
4571.79
4573.85
4570.77
4564.1
4565.13
4564.62
4573.33
4584.1
4581.03
4581.03
4582.05
4580
4576.92
4571.79
4574.87
4578.46
4576.41
4577.95
4580.51
4585.64
4586.67
4582.05
4584.62
4587.69
4590.77
4591.28
4589.74
4591.28
4583.59
4587.18
4598.97
4592.31
4586.67
4586.67
4587.18
4586.15
4576.92
4572.31
4573.85
4575.9
4575.9
4569.74
4571.79
4575.9
4572.31
4569.23
4564.1
4564.1
4560.51
4553.85
4562.05
4563.08
4560
4562.56
4560.51
4565.64
4568.72
4567.18
4566.15
4561.54
4563.59
4569.23
4573.85
4575.9
4570.77
4574.87
4584.62
4588.72
4589.23
4585.13
4590.77
4591.28
4578.46
4583.08
4589.74
4584.62
4581.54
4578.46
4577.44
4577.44
4577.95
4580.51
4582.56
4588.21
4590.77
4591.79
4592.82
4584.62
4586.15
4591.28
4586.67
4587.18
4583.08
4580.51
4585.13
4589.23
4592.82
4590.77
4590.26
4593.85
4593.33
4595.9
4597.44
4597.95
4602.56
4602.05
4601.03
4595.38
4591.79
4592.31
4584.62
4588.72
4595.9
4590.77
4593.85
4594.87
4590.26
4590.26
4586.67
4581.03
4578.46
4587.69
4596.41
4591.28
4590.77
4591.28
4587.18
4584.1
4581.03
4585.13
4587.18
4587.18
4593.85
4593.85
4592.31
4587.18
4580
4587.69
4590.77
4589.74
4592.82
4589.74
4589.23
4590.77
4596.92
4598.97
4588.21
4589.74
4592.31
4586.67
4584.62
4579.49
4575.38
4574.87
4578.97
4585.13
4580.51
4581.03
4586.67
4585.13
4587.69
4588.21
4589.74
4592.31
4589.23
4592.82
4596.92
4596.41
4593.33
4585.13
4585.64
4588.72
4591.28
4597.44
4595.38
4593.33
4593.33
4593.33
4598.46
4595.9
4595.38
4600
4601.54
4602.56
4596.41
4594.36
4597.44
4592.82
4594.36
4596.41
4594.87
4593.33
4589.74
4591.79
4589.23
4581.54
4581.54
4581.54
4582.05
4582.05
4582.56
4587.69
4583.59
4579.49
4580.51
4580.51
4584.1
4580
4577.95
4584.62
4581.03
4578.97
4583.59
4583.59
4580.51
4580.51
4588.72
4590.26
4584.62
4584.62
4582.56
4586.67
4589.74
4590.26
4598.46
4600.51
4599.49
4598.97
4595.38
4594.87
4595.9
4601.03
4605.64
4601.03
4600.51
4598.46
4597.95
4605.64
4603.59
4601.54
4606.67
4606.67
4603.59
4603.59
4610.26
4609.23
4604.1
4605.13
4597.95
4595.38
4598.46
4591.28
4590.26
4592.31
4589.74
4589.23
4587.69
4593.85
4597.44
4592.31
4586.67
4580.51
4582.05
4584.1
4580
4579.49
4583.08
4585.64
4581.03
4578.46
4583.08
4575.9
4572.31
4582.56
4585.13
4583.08
4582.05
4587.69
4591.28
4587.18
4589.23
4587.18
4587.69
4593.33
4581.54
4572.31
4573.33
4571.79
4575.38
4580.51
4582.05
4581.03
4577.44
4578.46
4578.46
4581.54
4584.1
4577.44
4576.92
4578.97
4578.46
4573.85
4567.69
4571.28
4572.82
4573.85
4580.51
4583.08
4586.67
4585.64
4585.64
4592.82
4586.15
4576.92
4575.38
4567.69
4561.03
4561.03
4570.77
4576.41
4569.74
4573.33
4573.85
4573.33
4580
4578.46
4577.95
4582.56
4586.67
4587.69
4578.97
4576.92
4581.54
4578.46
4575.9
4579.49
4588.72
4587.69
4577.95
4583.08
4588.72
4583.08
4579.49
4580
4580.51
4576.92
4575.38
4573.33
4565.64
4567.18
4572.82
4573.33
4570.77
4562.05
4558.46
4561.03
4564.1
4569.23
4568.21
4568.21
4568.72
4564.62
4565.13
4566.67
4567.69
4569.74
4562.05
4559.49
4570.26
4579.49
4576.92
4569.74
4573.85
4578.46
4576.92
4578.46
4575.38
4579.49
4586.67
4586.67
4588.72
4585.13
4584.62
4586.67
4577.95
4576.92
4577.95
4577.44
4579.49
4577.95
4584.1
4589.74
4586.15
4581.54
4578.46
4582.05
4587.69
4591.79
4598.46
4596.41
4591.79
4595.38
4598.97
4599.49
4593.85
4593.33
4596.41
4597.95
4606.67
4606.67
4598.97
4596.41
4592.82
4593.85
4597.44
4600
4601.54
4597.44
4598.46
4598.46
4598.46
4605.64
4597.95
4590.77
4593.85
4592.82
4589.23
4586.15
4588.72
4592.31
4589.74
4588.21
4587.18
4588.21
4592.82
4595.38
4599.49
4597.44
4594.36
4599.49
4596.92
4593.85
4596.41
4599.49
4601.54
4596.41
4596.92
4603.59
4600.51
4596.41
4596.92
4597.95
4592.82
4581.54
4581.54
4587.69
4591.28
4593.33
4591.79
4595.9
4596.92
4592.82
4594.36
4594.36
4593.33
4593.85
4597.95
4603.59
4602.05
4602.05
4599.49
4590.26
4594.87
4601.03
4598.97
4593.85
4589.23
4592.82
4596.41
4595.9
4596.92
4596.41
4597.95
4594.36
4587.18
4589.23
4596.92
4603.59
4599.49
4591.79
4596.41
4596.92
4597.95
4600.51
4592.82
4591.28
4590.26
4592.82
4600.51
4595.38
4591.79
4600
4606.67
4603.08
4595.9
4597.44
4601.54
4602.56
4605.13
4604.62
4605.13
4604.62
4598.97
4596.92
4591.28
4584.62
4582.05
4583.59
4586.67
4585.13
4588.21
4588.21
4577.95
4581.03
4588.72
4589.23
4590.26
4586.15
4585.64
4586.67
4583.59
4584.62
4579.49
4578.97
4589.23
4594.36
4595.9
4592.82
4593.85
4597.44
4593.33
4594.36
4597.44
4594.87
4593.85
4590.77
4589.74
4590.26
4590.26
4588.21
4581.54
4584.62
4588.72
4587.18
4590.26
4584.62
4576.41
4581.03
4589.74
4593.85
4587.18
4586.15
4590.77
4585.13
4584.62
4586.15
4590.77
4599.49
4593.33
4589.74
4592.31
4591.79
4593.85
4594.36
4595.9
4594.87
4589.74
4589.74
4591.28
4592.82
4592.82
4592.82
4600.51
4605.13
4601.03
4593.85
4590.77
4597.44
4595.38
4588.72
4589.74
4584.62
4583.59
4586.15
4582.56
4583.59
4582.56
4583.59
4588.72
4592.31
4593.85
4590.77
4592.82
4594.87
4591.79
4597.44
4598.46
4592.82
4592.82
4593.33
4589.74
4587.18
4591.79
4597.95
4592.31
4588.21
4589.23
4586.15
4582.05
4580
4588.21
4593.85
4588.72
4590.26
4590.77
4592.31
4598.97
4595.9
4594.36
4593.85
4589.23
4587.18
4585.64
4584.62
4581.54
4583.08
4584.1
4581.54
4586.15
4582.56
4577.95
4587.69
4586.15
4579.49
4588.21
4596.92
4595.38
4590.77
4597.44
4603.08
4593.85
4590.26
4591.28
4586.15
4586.15
4588.21
4583.08
4573.85
4575.9
4589.23
4588.21
4586.67
4596.92
4601.03
4594.87
4587.69
4593.85
4604.1
4604.1
4602.56
4603.08
4603.59
4597.44
4586.67
4587.69
4592.82
4593.85
4596.41
4597.95
4598.97
4595.9
4592.82
4594.87
4591.28
4592.82
4594.36
4585.13
4581.03
4583.08
4588.21
4593.33
4593.33
4594.36
4592.31
4591.28
4593.33
4591.28
4591.79
4592.31
4592.31
4595.38
4595.9
4593.85
4586.15
4580
4582.05
4576.92
4575.9
4585.13
4590.26
4591.79
4588.72
4585.13
4588.21
4589.23
4586.15
4580
4581.54
4587.69
4583.59
4580
4575.38
4569.23
4570.26
4572.82
4580
4581.54
4578.46
4579.49
4574.87
4572.31
4575.9
4576.41
4575.9
4571.79
4570.26
4574.36
4575.38
4577.95
4582.56
4586.15
4585.13
4580.51
4585.64
4591.28
4588.21
4590.77
4590.26
4586.15
4583.08
4580.51
4580
4577.95
4577.44
4575.9
4576.92
4585.13
4580
4573.33
4572.82
4564.1
4563.59
4573.33
4576.92
4575.9
4570.26
4568.21
4574.87
4584.1
4586.15
4582.56
4582.05
