4308.72
4310.77
4318.46
4323.08
4309.74
4303.59
4312.82
4320.51
4326.15
4323.08
4315.9
4312.82
4313.85
4313.85
4306.15
4309.23
4317.44
4313.33
4315.38
4320.51
4319.49
4323.59
4325.64
4320.51
4312.82
4312.31
4323.59
4326.15
4322.56
4319.49
4320
4324.1
4322.56
4317.95
4313.85
4310.77
4313.33
4312.82
4317.44
4322.56
4318.46
4321.54
4323.08
4312.82
4313.85
4318.97
4314.36
4311.28
4324.62
4338.46
4335.9
4338.97
4343.08
4336.92
4334.87
4330.77
4331.28
4341.03
4343.08
4342.56
4342.56
4341.03
4334.87
4333.85
4336.41
4330.26
4331.28
4339.49
4328.72
4326.15
4338.46
4333.33
4322.05
4326.15
4336.92
4336.41
4331.79
4334.87
4331.28
4327.18
4335.38
4338.46
4333.85
4332.31
4339.49
4335.38
4323.08
4332.82
4338.46
4338.46
4347.18
4332.82
4324.62
4343.59
4347.18
4337.44
4340.51
4348.72
4338.46
4337.95
4353.85
4338.46
4317.95
4331.28
4347.18
4343.59
4328.21
4325.64
4337.44
4335.9
4334.36
4340
4331.79
4317.95
4314.36
4324.62
4328.72
4324.62
4325.64
4328.72
4331.79
4331.28
4330.26
4330.77
4323.08
4324.1
4335.9
4335.38
4335.38
4333.33
4327.69
4330.26
4332.31
4336.92
4342.56
4343.08
4334.36
4320.51
4322.56
4327.18
4324.62
4329.74
4337.95
4340
4338.46
4340.51
4344.1
4337.44
4335.38
4343.08
4343.08
4337.95
4332.82
4331.79
4333.85
4327.18
4325.13
4333.85
4336.92
4337.95
4339.49
4343.08
4339.49
4335.9
4342.56
4342.05
4344.1
4348.72
4337.95
4328.21
4332.82
4345.64
4347.69
4339.49
4337.44
4330.26
4331.79
4347.18
4345.13
4335.9
4338.97
4337.95
4330.26
4325.13
4325.13
4329.74
4332.31
4329.23
4321.03
4322.56
4332.82
4337.95
4338.97
4326.15
4321.03
4336.92
4339.49
4332.82
4335.9
4341.03
4337.95
4329.74
4331.28
4334.87
4334.36
4335.9
4329.74
4330.77
4336.41
4332.82
4337.44
4341.03
4341.03
4340.51
4333.33
4327.69
4320
4324.1
4335.9
4336.92
4334.36
4329.23
4327.69
4333.33
4329.23
4323.08
4325.64
4335.9
4340
4336.92
4343.08
4341.54
4326.67
4326.67
4330.77
4333.33
4335.9
4330.26
4324.62
4324.62
4333.33
4341.03
4331.28
4323.59
4326.67
4335.38
4338.46
4329.23
4326.67
4326.67
4325.64
4333.33
4331.28
4327.18
4334.87
4342.05
4338.97
4330.77
4332.31
4334.87
4330.26
4332.82
4335.38
4337.44
4341.54
4333.33
4329.23
4334.87
4334.36
4326.67
4317.95
4321.03
4330.77
4335.9
4330.77
4320
4326.15
4336.41
4330.77
4324.62
4322.56
4331.28
4343.08
4335.38
4328.21
4328.72
4325.13
4322.05
4318.97
4324.1
4328.72
4332.82
4335.9
4322.56
4318.97
4333.33
4335.9
4332.82
4330.26
4328.21
4324.1
4326.15
4332.82
4327.69
4325.64
4329.74
4327.18
4322.56
4320
4326.67
4328.72
4316.92
4316.41
4324.62
4332.82
4343.59
4334.36
4314.36
4312.31
4323.08
4332.31
4328.72
4324.1
4320.51
4324.62
4336.92
4334.36
4328.21
4328.72
4321.54
4324.62
4333.33
4332.82
4331.28
4325.64
4318.97
4322.05
4331.79
4333.85
4324.1
4324.62
4329.23
4324.62
4327.18
4328.72
4321.54
4319.49
4326.15
4330.26
4324.1
4325.13
4327.18
4318.46
4320
4322.05
4321.54
4330.26
4331.79
4327.18
4323.08
4327.18
4331.79
4317.95
4312.82
4329.23
4341.54
4333.33
4313.33
4315.38
4327.69
4321.54
4324.1
4328.21
4323.59
4325.64
4324.62
4321.03
4312.82
4314.36
4323.08
4317.44
4326.67
4337.44
4324.1
4313.85
4315.9
4321.54
4325.64
4330.77
4333.33
4323.08
4321.54
4329.74
4325.13
4319.49
4323.08
4328.21
4328.21
4327.69
4332.82
4325.64
4313.33
4320.51
4330.77
4330.26
4325.64
4322.56
4318.97
4315.38
4326.67
4335.9
4331.28
4330.77
4330.26
4332.31
4333.85
4331.79
4337.95
4339.49
4338.97
4342.56
4339.49
4336.92
4335.9
4330.77
4330.77
4332.82
4333.85
4330.26
4326.67
4329.74
4325.64
4326.15
4331.28
4332.31
4338.46
4332.31
4327.18
4332.31
4330.77
4331.79
4342.05
4343.59
4333.85
4330.26
4341.54
4339.49
4329.23
4334.36
4332.82
4326.15
4329.23
4331.79
4332.82
4329.23
4329.74
4338.97
4348.21
4348.21
4332.82
4329.23
4332.82
4324.62
4326.15
4331.79
4337.95
4341.54
4329.74
4322.56
4326.15
4330.77
4327.18
4314.87
4320.51
4328.72
4324.1
4331.28
4335.9
4329.23
4325.13
4328.72
4334.36
4329.23
4329.74
4334.36
4325.13
4323.08
4329.23
4338.46
4344.1
4333.85
4328.72
4332.82
4342.05
4348.21
4331.28
4327.18
4338.97
4343.59
4349.74
4339.49
4335.9
4345.64
4341.03
4336.92
4340.51
4342.56
4345.13
4346.15
4342.56
4337.44
4341.03
4345.64
4334.87
4328.72
4337.44
4344.62
4345.13
4344.62
4347.69
4338.46
4331.28
4335.9
4328.72
4330.26
4341.54
4338.46
4337.95
4335.9
4331.79
4335.38
4338.97
4342.05
4334.87
4326.67
4332.82
4332.31
4341.54
4352.82
4341.03
4330.26
4332.82
4335.9
4333.33
4343.59
4362.05
4348.21
4333.33
4338.97
4337.44
4335.38
4335.38
4334.87
4336.41
4331.79
4330.77
4337.95
4351.28
4353.33
4333.85
4328.21
4342.05
4349.23
4348.72
4346.15
4345.13
4344.62
4347.69
4352.31
4340
4330.26
4340.51
4344.62
4340.51
4339.49
4350.77
4364.1
4352.31
4341.03
4347.18
4352.31
4357.95
4362.56
4360.51
4349.74
4340.51
4342.05
4341.54
4350.77
4362.05
4349.23
4337.44
4342.56
4354.36
4358.97
4346.67
4338.46
4341.03
4346.67
4350.77
4346.67
4353.85
4359.49
4347.18
4348.21
4352.31
4349.23
4346.15
4342.05
4347.18
4349.23
4343.08
4340.51
4340.51
4340
4335.9
4342.56
4352.31
4340.51
4335.9
4340
4338.97
4344.62
4342.56
4336.41
4336.92
4341.54
4345.13
4336.92
4334.36
4340.51
4344.62
4354.87
4352.82
4338.46
4336.92
4345.13
4349.74
4338.97
4333.85
4345.64
4345.64
4340
4341.54
4345.13
4342.05
4335.38
4339.49
4344.1
4345.64
4347.18
4332.82
4326.15
4337.44
4346.15
4346.15
4338.97
4340
4344.1
4338.46
4333.85
4333.85
4335.9
4330.26
4324.62
4332.31
4328.21
4321.54
4335.9
4333.85
4321.03
4321.54
4331.79
4342.05
4336.41
4329.23
4329.74
4330.77
4335.38
4338.46
4340
4332.31
4326.15
4333.33
4331.28
4330.26
4342.56
4337.95
4322.56
4316.41
4326.15
4335.9
4334.36
4336.41
4336.41
4330.26
4326.67
4322.05
4325.64
4326.67
4326.15
4336.92
4338.97
4335.9
4336.41
4325.13
4318.97
4327.69
4336.41
4335.38
4332.31
4334.87
4330.26
4332.31
4341.54
4333.85
4322.56
4323.08
4336.92
4344.1
4322.05
4311.79
4329.74
4337.95
4336.41
4333.85
4327.69
4324.1
4322.05
4318.46
4316.92
4328.21
4334.36
4322.56
4323.59
4333.85
4334.87
4335.38
4330.26
4326.15
4329.23
4335.9
4333.85
4322.05
4334.87
4342.56
4323.59
4322.05
4330.26
4335.38
4340
4334.87
4329.23
4329.74
4330.77
4328.21
4326.15
4330.77
4328.72
4328.21
4338.97
4337.44
4331.79
4327.69
4326.15
4332.31
4333.33
4336.41
4337.95
4329.23
4325.64
4328.21
4336.92
4343.08
4337.44
4333.85
4336.41
4343.08
4346.15
4335.38
4328.72
4328.72
4331.79
4338.46
4329.23
4322.56
4335.9
4341.54
4331.79
4328.72
4336.92
4338.46
4335.38
4330.26
4318.97
4324.1
4335.9
4332.31
4327.18
4319.49
4324.1
4344.1
4341.03
4328.21
4326.15
4333.85
4343.59
4330.77
4318.46
4325.13
4332.31
4339.49
4337.95
4329.74
4329.74
4333.85
4331.28
4322.56
4328.72
4336.92
4334.36
4339.49
4342.56
4334.87
4327.69
4320.51
4322.56
4327.69
4328.21
4322.56
4309.74
4311.79
4321.03
4328.72
4338.46
4331.79
4326.15
4329.23
4323.59
4319.49
4323.08
4328.72
4325.64
4321.54
4329.23
4327.69
4326.15
4329.74
4318.97
4315.38
4323.59
4327.18
4329.74
4324.62
4320.51
4326.15
4332.31
4334.36
4328.72
4330.77
4332.82
4324.62
4324.62
4327.18
4335.9
4344.1
4330.77
4318.97
4321.54
4330.77
4337.44
4331.79
4333.33
4345.64
4343.59
4331.79
4325.64
4329.23
4334.87
4337.44
4336.92
4328.21
4327.18
4331.79
4329.74
4328.72
4325.64
4329.23
4333.85
4324.1
4321.03
4326.15
4330.77
4333.85
4331.28
4332.31
4331.79
4332.31
4340.51
4332.82
4319.49
4325.13
4333.85
4330.77
4328.72
4338.46
4334.87
4317.44
4324.1
4334.87
4329.74
4330.77
4334.36
4329.74
4319.49
4322.56
4330.77
4323.59
4321.03
4323.59
4324.1
4324.62
4316.41
4322.56
4338.97
4331.28
4317.95
4316.92
4321.54
4327.18
4332.31
4331.79
4320.51
4315.38
4318.46
4316.41
4325.64
4330.77
4325.64
4327.18
4320
4323.08
4341.54
4341.54
4327.69
4317.95
4324.1
4336.92
4335.9
4329.74
4327.69
4334.36
4336.41
4332.31
4339.49
4337.95
4325.64
4320
4314.87
4322.56
4337.44
4334.87
4324.1
4323.59
4330.26
4328.21
4324.1
4326.15
4319.49
4316.41
4316.92
4315.38
4324.62
4333.85
4337.44
4335.38
4324.1
4325.13
4334.36
4340.51
4339.49
4326.15
4322.05
4326.15
4330.77
4329.74
4320.51
4330.26
4337.95
4329.74
4333.85
4335.38
4328.21
4332.82
4337.95
4326.67
4317.44
4330.77
4340
4327.69
4325.13
4332.31
4330.26
4332.82
4338.46
4333.85
4325.13
4331.28
4341.54
4332.82
4334.36
4341.03
4327.18
4320
4323.08
4327.69
4330.26
4329.23
4335.9
4336.92
4331.79
4330.26
4324.1
4321.54
4324.1
4327.18
4332.82
4330.77
4322.05
4321.03
4338.46
4348.72
4323.08
4308.72
4326.15
4331.79
4325.13
4321.54
4325.13
4327.69
4325.64
4330.26
4326.67
4316.92
4323.59
4331.28
4327.18
4318.46
4324.1
4332.82
4324.1
4323.59
4332.82
4333.33
4334.36
4334.87
4335.38
4330.77
4318.97
4318.46
4323.59
4327.18
4330.26
4332.82
4331.79
4321.03
4316.41
4323.08
4318.97
4315.38
4322.05
4329.74
4330.26
4319.49
4316.92
4321.03
4321.03
4327.18
4327.69
4324.62
4326.67
4330.26
4334.36
4328.72
4329.23
4335.38
4325.13
4317.95
4322.56
4327.18
4328.72
4329.23
4327.18
4313.33
4309.23
4323.08
4324.62
4326.15
4330.77
4325.64
4326.67
4330.26
4332.82
4336.41
4335.9
4330.26
4320
4323.59
4334.36
4331.79
4325.64
4324.1
4329.74
4338.46
4327.18
4312.31
4314.87
4323.08
4329.23
4324.1
4321.03
4328.21
4330.77
4322.56
4310.26
4317.95
4330.26
4321.54
4314.87
4320.51
4331.28
4332.31
4325.64
4328.72
4330.26
4330.77
4328.21
4321.54
4335.9
4345.64
4328.72
4324.1
4330.26
4327.18
4326.15
4335.38
4339.49
4326.67
4322.56
4330.77
4330.26
4325.13
4323.59
4329.23
4328.72
4314.36
4314.87
4326.67
4324.62
4318.46
4318.97
4326.67
4324.1
4323.59
4332.31
4320.51
4308.72
4321.03
4333.33
4334.36
4328.72
4331.79
4340.51
4337.44
4329.74
4327.69
4336.41
4342.05
4330.26
4330.26
4335.9
4327.18
4322.05
4325.13
4328.72
4322.56
4317.95
4328.72
4332.82
4327.18
4327.18
4335.9
4336.41
4318.97
4319.49
4333.85
4321.54
4305.64
4307.69
4316.41
4317.95
4315.38
4315.9
4309.23
4306.67
4314.87
4309.23
4310.26
4319.49
4315.9
4311.28
4306.15
4304.1
4310.26
4313.85
4308.72
4298.97
4305.13
4311.79
4302.56
4300.51
4299.49
4300.51
4314.87
4310.26
4300.51
4306.15
4311.28
4308.21
4302.56
4307.69
4315.9
4317.95
4308.72
4297.44
4310.26
4323.59
4308.72
4295.38
4296.41
4307.18
4316.92
4308.21
4303.59
4313.33
4317.44
4312.82
4307.18
4307.69
4304.62
4304.1
4314.87
4315.9
4312.31
4313.33
4313.85
4317.44
4316.41
4314.36
4312.82
4305.13
4302.05
4303.08
4307.69
4309.23
4305.64
4314.87
4320
4308.21
4302.56
4305.64
4310.26
4309.23
4314.87
4324.1
4316.92
4312.82
4311.79
4303.08
4305.13
4308.72
4305.64
4307.18
4306.15
4306.15
4309.23
4312.31
4313.33
4313.33
4316.41
4310.26
4305.64
4315.38
4309.74
4301.03
4312.31
4322.05
4316.41
4312.31
4314.36
4303.08
4298.97
4318.46
4319.49
4314.87
4328.21
4327.69
4316.92
4315.38
4318.46
4318.46
4318.46
4323.08
4316.41
4309.23
4313.85
4314.87
4320.51
4326.15
4319.49
4314.36
4310.26
4313.33
4323.08
4322.05
4318.46
4312.82
4312.31
4322.56
4326.15
4316.41
4309.23
4315.38
4320
4316.92
4322.05
4320
4313.33
4324.1
4324.62
4320.51
4328.72
4328.21
4315.38
4307.18
4317.44
4328.72
4325.64
4322.56
4321.03
4323.08
4320.51
4309.74
4305.64
4307.69
4314.87
4318.97
4309.23
4308.72
4312.31
4310.26
4318.46
4324.1
4316.41
4303.59
4302.56
4313.85
4313.33
4310.77
4312.82
4312.82
4317.44
4312.82
4309.74
4317.44
4316.92
4313.85
4311.79
4314.87
4317.44
4314.36
4317.95
4322.05
4320.51
4321.03
4318.97
4326.15
4327.18
4310.77
4317.44
4330.26
4320
4313.85
4317.44
4316.92
4310.26
4310.26
4318.97
4327.69
4329.23
4314.87
4310.26
4319.49
4314.36
4312.31
4320.51
4324.1
4324.1
4316.41
4314.36
4316.92
4316.41
4324.62
4325.64
4317.44
4317.95
4321.03
4322.05
4318.97
4322.05
4329.23
4327.18
4326.67
4326.67
4324.1
4318.46
4310.26
4317.95
4326.67
4320.51
4317.44
4316.41
4319.49
4324.62
4320
4313.85
4312.82
4321.54
4328.21
4321.03
4316.92
4314.87
4312.82
4312.31
4309.74
4314.36
4314.87
4315.9
4325.64
4322.56
4314.87
4308.72
4306.67
4319.49
4322.56
4317.95
4318.97
4318.97
4319.49
4318.46
4321.54
4323.08
4314.87
4312.31
4311.79
4317.44
4325.64
4315.9
4305.64
4307.18
4315.38
4316.92
4306.67
4316.92
4328.21
4313.33
4306.15
4311.79
4317.95
4322.56
4323.08
4320.51
4314.36
4314.36
4321.54
4322.05
4315.38
4302.56
4310.77
4331.79
4322.56
4309.23
4315.9
4320.51
4320.51
4318.46
4320
4323.59
4328.21
4327.18
4309.23
4304.1
4320
4326.15
4321.03
4314.36
4317.95
4319.49
4311.79
4316.92
4318.46
4304.62
4304.1
4312.82
4314.87
4311.28
4312.82
4318.46
4314.87
4306.67
4306.67
4318.97
4327.69
4311.28
4306.15
4320.51
4315.38
4312.31
4322.05
4321.54
4316.41
4316.41
4317.44
4313.85
4315.38
4318.46
4311.79
4318.46
4327.69
4325.13
4327.69
4323.08
4317.44
4315.9
4316.92
4323.59
4323.59
4320
4323.08
4331.28
4333.85
4320
4316.92
4330.77
4326.15
4318.46
4325.13
4329.23
4327.69
4329.74
4337.95
4336.92
4325.13
4324.1
4329.74
4331.79
4329.23
4327.69
4330.77
4325.13
4323.59
4329.23
4321.54
4320
4329.74
4333.33
4323.08
4308.21
4311.79
4323.08
4324.62
4324.1
4322.56
4321.54
4321.03
4325.13
4330.26
4321.54
4317.95
4325.13
4325.64
4322.56
4319.49
4325.13
4329.74
4324.1
4324.62
4322.56
4321.54
4328.72
4320.51
4308.72
4307.69
4313.85
4324.1
4324.1
4316.41
4311.79
4311.28
4312.82
4313.85
4324.62
4330.77
4316.92
4309.23
4315.38
4321.54
4315.9
4311.79
4318.46
4315.9
4318.46
4329.23
4324.62
4319.49
4317.95
4316.92
4324.1
4322.56
4312.31
4312.31
4318.46
4318.46
4312.31
4318.46
4323.08
4313.33
4313.85
4316.92
4320
4320
4306.15
4302.05
4314.36
4328.21
4327.18
4312.82
4316.41
4327.18
4322.05
4322.05
4328.21
4328.72
4323.59
4315.9
4313.85
4319.49
4325.64
4321.54
4312.31
4315.9
4320.51
4317.44
4313.85
4310.26
4311.79
4318.46
4324.62
4321.03
4305.64
4300
4307.69
4317.95
4324.62
4316.41
4309.74
4320
4325.13
4320
4313.33
4314.36
4317.44
4313.33
4313.85
4325.13
4337.44
4329.74
4312.82
4320
4328.72
4326.15
4326.15
4317.44
4320
4333.33
4333.33
4331.28
4323.59
4318.46
4324.62
4327.69
4324.62
4321.54
4327.18
4332.31
4330.77
4333.85
4332.31
4325.13
4323.59
4320
4323.59
4329.74
4330.77
4336.92
4337.44
4335.9
4338.46
4344.1
4349.23
4337.95
4328.72
4336.92
4342.05
4345.64
4346.15
4337.44
4337.44
4344.1
4340.51
4338.46
4354.87
4353.33
4330.77
4332.82
4340
4341.54
4354.36
4346.15
4331.28
4338.97
4345.64
4344.1
4339.49
4336.92
4338.97
4341.03
4336.92
4329.74
4337.95
4349.74
4343.59
4340.51
4338.46
4332.31
4338.97
4346.67
4342.05
4333.85
4343.08
4354.87
4344.62
4337.95
4345.64
4342.05
4336.92
4338.97
4341.03
4341.03
4336.92
4332.31
4326.15
4329.23
4337.95
4335.38
4336.92
4336.92
4329.74
4334.87
4340.51
4334.87
4329.74
4340.51
4349.23
4337.44
4336.41
4340.51
4328.21
4331.28
4345.13
4338.97
4326.15
4327.18
4332.31
4332.82
4339.49
4343.08
4337.44
4337.44
4334.36
4327.18
4331.79
4337.95
4340
4336.92
4330.26
4333.33
4336.92
4338.97
4341.03
4332.82
4323.59
4324.1
4332.82
4334.87
4324.62
4323.08
4330.26
4336.92
4336.92
4327.69
4327.69
4334.87
4337.44
4342.56
4342.05
4332.82
4324.1
4326.67
4335.9
4331.28
4324.1
4324.1
4324.1
4326.15
4329.74
4335.38
4330.77
4317.95
4323.08
4328.21
4329.23
4331.28
4323.08
4329.23
4338.46
4326.15
4321.03
4320
4316.92
4326.15
4336.92
4333.85
4323.59
4327.69
4332.82
4326.15
4328.21
4330.26
4327.69
4325.64
4318.97
4321.54
4329.23
4327.69
4320.51
4311.79
4314.36
4325.13
4327.69
4324.1
4316.92
4312.31
4316.92
4326.67
4327.18
4319.49
4322.56
4329.23
4329.23
4327.69
4320
4321.03
4334.87
4329.74
4320.51
4324.1
4332.31
4336.41
4331.28
4331.79
4328.72
4319.49
4320.51
4322.56
4328.72
4328.72
4323.59
4332.82
4334.87
4327.69
4332.82
4331.79
4322.05
4316.41
4320.51
4327.69
4321.03
4314.36
4317.44
4317.44
4314.36
4306.15
4307.18
4317.44
4320.51
4319.49
4320.51
4320
4312.82
4312.31
4322.56
4324.1
4318.97
4318.46
4318.97
4316.41
4308.72
4313.85
4325.13
4317.95
4309.23
4305.64
4306.15
4310.77
4307.18
4308.72
4315.9
4317.44
4320
4318.97
4323.08
4329.74
4320
4311.79
4317.95
4328.21
4328.21
4315.9
4312.82
4316.41
4314.36
4309.74
4318.46
4329.74
4312.31
4300
4310.77
4309.23
4305.13
4315.38
4320
4320.51
4316.92
4314.36
4322.56
4326.15
4316.41
4306.15
4311.79
4323.59
4312.82
4297.95
4300
4308.21
4316.92
4312.31
4304.1
4312.31
4322.56
4315.9
4299.49
4304.1
4324.1
4326.67
4313.85
4302.56
4308.72
4315.38
4311.79
4311.79
4307.69
4308.72
4318.46
4318.97
4318.97
4317.44
4311.79
4313.33
4310.77
4308.72
4317.44
4314.36
4296.92
4292.82
4304.1
4309.74
4310.77
4311.79
4300.51
4296.41
4312.82
4318.46
4308.21
4297.44
4302.56
4316.41
4318.46
4313.85
4312.31
4315.9
4311.28
4293.33
4291.28
4304.62
4310.77
4307.18
4297.44
4300
4315.9
4315.38
4301.54
4295.38
4304.1
4312.82
4302.56
4294.36
4295.9
4295.38
4294.87
4295.9
4307.69
4315.9
4310.26
4307.18
4303.59
4303.08
4308.21
4309.74
4304.62
4294.36
4297.95
4311.79
4313.33
4309.23
4306.15
4306.15
4308.21
4309.74
4312.31
4309.23
4304.62
4310.26
4315.9
4313.85
4303.08
4296.41
4302.05
4307.18
4310.26
4307.18
4306.67
4315.9
4308.72
4302.05
4307.18
4297.95
4294.36
4303.59
4309.23
4314.36
4309.74
4294.87
4293.33
4308.72
4310.26
4303.59
4307.69
