4250.77
4250.26
4250.26
4249.23
4241.03
4245.13
4256.92
4257.44
4258.97
4255.9
4253.33
4253.85
4244.62
4242.56
4247.69
4249.23
4248.72
4246.67
4248.21
4246.67
4245.13
4250.77
4249.23
4246.15
4244.62
4242.56
4244.62
4246.67
4251.79
4251.79
4246.67
4250.26
4250.77
4246.15
4241.54
4240
4244.62
4243.59
4248.21
4252.82
4243.08
4241.03
4246.67
4248.72
4253.85
4250.26
4245.13
4244.1
4243.59
4248.72
4247.18
4245.64
4249.23
4249.74
4254.36
4252.82
4247.69
4251.28
4253.33
4251.79
4253.33
4261.54
4260.51
4252.82
4257.44
4260
4257.95
4256.92
4246.67
4247.69
4257.44
4250.26
4245.64
4254.36
4262.05
4257.44
4252.31
4257.95
4254.87
4249.74
4254.36
4258.46
4264.1
4261.03
4256.92
4257.95
4252.82
4259.49
4260
4250.77
4260
4262.56
4265.64
4274.36
4273.33
4273.33
4272.31
4276.92
4275.9
4266.15
4272.31
4271.28
4262.05
4265.13
4266.67
4266.15
4263.59
4262.05
4264.1
4261.03
4261.54
4262.56
4264.62
4268.21
4262.05
4256.41
4253.85
4252.82
4252.82
4249.23
4252.82
4256.41
4254.87
4260.51
4257.95
4256.41
4265.64
4259.49
4249.74
4248.72
4251.28
4252.82
4248.72
4255.38
4258.46
4251.79
4256.92
4255.9
4249.23
4244.1
4243.59
4253.33
4253.33
4252.31
4255.38
4252.82
4252.82
4254.36
4257.95
4257.44
4248.72
4248.21
4252.31
4252.82
4251.79
4246.67
4247.18
4255.38
4258.46
4256.41
4251.79
4256.41
4264.1
4262.56
4264.1
4263.08
4263.59
4267.69
4265.64
4268.21
4265.13
4262.05
4266.15
4261.54
4258.97
4258.46
4262.05
4271.28
4265.13
4260.51
4266.15
4266.67
4261.54
4254.36
4257.95
4261.54
4257.95
4256.92
4251.28
4250.77
4257.44
4257.95
4259.49
4254.36
4251.79
4257.44
4253.85
4253.85
4258.97
4256.92
4253.85
4251.79
4255.38
4257.44
4256.92
4256.92
4249.23
4252.82
4256.92
4251.28
4257.95
4259.49
4256.41
4261.54
4256.41
4251.28
4249.74
4252.31
4256.92
4254.87
4253.85
4250.77
4249.23
4253.85
4251.79
4251.79
4254.87
4252.82
4256.41
4259.49
4266.67
4269.74
4261.03
4258.46
4255.9
4256.41
4258.46
4250.26
4247.69
4248.21
4250.26
4253.85
4251.28
4255.9
4256.92
4251.28
4252.82
4252.31
4249.74
4247.18
4249.74
4258.46
4255.38
4254.36
4259.49
4257.44
4258.46
4255.9
4252.31
4255.38
4254.87
4258.46
4258.46
4261.03
4269.23
4261.54
4255.38
4256.92
4260
4264.62
4257.95
4258.46
4266.67
4261.54
4259.49
4263.59
4266.67
4263.08
4258.97
4264.1
4266.67
4268.72
4271.28
4262.56
4258.46
4254.87
4252.82
4258.97
4261.03
4262.05
4258.46
4254.36
4257.44
4251.79
4254.87
4259.49
4253.33
4257.44
4257.44
4254.36
4254.36
4249.74
4249.74
4250.26
4254.87
4264.62
4262.56
4253.85
4247.69
4253.85
4261.54
4250.77
4249.74
4257.44
4256.41
4261.54
4261.54
4254.87
4250.77
4250.77
4256.41
4254.87
4252.82
4257.95
4255.9
4253.33
4254.87
4262.56
4261.54
4251.79
4256.92
4257.95
4253.85
4260
4255.9
4251.28
4259.49
4264.1
4261.54
4258.97
4263.08
4260.51
4253.85
4256.92
4252.82
4249.74
4254.87
4256.92
4260
4256.92
4255.9
4256.92
4248.72
4250.77
4258.46
4256.41
4254.87
4255.38
4258.46
4254.36
4254.36
4263.08
4251.79
4245.13
4255.38
4257.95
4261.54
4256.92
4257.44
4265.64
4257.44
4252.31
4253.85
4256.92
4257.95
4249.74
4246.15
4244.1
4247.69
4256.92
4251.79
4253.33
4257.95
4255.38
4256.92
4251.79
4250.77
4256.41
4255.9
4260.51
4260
4258.46
4263.08
4257.44
4250.77
4253.33
4262.05
4266.15
4258.97
4258.97
4261.03
4261.03
4262.05
4257.44
4256.92
4257.44
4255.9
4256.41
4249.74
4250.26
4256.92
4253.33
4254.87
4260.51
4266.15
4266.15
4258.46
4261.03
4263.08
4267.69
4277.44
4273.85
4266.67
4262.56
4265.13
4268.72
4260.51
4263.08
4269.74
4264.62
4265.13
4261.03
4256.41
4261.54
4264.1
4263.08
4256.41
4260
4269.74
4260.51
4250.77
4251.79
4261.03
4269.23
4266.67
4266.67
4262.56
4254.87
4258.97
4256.41
4254.36
4257.95
4258.46
4258.97
4258.46
4267.69
4273.33
4266.15
4265.64
4264.1
4261.54
4255.38
4245.13
4255.38
4259.49
4249.74
4252.31
4254.87
4257.95
4256.41
4248.72
4247.18
4240.51
4243.59
4254.36
4255.9
4255.9
4252.31
4255.38
4260.51
4256.92
4258.97
4251.28
4246.15
4255.38
4253.85
4252.82
4255.38
4262.05
4267.69
4260.51
4264.62
4265.13
4258.46
4263.08
4261.03
4264.62
4271.28
4269.23
4273.85
4270.26
4267.69
4271.28
4266.15
4265.64
4267.18
4269.74
4272.82
4266.15
4265.64
4263.59
4262.56
4269.74
4265.64
4266.15
4272.82
4273.33
4276.92
4274.87
4271.28
4270.77
4265.13
4259.49
4255.9
4261.03
4269.74
4269.23
4267.69
4263.59
4265.64
4267.69
4258.97
4259.49
4257.95
4259.49
4273.33
4272.31
4268.21
4269.23
4264.62
4265.64
4266.67
4266.67
4262.05
4263.08
4277.44
4270.77
4263.59
4272.82
4266.67
4265.13
4267.18
4261.03
4257.44
4251.79
4253.33
4256.41
4259.49
4267.69
4264.1
4257.44
4256.92
4258.46
4262.05
4257.95
4260
4269.74
4263.08
4258.46
4258.97
4256.92
4257.95
4256.41
4261.54
4263.59
4261.03
4267.18
4265.64
4265.64
4268.72
4266.15
4269.74
4268.72
4267.18
4264.62
4252.82
4253.33
4256.92
4257.44
4262.56
4258.46
4252.82
4253.85
4261.54
4266.15
4257.44
4260
4260.51
4257.95
4269.74
4264.1
4256.92
4267.18
4267.69
4263.59
4261.54
4260.51
4258.97
4255.9
4267.69
4271.28
4261.03
4260
4257.44
4257.44
4255.38
4250.26
4256.41
4258.97
4261.03
4264.62
4262.05
4262.05
4255.9
4252.31
4251.28
4247.69
4254.36
4258.97
4260
4259.49
4255.9
4262.05
4263.08
4262.56
4264.62
4258.97
4263.08
4261.03
4254.87
4262.56
4261.03
4259.49
4257.95
4254.36
4250.77
4242.05
4245.13
4248.21
4245.64
4250.26
4247.69
4245.64
4250.26
4248.21
4247.18
4247.69
4254.36
4260
4255.38
4258.46
4258.46
4249.74
4246.15
4241.03
4241.03
4242.56
4249.23
4255.9
4247.69
4246.67
4248.21
4241.03
4238.97
4238.46
4245.13
4248.21
4242.56
4249.23
4253.33
4253.85
4254.36
4250.26
4245.64
4240
4250.77
4258.97
4243.59
4242.56
4250.77
4253.33
4254.87
4249.23
4254.87
4264.1
4254.87
4246.67
4246.67
4250.77
4247.69
4243.59
4254.87
4257.95
4257.95
4261.54
4255.9
4255.9
4252.82
4251.28
4259.49
4258.97
4255.9
4253.85
4250.26
4255.9
4258.46
4254.87
4251.79
4254.36
4255.38
4249.74
4253.85
4254.36
4249.23
4258.46
4255.38
4243.08
4241.54
4246.67
4254.87
4256.41
4257.44
4261.03
4253.85
4253.33
4254.87
4256.92
4264.1
4256.41
4255.9
4264.1
4262.05
4256.41
4245.13
4247.69
4257.95
4252.31
4247.69
4247.69
4254.87
4258.97
4252.31
4255.38
4257.44
4254.87
4257.44
4255.38
4254.87
4255.9
4257.95
4259.49
4254.36
4257.44
4263.08
4263.08
4266.15
4264.62
4268.21
4268.21
4257.95
4258.46
4258.46
4260
4268.21
4267.69
4268.72
4269.74
4270.26
4272.82
4268.21
4266.67
4261.54
4253.85
4260
4265.64
4266.67
4267.69
4266.67
4264.1
4257.44
4263.59
4272.31
4266.15
4262.05
4257.44
4254.87
4263.59
4263.08
4255.9
4252.31
4263.59
4276.92
4268.72
4264.1
4268.21
4267.69
4265.13
4255.9
4262.05
4269.23
4259.49
4257.95
4262.05
4268.72
4270.26
4259.49
4257.44
4255.9
4257.95
4265.13
4259.49
4260.51
4267.69
4265.13
4261.03
4257.95
4260.51
4257.95
4256.92
4258.46
4246.15
4245.64
4255.9
4258.46
4262.56
4260
4258.97
4261.54
4255.9
4254.87
4255.38
4258.97
4261.03
4252.31
4255.9
4257.95
4254.36
4255.9
4252.31
4257.95
4263.08
4255.9
4260
4260
4257.44
4262.56
4266.67
4268.72
4262.05
4262.05
4268.21
4262.56
4260.51
4263.59
4267.69
4268.72
4266.15
4274.36
4272.82
4267.18
4273.33
4269.23
4265.13
4267.18
4264.1
4264.62
4264.1
4261.54
4261.54
4262.05
4263.08
4256.92
4258.46
4267.69
4263.59
4260
4262.05
4260.51
4261.54
4263.08
4266.67
4265.64
4264.1
4266.15
4260
4262.05
4265.64
4264.1
4268.21
4265.13
4262.05
4264.1
4261.03
4261.54
4258.46
4257.95
4260.51
4256.92
4260.51
4264.1
4260.51
4258.97
4258.46
4264.1
4258.97
4252.31
4263.59
4261.54
4253.85
4256.41
4258.46
4258.46
4253.33
4259.49
4266.15
4258.46
4260.51
4262.05
4261.03
4264.1
4259.49
4254.36
4255.38
4263.08
4264.1
4253.33
4260.51
4265.13
4260
4266.67
4261.03
4252.31
4256.41
4261.03
4265.64
4259.49
4256.41
4262.05
4264.1
4266.15
4263.08
4261.54
4263.08
4258.97
4264.1
4266.15
4258.46
4254.36
4251.79
4257.44
4259.49
4250.77
4251.28
4251.79
4253.85
4255.38
4252.82
4257.44
4258.46
4257.95
4257.95
4258.46
4262.05
4257.95
4260
4269.74
4267.18
4267.69
4268.72
4265.64
4267.69
4260
4255.38
4263.08
4263.08
4256.92
4248.21
4252.31
4263.59
4265.13
4267.18
4269.23
4274.36
4277.95
4270.77
4267.18
4263.59
4264.1
4268.72
4263.59
4261.54
4259.49
4262.05
4270.77
4263.59
4257.44
4258.46
4261.03
4270.26
4268.72
4264.62
4265.64
4262.56
4262.56
4260.51
4260.51
4262.05
4258.46
4263.59
4268.21
4267.69
4270.26
4264.1
4257.95
4254.87
4256.41
4257.95
4246.67
4247.18
4255.38
4255.9
4256.92
4252.82
4254.36
4258.46
4252.82
4255.38
4255.38
4254.36
4259.49
4255.9
4251.79
4247.18
4245.13
4253.33
4256.92
4255.38
4252.82
4253.85
4253.33
4246.15
4255.9
4265.64
4258.97
4257.95
4257.44
4262.56
4267.69
4258.46
4252.31
4254.36
4262.05
4271.28
4271.28
4268.21
4262.05
4261.03
4266.15
4264.1
4268.21
4269.74
4262.05
4268.21
4268.21
4261.54
4263.59
4267.18
4269.23
4265.64
4269.74
4277.44
4274.87
4271.28
4268.21
4274.87
4280
4271.28
4271.79
4273.33
4266.15
4264.62
4259.49
4258.46
4263.59
4267.69
4270.26
4264.62
4268.21
4276.92
4277.44
4277.95
4276.92
4280.51
4280
4272.82
4278.46
4281.54
4277.95
4277.95
4271.79
4268.21
4269.23
4270.77
4275.9
4269.74
4266.15
4268.21
4266.67
4268.72
4266.15
4265.64
4269.23
4267.18
4266.15
4263.59
4269.23
4276.41
4274.87
4275.38
4270.77
4267.69
4271.79
4270.77
4273.85
4275.38
4275.9
4284.62
4283.08
4280
4282.56
4279.49
4280
4277.95
4276.92
4277.95
4276.41
4280
4278.46
4280.51
4283.08
4274.87
4274.87
4275.38
4274.36
4277.95
4274.36
4272.82
4270.26
4268.72
4272.31
4269.23
4269.74
4272.82
4271.28
4272.31
4263.08
4258.97
4268.72
4274.36
4280.51
4285.13
4290.26
4294.87
4288.72
4286.15
4284.62
4283.59
4286.15
4280.51
4281.03
4282.56
4280.51
4281.54
4272.31
4267.18
4273.33
4275.9
4280
4281.54
4282.05
4283.59
4282.05
4280
4271.79
4272.31
4278.46
4272.31
4273.33
4277.44
4278.46
4282.05
4278.97
4280
4282.05
4279.49
4280.51
4274.36
4275.9
4280
4274.36
4277.95
4278.97
4276.41
4274.36
4267.69
4267.18
4265.13
4267.18
4278.46
4276.41
4270.77
4266.15
4265.64
4271.79
4272.31
4275.9
4276.41
4275.38
4278.46
4271.79
4274.87
4286.67
4281.03
4268.21
4267.18
4277.95
4274.36
4258.97
4265.64
4270.77
4267.18
4273.33
4272.31
4269.23
4270.77
4274.36
4278.97
4273.85
4268.21
4268.21
4272.82
4278.46
4272.82
4274.36
4284.1
4282.56
4279.49
4276.92
4276.41
4276.41
4270.77
4273.33
4271.28
4265.64
4274.36
4277.95
4275.9
4272.31
4273.85
4280
4277.95
4281.03
4284.1
4281.54
4289.23
4286.15
4278.46
4282.56
4283.59
4276.41
4264.62
4269.74
4280
4274.87
4276.41
4281.03
4281.03
4277.95
4269.23
4273.33
4280.51
4276.92
4274.87
4272.31
4274.36
4276.41
4274.36
4274.87
4271.79
4273.33
4275.38
4272.31
4273.85
4269.23
4268.72
4273.85
4268.21
4267.69
4268.72
4263.59
4262.05
4259.49
4267.69
4274.87
4272.31
4272.82
4270.26
4271.28
4275.9
4274.36
4275.38
4271.28
4271.79
4277.44
4272.31
4270.26
4267.69
4266.67
4269.23
4267.18
4271.28
4276.92
4278.46
4280
4276.92
4277.95
4279.49
4274.87
4270.77
4266.67
4274.36
4276.92
4266.67
4268.72
4272.31
4273.33
4274.36
4269.23
4268.21
4269.74
4273.85
4278.97
4272.82
4272.31
4272.82
4271.28
4275.38
4271.28
4268.72
4272.31
4273.85
4274.87
4265.13
4265.13
4269.74
4264.1
4268.72
4269.23
4269.23
4274.36
4268.21
4267.18
4269.23
4273.85
4276.92
4270.77
4272.82
4276.41
4274.87
4272.82
4264.1
4267.18
4278.46
4280.51
4279.49
4275.38
4274.87
4276.92
4272.82
4271.28
4263.08
4263.08
4271.79
4266.67
4265.13
4263.08
4258.46
4261.03
4260
4262.56
4265.64
4267.69
4265.64
4253.33
4256.41
4268.21
4265.13
4263.08
4258.46
4255.9
4258.46
4258.46
4256.92
4249.74
4248.72
4252.82
4248.72
4248.72
4250.26
4254.36
4261.54
4260
4261.54
4261.03
4256.92
4256.41
4249.23
4249.74
4257.44
4258.46
4258.46
4248.72
4245.13
4254.36
4256.92
4252.31
4244.1
4249.74
4260.51
4253.85
4249.74
4251.28
4252.82
4254.87
4248.21
4247.69
4248.72
4250.26
4255.9
4249.74
4249.23
4251.79
4241.54
4243.59
4250.77
4257.44
4260
4250.77
4249.23
4249.23
4251.79
4256.41
4253.33
4256.92
4256.92
4255.9
4261.03
4256.41
4252.31
4250.26
4247.69
4249.74
4242.56
4247.18
4263.08
4263.59
4261.03
4253.85
4249.74
4249.23
4244.1
4248.21
4251.79
4251.28
4247.18
4235.38
4235.38
4242.05
4250.26
4258.46
4253.33
4249.74
4248.72
4247.69
4252.82
4246.15
4244.1
4254.36
4256.92
4259.49
4255.38
4249.74
4250.26
4248.21
4250.26
4249.74
4249.23
4251.28
4244.62
4244.62
4249.23
4248.21
4245.64
4241.54
4246.67
4251.28
4252.82
4257.95
4250.77
4248.72
4256.41
4254.87
4253.33
4250.26
4250.77
4257.44
4256.92
4256.92
4255.9
4256.41
4257.44
4252.82
4258.46
4261.03
4254.36
4255.38
4257.44
4261.54
4267.18
4268.21
4270.77
4268.72
4268.72
4270.26
4264.1
4263.08
4260.51
4262.05
4273.33
4273.33
4265.13
4258.97
4266.15
4276.92
4268.21
4264.1
4269.74
4271.79
4270.77
4264.62
4268.21
4275.9
4273.85
4272.82
4268.72
4267.69
4271.79
4268.72
4270.26
4273.85
4273.85
4269.23
4267.69
4279.49
4280.51
4271.79
4270.77
4269.74
4272.31
4273.33
4268.21
4273.33
4277.95
4277.44
4278.97
4280
4282.56
4273.85
4271.79
4284.62
4285.13
4281.54
4281.54
4284.1
4285.13
4279.49
4282.05
4278.97
4274.36
4279.49
4274.87
4267.69
4265.64
4267.69
4269.74
4263.08
4267.69
4273.85
4266.15
4262.56
4263.08
4264.62
4267.69
4267.18
4270.26
4269.23
4267.18
4269.74
4269.74
4274.87
4275.38
4278.97
4289.23
4285.13
4286.15
4288.21
4280
4274.87
4266.15
4267.18
4273.33
4266.67
4263.59
4262.56
4265.64
4273.33
4272.31
4273.85
4271.79
4269.74
4271.28
4268.72
4272.31
4273.33
4270.77
4274.87
4271.79
4272.82
4278.97
4276.41
4276.92
4279.49
4280
4283.08
4282.56
4278.46
4272.82
4273.85
4271.28
4265.13
4270.77
4272.82
4268.72
4271.79
4272.31
4277.44
4280
4276.41
4274.87
4268.72
4267.18
4273.85
4273.85
4272.31
4270.77
4274.36
4277.95
4271.79
4271.28
4273.85
4278.46
4284.62
4282.56
4281.54
4282.05
4285.13
4289.23
4283.08
4284.62
4292.31
4288.21
4276.41
4269.74
4281.54
4289.74
4287.18
4289.74
4286.15
4287.69
4296.41
4290.77
4285.13
4280.51
4277.95
4281.03
4278.46
4282.05
4283.08
4276.92
4276.41
4275.38
4272.82
4266.67
4265.13
4271.28
4265.64
4262.05
4268.21
4268.72
4266.15
4260.51
4264.1
4272.82
4271.28
4271.28
4270.77
4266.67
4266.67
4267.18
4274.87
4278.46
4280.51
4283.08
4269.23
4265.13
4273.33
4276.41
4280.51
4274.36
4269.23
4274.36
4276.92
4273.85
4263.08
4266.67
4281.03
4277.44
4269.74
4271.28
4280
4283.08
4274.87
4278.97
4285.13
4282.05
4282.56
4281.54
4277.44
4273.85
4271.28
4274.87
4277.44
4282.05
4286.67
4284.62
4282.05
4280
4285.13
4288.72
4281.54
4281.54
4282.56
4282.05
4283.08
4273.33
4273.85
4282.05
4280.51
4281.03
4282.05
4284.1
4284.62
4284.1
4292.31
4295.9
4292.31
4285.13
4278.46
4281.03
4280
4281.03
4284.62
4277.44
4274.87
4281.03
4286.67
4286.67
4279.49
4281.03
4283.08
4278.97
4281.03
4283.59
4285.64
4281.54
4277.95
4283.59
4281.54
4283.08
4288.72
4279.49
4274.87
4274.36
4275.38
4282.56
4278.46
4273.33
4277.44
4280
4277.95
4276.92
4282.56
4283.08
4278.46
4278.97
4276.41
4274.36
4274.36
4273.85
4271.79
4262.05
4261.54
4268.72
4268.72
4268.72
4267.18
4271.28
4275.38
4267.18
4266.67
4269.23
4265.64
4268.21
4268.21
4267.18
4267.69
4266.15
4266.15
4255.38
4253.33
4267.18
4269.23
4265.13
4262.05
4268.21
4276.41
4269.74
4269.23
4270.26
4270.26
4273.33
4266.15
4262.56
4265.13
4265.64
4265.64
4263.08
4260.51
4257.95
4261.03
4268.21
4265.64
4264.62
4267.18
4263.08
4265.64
4267.69
4267.18
4270.26
4268.21
4269.23
4269.23
4272.31
4281.54
4278.97
4280
4284.1
4280.51
4281.03
4283.08
4286.67
4283.08
4273.33
4271.79
4267.69
4271.79
4283.59
4281.03
4277.95
4280
4281.03
4275.9
4272.31
4282.05
4282.05
4272.82
4268.72
4258.46
4257.95
4265.13
4266.15
4265.64
4258.46
4255.9
4265.13
4274.87
4277.44
4271.79
4272.31
4275.9
4272.82
4273.85
4271.28
4266.15
4270.77
4273.85
4273.33
4268.21
4267.18
4272.31
4264.1
4260
4263.08
4261.03
4257.95
4254.36
4259.49
4265.64
4263.59
4266.15
4268.72
4274.36
4275.9
4267.18
4272.82
4278.97
4274.36
4274.87
4273.85
4277.44
4277.44
4273.33
4273.33
4269.74
4270.26
4270.26
4268.21
4271.79
4266.15
4261.54
4270.77
4275.38
4272.82
4269.74
4275.38
4281.03
4275.38
4271.28
4267.18
4266.15
4268.21
4262.56
4261.03
4258.46
4254.36
4258.97
4258.46
4257.95
4267.18
4275.38
4273.85
4265.13
4267.18
4275.38
4271.79
4267.69
4264.62
4266.15
4265.64
4254.87
4253.33
4257.95
4261.54
4268.72
4269.23
4270.77
4271.28
4271.79
4273.85
4266.67
4262.05
4264.62
4258.97
4256.41
4261.03
4263.59
4259.49
4258.46
4267.18
4265.64
4261.03
4266.15
4262.05
4260
4265.13
4265.64
4263.59
4264.1
4267.69
4265.13
4263.59
4269.23
4262.56
4258.97
4267.18
4271.79
4268.72
4256.41
4253.33
4259.49
4261.54
4263.59
4258.46
4255.38
4261.54
4257.95
4253.33
4251.79
4249.74
4252.82
4256.41
4262.56
4265.13
4263.08
4265.13
4262.56
4260.51
4262.05
4262.56
4267.69
4265.13
4261.54
4266.15
4263.08
4258.46
4262.05
4271.28
4272.31
4261.03
4262.05
4265.64
4260.51
4260.51
4258.46
4257.44
4261.54
4263.08
4263.08
4259.49
4260
4263.08
4263.08
4265.64
4265.64
4270.77
4272.82
4259.49
4254.36
4260
4268.72
4273.85
4263.59
4258.46
4264.62
4271.28
4273.33
4269.74
4274.87
