4287.69
4287.18
4287.18
4282.56
4275.9
4286.67
4301.03
4297.95
4299.49
4296.92
4289.23
4288.21
4284.62
4284.1
4290.26
4294.36
4289.74
4281.54
4285.13
4285.13
4282.56
4292.82
4295.9
4288.21
4281.03
4280.51
4291.28
4302.05
4304.1
4295.9
4289.23
4298.46
4304.1
4300.51
4296.41
4295.9
4302.05
4297.95
4301.54
4308.72
4292.31
4287.69
4299.49
4294.87
4289.23
4300.51
4308.72
4295.9
4288.21
4290.77
4283.59
4280.51
4278.97
4279.49
4289.23
4284.1
4279.49
4288.72
4285.64
4283.59
4292.82
4289.74
4283.59
4289.74
4297.44
4292.82
4292.82
4298.46
4282.05
4272.82
4285.64
4287.69
4279.49
4278.97
4292.31
4295.38
4282.05
4276.41
4276.41
4284.1
4289.23
4286.15
4291.79
4293.33
4289.23
4283.59
4278.46
4288.72
4285.64
4280.51
4295.38
4294.36
4293.33
4297.44
4291.79
4301.03
4310.26
4306.15
4298.46
4297.44
4309.74
4302.05
4289.23
4299.49
4307.18
4306.15
4300
4297.44
4303.08
4303.08
4302.56
4303.08
4303.59
4306.67
4303.59
4297.95
4293.33
4294.87
4296.92
4293.85
4298.46
4301.54
4298.97
4307.69
4306.67
4299.49
4305.13
4307.18
4302.05
4286.67
4280
4294.87
4300
4296.41
4294.87
4294.87
4297.44
4292.82
4291.79
4294.36
4294.87
4298.46
4297.44
4294.36
4290.26
4287.69
4294.87
4291.28
4286.15
4294.36
4292.82
4288.21
4287.69
4275.9
4270.26
4284.62
4302.56
4298.46
4293.85
4298.46
4285.64
4281.54
4295.9
4303.59
4303.59
4292.31
4288.21
4301.03
4307.18
4302.05
4291.28
4290.26
4291.28
4280
4285.64
4294.36
4286.67
4289.23
4293.85
4289.23
4284.62
4291.28
4293.33
4283.59
4283.59
4287.69
4285.13
4282.56
4278.46
4281.54
4287.18
4285.13
4289.23
4285.13
4274.87
4280.51
4283.59
4282.05
4282.05
4281.03
4276.92
4276.41
4284.62
4280.51
4272.82
4275.9
4272.82
4281.03
4288.21
4276.92
4281.03
4284.1
4278.46
4282.05
4284.62
4282.05
4270.26
4267.18
4272.31
4271.28
4277.95
4282.56
4276.41
4276.92
4275.38
4269.74
4267.18
4270.26
4282.05
4287.69
4292.82
4293.33
4280
4283.08
4289.23
4282.56
4279.49
4278.46
4268.21
4259.49
4274.87
4292.31
4286.15
4275.38
4271.28
4276.92
4285.13
4279.49
4268.21
4261.03
4271.28
4289.74
4276.41
4266.67
4284.62
4289.74
4283.08
4272.82
4273.85
4280.51
4278.97
4282.56
4282.56
4289.23
4299.49
4285.64
4277.95
4284.62
4286.15
4283.08
4277.44
4283.08
4294.36
4292.31
4285.64
4278.46
4279.49
4286.15
4289.23
4294.36
4289.74
4287.18
4297.95
4293.33
4281.54
4280
4287.18
4291.79
4285.13
4283.08
4280
4280
4286.15
4279.49
4275.9
4276.41
4276.41
4282.05
4278.46
4277.44
4277.95
4270.77
4272.82
4275.9
4281.03
4288.72
4279.49
4267.69
4266.67
4276.41
4282.56
4266.67
4260
4272.82
4277.95
4278.46
4277.95
4271.79
4257.95
4258.46
4272.82
4267.18
4262.05
4265.64
4262.05
4268.21
4277.95
4280.51
4275.9
4266.15
4270.77
4277.44
4273.33
4272.31
4266.67
4261.54
4266.67
4277.95
4283.08
4275.38
4270.26
4266.15
4268.72
4277.44
4267.18
4259.49
4272.31
4279.49
4276.92
4271.28
4271.79
4270.77
4257.95
4262.56
4272.31
4266.67
4268.72
4274.36
4274.87
4271.79
4277.44
4276.41
4258.46
4269.74
4289.23
4276.41
4272.82
4281.54
4285.64
4280
4264.1
4267.18
4277.44
4275.9
4268.72
4263.59
4271.28
4270.77
4267.69
4280.51
4278.46
4274.87
4280
4280.51
4283.59
4278.46
4269.23
4268.21
4278.97
4291.28
4286.15
4283.59
4284.1
4269.74
4270.77
4283.59
4285.64
4278.97
4275.38
4283.59
4284.62
4280
4283.08
4281.03
4272.82
4272.31
4281.03
4276.92
4260
4271.28
4288.21
4276.41
4270.26
4276.92
4284.1
4282.56
4275.38
4284.1
4290.77
4287.18
4286.67
4287.69
4291.79
4286.15
4274.36
4274.36
4276.92
4280.51
4272.82
4259.49
4268.72
4272.82
4267.18
4268.21
4266.15
4267.69
4271.79
4277.95
4279.49
4270.77
4264.62
4260.51
4264.1
4275.38
4278.97
4277.95
4264.1
4260
4283.08
4282.05
4267.18
4270.77
4272.82
4268.72
4270.77
4286.15
4291.79
4281.03
4284.62
4286.67
4275.38
4263.08
4254.87
4267.69
4272.31
4262.05
4265.64
4272.82
4275.9
4264.62
4254.87
4253.85
4245.64
4252.31
4267.69
4268.72
4263.08
4255.9
4265.64
4277.95
4268.72
4257.95
4252.31
4258.97
4272.82
4266.15
4260
4259.49
4262.05
4272.82
4271.79
4268.21
4262.05
4258.97
4269.23
4267.69
4272.82
4279.49
4276.41
4286.67
4280.51
4266.15
4271.79
4280.51
4284.1
4274.36
4271.79
4281.03
4279.49
4272.82
4265.64
4270.26
4282.56
4277.95
4272.82
4277.95
4285.13
4290.26
4278.97
4271.28
4274.36
4274.87
4272.82
4262.05
4259.49
4265.64
4266.15
4269.74
4271.28
4268.21
4267.18
4263.59
4264.62
4267.18
4275.9
4287.69
4277.95
4271.79
4274.87
4268.72
4270.77
4276.41
4274.87
4270.26
4276.92
4289.23
4276.41
4274.36
4289.74
4281.03
4279.49
4283.59
4270.77
4263.08
4267.18
4270.26
4265.13
4272.31
4286.67
4273.85
4260
4261.54
4262.56
4271.28
4275.9
4267.18
4261.03
4266.67
4280.51
4269.74
4254.36
4263.59
4265.13
4259.49
4260.51
4270.77
4282.05
4273.33
4271.79
4275.9
4272.82
4280.51
4285.64
4283.08
4274.36
4262.05
4270.26
4275.38
4271.28
4275.9
4274.87
4267.69
4264.1
4272.82
4281.54
4276.41
4278.46
4276.92
4265.13
4272.82
4281.03
4286.15
4291.79
4284.62
4274.87
4264.1
4269.74
4285.13
4276.92
4277.44
4287.69
4280.51
4270.26
4268.72
4274.87
4273.33
4266.67
4268.72
4271.79
4281.54
4286.15
4279.49
4281.03
4276.92
4272.82
4274.36
4267.69
4268.72
4276.41
4283.08
4277.44
4269.23
4281.03
4283.59
4285.64
4290.77
4276.92
4270.26
4273.85
4282.56
4291.28
4279.49
4272.31
4274.87
4271.79
4267.69
4265.64
4271.28
4273.33
4265.64
4263.59
4258.46
4260.51
4272.82
4278.46
4272.31
4261.54
4268.21
4276.92
4272.82
4276.41
4275.9
4267.69
4262.56
4256.41
4256.41
4258.97
4263.59
4272.31
4264.1
4253.85
4255.38
4254.36
4245.64
4244.1
4264.62
4265.13
4249.23
4258.97
4260.51
4248.72
4253.85
4263.08
4261.54
4251.28
4258.97
4272.31
4257.95
4250.77
4253.85
4250.26
4253.33
4256.41
4266.15
4265.13
4246.67
4245.13
4255.9
4262.05
4253.33
4249.23
4259.49
4256.92
4254.87
4260.51
4254.87
4254.36
4254.36
4252.82
4262.05
4269.23
4265.64
4257.95
4258.97
4268.21
4267.69
4262.05
4254.87
4262.05
4273.33
4260
4250.26
4253.33
4256.92
4268.21
4264.62
4258.46
4257.95
4251.28
4255.9
4265.13
4268.21
4268.21
4256.92
4249.74
4257.44
4268.21
4272.31
4262.56
4260
4262.05
4257.44
4255.38
4246.67
4253.33
4264.1
4253.85
4252.31
4257.95
4260
4263.08
4263.08
4263.08
4258.97
4262.56
4266.67
4258.97
4261.03
4264.62
4261.54
4264.62
4259.49
4254.87
4257.44
4266.15
4273.85
4271.79
4272.82
4266.15
4253.85
4261.54
4263.59
4259.49
4266.67
4263.08
4260.51
4271.79
4278.97
4276.92
4267.69
4263.08
4258.97
4254.87
4258.46
4256.92
4260
4263.59
4262.56
4264.62
4262.56
4266.67
4272.31
4270.77
4270.77
4258.97
4254.87
4266.15
4260
4254.36
4260.51
4269.74
4277.44
4271.28
4268.21
4271.28
4272.82
4271.28
4256.92
4255.38
4267.69
4268.72
4268.21
4265.13
4265.64
4267.69
4263.59
4262.05
4257.44
4262.56
4273.85
4268.72
4267.18
4270.26
4271.28
4267.18
4260.51
4269.23
4276.41
4267.69
4252.82
4249.23
4267.69
4270.26
4255.38
4261.54
4264.62
4257.95
4260
4255.9
4256.41
4263.59
4268.21
4262.56
4251.28
4258.46
4261.54
4259.49
4261.54
4254.87
4261.03
4269.23
4263.59
4260
4255.38
4261.03
4272.31
4270.26
4267.69
4265.64
4267.18
4271.79
4271.28
4272.82
4275.9
4283.59
4285.13
4277.95
4283.08
4282.05
4276.92
4285.64
4284.1
4275.9
4272.82
4269.74
4277.95
4282.05
4268.72
4265.13
4275.9
4267.69
4252.82
4269.23
4280.51
4258.97
4257.95
4271.79
4269.23
4266.67
4271.28
4274.36
4265.13
4270.77
4285.13
4266.67
4257.95
4273.33
4276.41
4274.36
4262.56
4250.77
4261.03
4273.33
4265.64
4251.28
4257.44
4266.15
4262.05
4267.18
4268.21
4256.41
4254.87
4261.03
4267.69
4263.08
4260
4266.67
4261.03
4255.38
4254.87
4256.92
4263.59
4258.97
4262.05
4271.79
4268.21
4269.23
4268.72
4268.21
4276.41
4273.33
4266.15
4267.69
4271.79
4268.72
4264.62
4269.74
4263.08
4264.1
4277.44
4263.59
4260
4274.36
4270.77
4266.15
4261.03
4262.56
4272.31
4274.87
4275.38
4265.64
4261.03
4272.82
4273.33
4269.74
4268.72
4266.15
4261.03
4257.95
4267.18
4268.72
4261.54
4261.54
4262.56
4267.18
4266.15
4259.49
4272.31
4280.51
4271.28
4260
4258.46
4270.77
4271.28
4265.13
4271.79
4269.74
4262.05
4266.15
4277.95
4275.9
4261.03
4262.56
4268.72
4270.26
4271.28
4260
4261.54
4270.77
4271.28
4278.97
4278.97
4277.44
4284.62
4277.44
4269.74
4270.26
4272.31
4275.9
4272.31
4263.08
4258.46
4268.72
4278.97
4269.23
4260.51
4262.56
4269.74
4278.46
4267.18
4261.03
4271.79
4274.36
4269.74
4257.95
4254.36
4261.03
4264.62
4271.28
4272.82
4274.36
4276.41
4264.1
4261.54
4265.64
4266.15
4269.74
4257.95
4246.67
4257.95
4271.79
4266.15
4250.77
4260
4272.82
4266.15
4266.67
4264.62
4261.03
4267.18
4264.62
4262.56
4260
4253.85
4259.49
4268.21
4268.21
4261.03
4263.59
4272.82
4267.69
4267.18
4270.26
4266.15
4268.21
4267.69
4270.77
4271.28
4260
4263.08
4269.23
4268.72
4274.87
4278.46
4273.33
4267.69
4274.87
4278.97
4271.79
4276.92
4274.87
4269.74
4284.1
4282.05
4263.08
4265.64
4279.49
4278.97
4269.23
4273.33
4280
4277.95
4279.49
4276.41
4275.38
4280.51
4276.41
4277.95
4281.54
4276.92
4273.85
4273.33
4275.38
4267.69
4261.54
4271.28
4271.28
4275.38
4284.62
4276.41
4276.41
4286.15
4285.64
4278.97
4282.56
4293.33
4281.54
4274.36
4288.21
4283.59
4266.67
4266.15
4285.64
4296.41
4278.97
4266.15
4265.13
4268.72
4280.51
4278.46
4268.21
4270.77
4280
4282.05
4269.74
4269.23
4281.54
4285.13
4285.13
4278.46
4272.82
4277.44
4280.51
4284.62
4283.59
4284.62
4286.15
4276.92
4284.62
4294.36
4283.59
4282.56
4284.62
4282.56
4284.1
4283.59
4280.51
4281.54
4291.79
4291.79
4278.46
4278.97
4283.59
4285.13
4293.85
4292.31
4284.1
4273.33
4270.77
4281.54
4277.44
4272.82
4280
4284.1
4284.62
4268.21
4261.54
4274.36
4287.69
4294.36
4282.05
4278.46
4291.28
4289.23
4283.59
4284.1
4287.18
4292.82
4292.82
4290.26
4286.67
4284.62
4287.18
4284.1
4284.1
4285.64
4283.08
4285.13
4283.08
4278.97
4284.1
4289.74
4286.67
4274.36
4275.38
4282.56
4277.44
4281.54
4285.13
4285.13
4288.21
4283.59
4288.21
4293.85
4287.69
4280.51
4276.92
4288.72
4292.31
4284.1
4291.79
4291.79
4281.03
4282.05
4285.13
4286.67
4278.46
4277.44
4290.77
4287.69
4275.9
4273.33
4285.64
4296.92
4285.64
4276.41
4277.95
4284.1
4292.31
4287.69
4291.28
4302.56
4292.31
4282.05
4286.15
4292.82
4288.21
4281.03
4283.08
4279.49
4282.56
4291.28
4282.56
4283.08
4290.26
4286.67
4287.18
4282.56
4276.92
4277.95
4282.05
4282.05
4273.85
4279.49
4290.77
4291.79
4294.87
4285.13
4270.26
4276.41
4291.28
4294.87
4277.95
4271.28
4282.05
4278.46
4271.79
4274.36
4284.1
4289.23
4276.92
4272.31
4276.41
4281.54
4292.31
4287.18
4278.46
4283.59
4277.44
4261.54
4262.56
4283.59
4290.26
4275.38
4278.46
4281.03
4274.36
4276.92
4276.41
4277.44
4280
4277.95
4272.31
4263.59
4268.21
4278.97
4283.08
4281.03
4271.79
4271.79
4274.36
4268.72
4271.79
4271.79
4266.67
4266.67
4264.62
4262.56
4255.38
4253.33
4259.49
4255.38
4261.54
4273.33
4265.13
4258.97
4267.69
4281.03
4283.08
4273.33
4267.18
4263.59
4267.18
4265.64
4259.49
4271.79
4273.85
4264.62
4260.51
4257.44
4261.54
4264.1
4266.15
4271.79
4267.69
4267.69
4269.74
4266.67
4270.26
4272.31
4275.9
4279.49
4272.31
4265.13
4262.56
4270.77
4280.51
4274.36
4268.21
4268.21
4276.41
4282.05
4273.33
4274.36
4280.51
4280.51
4282.56
4280
4283.08
4284.1
4276.92
4280
4280.51
4279.49
4277.44
4278.97
4290.26
4280
4277.44
4294.36
4288.72
4280.51
4283.08
4287.18
4283.59
4277.44
4286.67
4291.79
4286.67
4282.05
4274.36
4278.46
4290.26
4293.33
4285.64
4278.46
4293.33
4303.08
4289.23
4284.62
4282.05
4281.54
4289.23
4286.67
4286.15
4284.1
4273.33
4271.28
4277.95
4285.64
4282.05
4283.08
4286.15
4271.28
4274.36
4286.67
4282.05
4280.51
4272.82
4265.13
4273.85
4278.97
4275.38
4270.26
4270.77
4268.72
4260
4266.67
4276.92
4281.54
4289.74
4289.23
4280
4276.41
4286.15
4284.62
4268.21
4275.38
4281.03
4272.31
4277.44
4272.82
4258.97
4264.1
4270.26
4264.62
4256.92
4265.64
4281.54
4280.51
4276.41
4271.79
4268.21
4267.18
4260
4264.62
4272.82
4276.92
4281.03
4270.26
4266.67
4267.69
4258.97
4264.62
4274.87
4279.49
4281.03
4276.41
4271.79
4263.59
4270.77
4282.05
4272.82
4270.77
4277.95
4281.03
4280.51
4272.82
4270.26
4266.15
4266.15
4278.46
4272.31
4272.31
4287.18
4283.08
4270.26
4261.54
4263.59
4265.13
4257.95
4259.49
4263.08
4268.21
4267.69
4248.72
4245.13
4260.51
4268.21
4265.13
4258.46
4258.97
4261.03
4264.1
4265.13
4254.87
4257.44
4267.18
4267.69
4270.26
4262.05
4258.46
4269.23
4265.64
4263.08
4268.72
4270.26
4271.28
4271.79
4270.26
4264.1
4264.1
4265.64
4258.46
4264.1
4276.41
4276.41
4275.9
4272.82
4269.23
4270.77
4273.33
4275.38
4268.21
4267.18
4277.95
4277.95
4280.51
4285.64
4285.13
4282.05
4274.87
4278.97
4284.1
4280.51
4277.44
4277.95
4281.03
4276.41
4278.97
4289.74
4285.64
4288.21
4293.33
4277.95
4269.74
4275.38
4285.13
4292.31
4281.03
4273.85
4275.38
4278.46
4280
4274.36
4281.54
4289.74
4279.49
4272.31
4281.54
4294.87
4287.69
4280
4289.23
4286.67
4280
4285.13
4285.64
4290.26
4288.21
4275.9
4280.51
4297.44
4304.1
4295.9
4292.31
4294.87
4283.08
4279.49
4288.72
4292.82
4293.85
4290.77
4294.87
4299.49
4293.33
4293.33
4291.79
4292.82
4303.08
4301.03
4290.26
4289.74
4304.62
4304.1
4287.69
4291.79
4292.82
4290.77
4295.9
4285.64
4279.49
4282.05
4271.79
4263.08
4269.23
4284.62
4288.21
4275.38
4270.26
4272.82
4279.49
4287.69
4276.41
4267.18
4275.38
4287.69
4285.13
4272.82
4270.26
4272.82
4284.62
4297.95
4296.41
4298.97
4297.95
4294.87
4297.44
4284.62
4277.95
4281.03
4267.69
4256.92
4258.46
4272.31
4287.18
4288.72
4284.62
4276.92
4281.03
4290.26
4286.15
4289.23
4288.72
4282.56
4288.72
4285.13
4284.1
4295.38
4291.28
4282.56
4284.62
4292.82
4289.23
4275.9
4280.51
4290.26
4286.67
4280
4280
4284.1
4278.46
4274.87
4281.54
4279.49
4276.92
4281.03
4285.13
4281.03
4273.33
4276.92
4273.85
4260.51
4265.13
4276.92
4278.97
4275.9
4272.31
4273.85
4277.95
4287.18
4291.28
4280
4276.41
4284.1
4295.38
4297.95
4286.15
4290.26
4295.38
4281.54
4276.92
4277.44
4277.95
4285.64
4292.31
4287.18
4277.95
4291.28
4297.95
4280.51
4284.62
4292.82
4287.69
4284.62
4280
4283.08
4290.77
4288.21
4280.51
4274.36
4276.92
4278.97
4275.9
4279.49
4275.38
4265.13
4265.13
4272.31
4278.97
4274.87
4276.41
4278.97
4272.31
4275.38
4277.44
4277.44
4285.64
4285.13
4280.51
4281.54
4289.74
4289.23
4269.74
4266.15
4278.97
4283.59
4284.62
4277.95
4278.46
4281.54
4274.36
4273.33
4270.77
4268.72
4275.9
4283.59
4284.1
4273.33
4275.38
4286.15
4286.67
4292.82
4289.74
4276.92
4282.56
4286.67
4282.05
4281.03
4283.08
4277.44
4264.1
4274.87
4297.95
4296.92
4283.08
4272.82
4277.95
4288.72
4283.59
4281.03
4281.54
4272.31
4269.74
4280
4287.69
4284.62
4281.54
4280
4273.33
4281.54
4296.41
4292.82
4289.74
4296.41
4297.95
4282.56
4270.26
4283.59
4293.85
4286.15
4271.79
4267.69
4285.64
4290.26
4277.95
4273.85
4274.87
4283.08
4288.21
4276.41
4268.72
4276.41
4286.67
4284.1
4278.46
4284.1
4277.44
4275.9
4284.62
4278.46
4273.33
4265.13
4269.23
4283.59
4275.9
4272.31
4287.69
4290.77
4280.51
4277.95
4281.54
4282.56
4281.03
4282.05
4287.18
4289.23
4282.56
4275.38
4274.87
4272.82
4272.82
4273.33
4271.28
4277.95
4279.49
4280
4277.44
4263.59
4270.77
4280.51
4274.36
4276.92
4274.87
4269.23
4273.33
4278.97
4276.41
4257.95
4252.82
4272.31
4281.54
4276.41
4270.26
4273.33
4273.33
4269.74
4278.97
4284.1
4281.03
4275.38
4263.59
4269.23
4277.44
4269.74
4262.05
4261.03
4264.1
4261.54
4261.54
4274.87
4274.36
4263.59
4264.62
4267.18
4265.13
4257.44
4260
4273.33
4273.33
4265.13
4260
4268.72
4283.08
4282.56
4281.03
4274.36
4271.79
4289.74
4292.31
4278.97
4274.87
4272.82
4268.72
4266.15
4269.23
4268.72
4265.64
4272.82
4277.44
4272.31
4258.97
4253.85
4273.85
4276.92
4255.38
4243.59
4242.56
4254.36
4262.05
4252.82
4246.67
4241.03
4248.21
4268.72
4274.36
4265.13
4261.54
4268.21
4265.13
4260.51
4269.23
4267.69
4255.9
4257.95
4264.62
4267.69
4259.49
4258.46
4266.67
4258.97
4251.79
4260.51
4264.62
4252.31
4240
4256.41
4273.33
4264.1
4261.03
4264.1
4262.05
4264.1
4265.64
4272.31
4272.31
4264.1
4265.13
4270.26
4271.28
4269.74
4271.79
4268.72
4264.62
4276.41
4271.28
4262.56
4276.92
4270.77
4257.44
4275.9
4284.1
4266.67
4263.08
4281.03
4282.56
4268.21
4277.44
4283.08
4268.21
4272.82
4280.51
4266.15
4251.28
4259.49
4273.85
4265.13
4261.54
4278.97
4288.72
4275.38
4263.59
4286.15
4301.03
4283.08
4281.03
4292.31
4290.77
4278.97
4267.69
4277.95
4293.85
4290.77
4284.1
4286.67
4292.31
4286.67
4280.51
4280
4274.36
4275.38
4277.95
4266.67
4258.97
4260.51
4264.1
4264.1
4267.69
4278.46
4278.97
4274.36
4274.87
4272.31
4275.38
4271.79
4263.08
4273.33
4288.21
4289.23
4283.59
4285.13
4289.74
4282.56
4277.95
4283.08
4286.15
4285.13
4276.41
4270.77
4274.36
4276.92
4273.85
4262.56
4265.64
4277.44
4274.36
4277.44
4273.33
4261.03
4267.69
4274.36
4276.92
4278.46
4276.92
4280.51
4272.82
4264.1
4276.92
4289.74
4284.62
4276.92
4278.46
4281.54
4278.97
4276.92
4280
4288.21
4282.05
4268.72
4281.54
4285.13
4267.18
4265.64
4270.77
4270.77
4272.31
4272.31
4270.26
4267.18
4271.79
4269.74
4263.59
4273.33
4280.51
4283.59
4285.13
4267.69
4261.54
4273.85
4278.46
4275.38
4266.67
4255.9
4261.54
4283.59
4292.82
4284.1
4280.51
