4081.54
4080
4080.51
4076.92
4069.74
4080
4091.28
4087.18
4089.23
4085.13
4076.41
4076.41
4076.92
4079.49
4077.44
4076.92
4076.92
4074.36
4079.49
4079.49
4075.38
4078.97
4084.62
4084.1
4075.9
4073.33
4081.54
4081.54
4081.03
4085.13
4087.69
4090.77
4089.23
4089.23
4090.77
4088.72
4088.72
4083.59
4083.08
4086.67
4077.44
4073.33
4078.97
4078.97
4078.97
4082.56
4085.64
4078.97
4071.79
4073.85
4071.79
4069.23
4068.21
4066.67
4070.77
4067.18
4065.64
4074.36
4074.36
4072.82
4073.85
4075.38
4076.92
4076.92
4078.46
4076.41
4076.92
4076.92
4064.62
4064.62
4074.87
4074.87
4073.33
4074.36
4078.46
4077.95
4071.28
4070.26
4067.18
4068.21
4075.9
4075.9
4073.85
4070.77
4072.31
4070.77
4064.62
4074.36
4074.87
4069.74
4078.97
4075.38
4074.36
4081.54
4078.46
4081.03
4085.13
4087.18
4082.05
4075.9
4082.05
4080
4072.82
4079.49
4083.59
4083.08
4075.9
4075.38
4082.05
4082.05
4081.03
4078.97
4081.54
4087.18
4082.56
4079.49
4079.49
4076.41
4075.9
4076.41
4082.05
4086.67
4091.79
4100
4091.79
4087.18
4095.38
4089.23
4082.56
4082.05
4082.56
4084.62
4084.1
4084.1
4084.62
4082.56
4081.54
4078.97
4081.03
4082.05
4081.54
4086.67
4082.05
4075.9
4076.92
4074.87
4073.85
4069.74
4070.26
4073.85
4071.79
4074.87
4075.38
4070.26
4070.26
4072.82
4078.97
4082.05
4082.56
4081.03
4071.79
4073.33
4083.59
4085.64
4084.62
4076.92
4076.92
4084.62
4081.54
4075.9
4073.85
4078.46
4081.03
4075.38
4078.97
4077.44
4073.85
4081.54
4080
4074.36
4073.33
4070.77
4068.72
4065.13
4067.18
4071.79
4069.74
4066.15
4064.62
4070.26
4073.85
4070.26
4074.36
4072.31
4066.67
4071.79
4072.31
4075.38
4078.97
4077.95
4077.95
4076.92
4079.49
4078.97
4076.41
4076.92
4073.85
4079.49
4081.54
4073.33
4076.41
4076.41
4077.95
4083.08
4074.87
4072.31
4071.28
4069.23
4071.79
4070.77
4070.26
4070.77
4070.26
4068.72
4064.1
4066.67
4068.72
4067.18
4069.74
4070.26
4075.9
4076.41
4065.13
4067.69
4072.82
4072.82
4074.87
4070.77
4064.1
4061.03
4066.67
4069.23
4068.21
4070.26
4065.64
4063.08
4068.72
4068.21
4064.1
4061.03
4064.1
4071.79
4064.1
4057.95
4064.62
4066.67
4065.13
4057.95
4056.41
4062.05
4063.59
4068.72
4067.18
4069.23
4075.9
4066.67
4063.59
4066.67
4064.62
4065.64
4060
4060
4068.21
4066.67
4058.97
4055.38
4063.59
4069.23
4065.64
4069.74
4069.23
4068.21
4076.41
4074.36
4067.18
4061.54
4063.59
4067.69
4062.56
4064.62
4067.69
4066.15
4065.64
4062.05
4065.13
4065.64
4065.64
4071.28
4066.67
4065.64
4066.15
4060.51
4064.1
4064.62
4062.56
4067.69
4067.18
4061.03
4057.44
4063.08
4066.15
4054.87
4054.87
4065.64
4066.67
4068.72
4069.23
4064.1
4056.92
4057.44
4065.13
4062.05
4061.54
4065.64
4060
4060.51
4065.13
4066.67
4063.08
4057.44
4065.64
4067.69
4061.54
4064.1
4065.13
4061.54
4058.97
4064.1
4068.21
4061.54
4060.51
4064.62
4064.62
4065.64
4060
4058.46
4066.67
4068.72
4068.21
4063.59
4059.49
4057.95
4054.36
4060.51
4063.59
4058.46
4061.03
4064.62
4065.13
4065.13
4070.26
4070.26
4058.97
4069.23
4078.46
4066.15
4066.67
4067.69
4066.15
4067.18
4062.05
4066.15
4070.77
4069.23
4067.18
4062.05
4063.08
4061.03
4060
4065.64
4065.13
4069.23
4067.18
4061.54
4065.64
4062.05
4058.97
4063.59
4066.15
4069.74
4065.64
4065.64
4070.77
4064.1
4061.54
4065.64
4066.67
4067.18
4067.69
4070.77
4068.21
4066.67
4069.74
4065.13
4062.56
4065.13
4065.64
4062.56
4058.97
4066.67
4067.69
4061.54
4063.59
4062.56
4066.67
4071.79
4065.64
4068.72
4072.31
4068.72
4070.26
4070.77
4072.31
4071.28
4066.67
4065.13
4063.08
4067.18
4067.69
4060
4059.49
4057.44
4057.95
4064.1
4066.67
4069.74
4068.21
4068.72
4072.82
4067.18
4062.05
4060.51
4064.62
4072.31
4071.79
4071.28
4064.62
4060.51
4068.72
4064.62
4060.51
4064.62
4064.62
4064.62
4065.64
4071.79
4076.41
4072.82
4073.33
4068.72
4063.59
4060
4054.36
4062.05
4063.08
4060.51
4067.18
4064.1
4062.56
4061.03
4058.46
4056.92
4049.74
4055.9
4064.62
4064.1
4067.18
4065.64
4068.21
4072.31
4065.64
4061.03
4056.92
4060.51
4068.21
4061.54
4062.56
4066.67
4068.21
4073.33
4070.26
4068.21
4062.56
4059.49
4069.23
4068.72
4072.31
4074.87
4074.36
4086.15
4078.97
4066.15
4069.23
4069.74
4069.23
4068.21
4069.74
4074.36
4073.85
4074.36
4070.77
4070.77
4076.92
4072.31
4070.26
4073.33
4076.41
4079.49
4073.33
4072.31
4073.85
4067.18
4062.56
4055.9
4057.44
4067.18
4067.18
4065.64
4063.08
4064.1
4066.67
4063.59
4067.69
4068.21
4068.21
4074.36
4068.21
4064.62
4068.21
4068.72
4068.72
4065.64
4067.18
4066.15
4067.69
4075.9
4066.15
4068.21
4080.51
4072.82
4074.36
4077.95
4063.08
4058.46
4064.1
4064.62
4063.08
4069.23
4077.44
4069.23
4064.62
4070.26
4071.28
4074.87
4072.82
4070.26
4072.82
4075.38
4080
4070.26
4063.08
4072.31
4073.85
4072.82
4072.31
4075.38
4084.1
4079.49
4076.92
4081.54
4081.54
4083.08
4082.56
4084.62
4084.62
4076.92
4076.92
4077.44
4075.9
4077.95
4073.33
4071.79
4074.87
4080.51
4083.08
4075.38
4077.44
4076.92
4069.23
4080
4085.13
4084.62
4091.28
4087.69
4077.95
4068.72
4073.85
4081.03
4073.33
4078.46
4085.13
4078.97
4072.82
4069.23
4074.87
4073.85
4067.69
4073.85
4078.46
4081.03
4078.97
4073.85
4082.05
4082.05
4075.38
4076.92
4077.44
4077.95
4075.9
4078.97
4080
4076.41
4081.54
4080.51
4082.56
4084.1
4075.38
4078.46
4078.46
4073.33
4078.97
4078.97
4076.41
4070.77
4068.72
4073.85
4070.26
4068.72
4070.77
4070.26
4071.79
4065.64
4066.67
4074.36
4072.82
4069.74
4067.69
4072.82
4076.41
4070.26
4069.74
4066.67
4063.08
4064.1
4061.54
4062.05
4062.56
4068.72
4077.95
4068.72
4058.46
4058.97
4057.44
4048.72
4042.56
4053.85
4056.41
4048.21
4056.41
4061.03
4055.9
4053.85
4056.41
4059.49
4052.82
4058.97
4071.28
4063.08
4060.51
4063.08
4060.51
4062.05
4060
4067.69
4074.87
4064.62
4060.51
4065.64
4069.74
4062.56
4057.95
4066.15
4066.15
4065.64
4067.69
4062.56
4063.08
4062.05
4060.51
4064.1
4064.62
4066.15
4065.64
4068.21
4072.31
4068.72
4067.69
4068.21
4069.74
4071.79
4064.62
4065.13
4071.79
4073.85
4077.44
4072.82
4072.31
4076.41
4071.79
4073.33
4077.95
4078.46
4077.95
4070.26
4066.15
4066.67
4068.21
4074.87
4072.82
4069.74
4072.82
4074.36
4067.18
4052.82
4060
4068.21
4060.51
4061.03
4060
4062.56
4069.23
4064.62
4065.13
4066.15
4064.1
4064.62
4063.08
4065.13
4064.1
4062.56
4064.1
4057.44
4056.41
4060
4060.51
4062.56
4060.51
4062.56
4060
4049.74
4053.85
4056.41
4052.82
4057.95
4060.51
4061.54
4061.54
4065.64
4070.77
4063.08
4056.41
4052.82
4048.72
4048.21
4046.67
4050.77
4055.38
4053.85
4056.41
4058.46
4062.56
4066.67
4065.13
4062.05
4048.21
4048.21
4063.59
4057.95
4049.74
4054.87
4063.59
4069.23
4065.13
4065.64
4067.18
4067.69
4066.67
4054.87
4053.85
4064.1
4066.67
4064.1
4061.54
4065.64
4066.15
4062.56
4063.59
4056.41
4058.97
4066.67
4058.46
4060
4067.69
4068.21
4066.67
4063.08
4066.67
4067.69
4062.56
4056.92
4048.21
4052.82
4056.41
4050.77
4054.87
4054.36
4051.79
4052.82
4046.67
4044.62
4043.59
4046.15
4050.26
4047.69
4047.69
4045.13
4045.13
4049.23
4043.59
4046.15
4051.28
4049.23
4048.21
4045.13
4049.23
4054.87
4053.85
4056.41
4054.36
4054.36
4058.46
4054.87
4055.38
4058.46
4060
4060
4055.38
4057.44
4057.95
4058.46
4061.03
4053.85
4054.36
4057.95
4049.74
4048.21
4050.77
4050.77
4049.74
4051.79
4050.26
4042.05
4047.18
4054.87
4047.18
4047.69
4052.82
4050.77
4052.31
4058.46
4062.56
4057.44
4059.49
4066.67
4056.41
4051.79
4060
4065.13
4067.18
4060
4056.92
4062.05
4061.54
4061.03
4054.87
4051.79
4055.9
4056.92
4062.05
4061.54
4054.87
4055.38
4057.95
4061.03
4060
4057.95
4059.49
4053.85
4051.28
4052.82
4052.82
4053.85
4047.69
4054.36
4063.08
4056.92
4058.97
4061.03
4059.49
4063.59
4057.95
4049.74
4051.28
4059.49
4058.46
4050.26
4057.95
4060
4055.9
4058.46
4047.69
4047.69
4060
4058.46
4054.87
4051.28
4052.31
4058.46
4060.51
4062.05
4053.33
4051.79
4062.05
4058.46
4054.87
4056.41
4053.33
4048.21
4047.18
4054.87
4055.38
4048.72
4047.18
4044.62
4049.74
4054.36
4054.87
4063.08
4061.54
4052.82
4048.21
4044.62
4046.67
4044.62
4046.67
4055.38
4054.87
4053.85
4055.9
4056.92
4054.36
4046.15
4050.77
4056.92
4056.41
4055.9
4049.74
4054.87
4061.54
4056.92
4061.03
4064.62
4064.62
4068.72
4068.21
4066.15
4062.05
4062.56
4067.69
4065.13
4060.51
4058.97
4064.62
4072.31
4063.59
4057.95
4059.49
4062.56
4067.69
4061.54
4060.51
4064.62
4060.51
4057.95
4054.87
4060.51
4065.64
4060.51
4065.64
4068.72
4063.08
4063.59
4060.51
4058.97
4060
4060
4058.97
4051.28
4050.77
4057.44
4063.59
4063.59
4055.38
4058.97
4064.62
4061.54
4061.03
4055.38
4054.36
4063.08
4061.54
4058.46
4058.46
4056.92
4060
4062.05
4065.13
4062.05
4061.03
4069.23
4066.15
4065.13
4065.13
4060
4058.46
4056.41
4062.05
4064.62
4054.87
4055.38
4059.49
4063.08
4069.23
4068.72
4068.72
4068.21
4066.15
4065.64
4064.62
4067.18
4063.08
4058.46
4067.69
4066.67
4059.49
4061.54
4065.64
4063.59
4054.87
4057.95
4067.18
4065.13
4060
4054.36
4056.92
4063.59
4062.56
4065.64
4067.18
4066.67
4065.64
4061.54
4063.08
4058.97
4054.87
4060.51
4058.97
4062.05
4069.74
4064.1
4064.1
4070.26
4072.82
4066.67
4061.54
4071.28
4067.18
4057.95
4062.56
4062.05
4057.44
4057.95
4063.59
4064.1
4055.9
4055.9
4054.87
4053.33
4060.51
4058.46
4052.31
4053.33
4054.87
4058.46
4054.87
4053.33
4060
4062.05
4062.05
4057.95
4057.44
4063.08
4064.1
4065.64
4063.08
4063.08
4067.18
4065.64
4072.31
4076.41
4070.26
4069.74
4065.64
4063.08
4067.18
4067.69
4064.62
4062.05
4069.74
4072.31
4064.62
4069.23
4069.74
4065.64
4073.33
4072.82
4065.13
4062.05
4063.59
4067.18
4063.08
4063.59
4068.72
4070.26
4068.21
4053.33
4051.79
4063.08
4068.21
4073.85
4070.77
4067.69
4072.82
4071.28
4067.18
4067.69
4072.82
4076.41
4071.28
4073.85
4076.41
4073.85
4072.82
4066.67
4066.15
4067.69
4063.59
4065.64
4067.69
4067.69
4069.23
4071.79
4071.79
4060.51
4060
4069.23
4064.62
4065.64
4069.23
4071.28
4080
4080.51
4080.51
4083.59
4083.08
4081.03
4076.92
4083.59
4085.64
4080.51
4087.69
4086.67
4081.54
4084.1
4081.54
4081.03
4077.44
4077.44
4082.56
4077.44
4074.36
4077.44
4083.08
4086.67
4077.95
4075.38
4075.9
4075.38
4077.44
4073.85
4075.9
4083.59
4082.56
4076.41
4073.33
4082.05
4084.1
4075.38
4076.92
4073.85
4072.82
4082.05
4079.49
4076.41
4079.49
4079.49
4081.54
4077.44
4070.77
4067.69
4069.74
4074.87
4071.28
4072.82
4077.95
4076.41
4075.9
4069.23
4065.13
4072.31
4077.95
4078.97
4070.77
4066.15
4070.26
4072.31
4076.92
4072.82
4067.18
4072.31
4071.28
4069.23
4070.77
4074.87
4082.56
4074.87
4067.18
4070.77
4069.23
4065.13
4063.08
4068.72
4078.97
4075.9
4072.82
4074.36
4076.92
4073.33
4065.13
4068.72
4073.33
4070.26
4065.64
4060
4065.64
4071.79
4068.72
4066.15
4060.51
4063.59
4070.26
4066.15
4064.62
4062.05
4061.54
4064.1
4060
4057.44
4053.85
4052.82
4056.92
4056.92
4064.62
4068.72
4062.05
4063.59
4070.77
4075.38
4075.9
4072.31
4067.18
4058.46
4061.54
4069.23
4067.18
4069.74
4068.21
4066.67
4069.23
4065.13
4066.15
4069.74
4070.77
4069.23
4064.1
4069.23
4070.77
4064.1
4067.18
4069.74
4072.31
4074.36
4069.23
4067.69
4063.59
4066.15
4075.38
4072.82
4067.69
4065.13
4067.69
4072.31
4066.15
4062.56
4064.62
4069.74
4073.33
4067.18
4070.77
4075.38
4069.23
4066.67
4065.64
4071.79
4075.9
4075.38
4081.54
4074.36
4071.79
4078.97
4070.77
4066.15
4067.18
4067.69
4069.23
4066.15
4069.23
4075.9
4079.49
4075.9
4066.67
4070.26
4075.9
4073.85
4073.85
4072.82
4080
4085.13
4077.95
4080
4078.97
4075.9
4079.49
4077.44
4074.87
4070.77
4068.21
4068.72
4069.74
4077.44
4078.97
4075.9
4076.41
4070.77
4075.9
4083.59
4078.46
4075.9
4073.33
4072.82
4075.38
4073.85
4075.38
4073.33
4071.79
4072.31
4069.74
4075.9
4076.92
4076.41
4084.1
4084.62
4080.51
4076.92
4077.44
4074.36
4064.1
4068.21
4074.36
4072.31
4074.36
4068.72
4065.64
4071.28
4068.72
4062.05
4057.95
4065.13
4074.36
4070.77
4068.21
4066.67
4065.64
4064.62
4060
4065.64
4069.23
4066.15
4069.74
4067.69
4066.67
4064.62
4058.97
4062.56
4064.62
4070.26
4076.92
4071.28
4067.69
4064.1
4065.64
4070.77
4069.23
4072.31
4074.36
4074.36
4076.92
4072.31
4071.28
4071.28
4071.28
4074.87
4063.59
4062.05
4076.41
4077.95
4072.82
4065.64
4065.64
4067.18
4063.08
4065.64
4065.64
4065.64
4068.21
4061.54
4062.05
4067.69
4073.85
4076.41
4067.69
4064.62
4066.67
4066.67
4066.67
4062.05
4061.54
4064.1
4067.69
4072.82
4066.15
4066.15
4073.85
4067.69
4067.69
4072.82
4075.38
4075.9
4073.33
4075.38
4072.31
4068.21
4070.26
4066.67
4068.21
4073.33
4072.31
4071.28
4064.62
4061.54
4066.15
4068.72
4072.31
4068.21
4063.08
4064.1
4064.1
4070.26
4074.87
4073.33
4070.26
4067.69
4071.28
4070.26
4065.13
4064.62
4064.1
4068.72
4070.77
4070.26
4076.41
4074.36
4071.28
4071.28
4066.67
4067.69
4067.69
4071.28
4078.46
4071.28
4066.15
4065.64
4066.67
4071.79
4069.74
4068.72
4070.26
4068.72
4066.67
4066.67
4071.28
4069.23
4065.13
4069.74
4066.67
4065.64
4072.82
4071.28
4068.21
4064.62
4063.59
4067.69
4072.82
4080.51
4079.49
4073.85
4072.82
4070.26
4074.87
4076.92
4070.77
4071.79
4073.85
4077.95
4075.38
4068.72
4071.28
4069.74
4071.79
4083.08
4082.56
4073.85
4070.26
4076.92
4080
4073.33
4075.9
4076.41
4072.82
4076.41
4070.77
4062.56
4062.05
4064.1
4063.08
4059.49
4067.69
4073.85
4068.21
4068.21
4067.69
4069.74
4075.9
4073.33
4072.31
4075.9
4080.51
4080.51
4071.79
4068.72
4066.15
4067.69
4077.44
4082.05
4087.18
4087.69
4089.23
4089.74
4074.87
4069.23
4070.77
4060
4053.33
4054.87
4064.62
4071.79
4070.26
4072.31
4070.26
4072.82
4082.56
4078.46
4076.92
4080
4077.95
4073.85
4067.18
4071.28
4077.95
4071.79
4067.69
4070.26
4076.41
4074.87
4068.21
4073.85
4080
4077.95
4073.85
4069.23
4070.26
4070.77
4070.77
4070.77
4065.64
4066.15
4067.18
4064.62
4063.08
4058.97
4062.05
4064.1
4057.44
4058.97
4061.54
4061.54
4064.62
4068.21
4069.74
4068.21
4072.31
4076.92
4072.82
4071.79
4072.82
4077.95
4082.56
4075.38
4072.31
4074.87
4071.28
4068.72
4064.1
4069.23
4076.92
4076.41
4074.36
4068.72
4072.82
4075.9
4068.21
4069.74
4070.26
4067.18
4069.74
4070.26
4073.85
4076.92
4075.9
4075.9
4070.26
4066.67
4067.18
4066.15
4065.64
4061.03
4057.95
4059.49
4061.54
4062.56
4057.95
4060
4065.13
4060.51
4061.54
4063.59
4066.15
4071.28
4067.18
4069.74
4073.33
4071.28
4071.28
4065.64
4064.62
4067.18
4068.72
4071.28
4065.13
4063.59
4066.15
4064.62
4063.08
4056.41
4061.03
4074.87
4073.85
4065.64
4062.56
4068.21
4073.85
4072.82
4075.38
4072.31
4067.69
4073.33
4071.28
4063.08
4064.1
4069.23
4067.69
4057.44
4062.56
4074.87
4071.79
4069.23
4068.72
4069.74
4071.28
4066.67
4067.69
4069.74
4063.59
4061.54
4068.21
4075.38
4072.82
4070.26
4075.38
4073.33
4073.85
4076.41
4075.38
4077.95
4076.92
4075.9
4071.79
4062.56
4066.67
4072.31
4069.23
4061.03
4057.95
4068.21
4071.28
4068.21
4069.23
4068.21
4071.28
4070.77
4063.08
4063.08
4068.72
4073.33
4069.74
4064.62
4068.72
4065.13
4064.1
4068.21
4063.08
4062.05
4060
4061.03
4070.77
4068.21
4065.13
4072.31
4073.33
4065.64
4062.56
4068.72
4070.77
4069.74
4070.26
4067.69
4065.64
4063.59
4064.62
4064.62
4054.87
4054.87
4063.08
4064.1
4067.69
4067.69
4066.67
4067.69
4065.13
4068.72
4069.74
4065.64
4068.72
4065.13
4064.62
4068.21
4066.67
4064.62
4054.87
4052.82
4065.13
4071.79
4069.23
4064.62
4068.21
4071.79
4067.18
4071.79
4074.36
4069.74
4067.18
4060
4058.97
4062.56
4058.97
4051.79
4050.26
4058.46
4060.51
4062.05
4069.23
4062.56
4055.38
4061.03
4064.1
4064.62
4060.51
4062.05
4068.72
4067.18
4069.23
4068.72
4069.74
4077.95
4077.44
4074.36
4074.36
4074.36
4077.44
4078.46
4078.46
4074.87
4067.69
4064.1
4061.54
4068.21
4075.38
4073.33
4075.9
4077.44
4072.82
4066.67
4063.59
4070.77
4067.69
4056.41
4054.36
4052.31
4056.41
4060
4059.49
4059.49
4054.87
4057.44
4066.67
4069.74
4068.72
4062.05
4063.08
4069.23
4064.1
4063.59
4065.64
4062.05
4061.03
4065.13
4068.72
4063.08
4064.62
4070.77
4063.59
4061.54
4066.15
4064.1
4056.92
4053.33
4063.08
4067.69
4060
4061.03
4062.05
4062.05
4066.15
4065.13
4066.67
4063.08
4056.41
4057.95
4061.03
4065.13
4064.1
4065.13
4067.69
4063.08
4066.15
4067.69
4065.64
4071.28
4065.64
4061.03
4071.28
4074.87
4068.21
4064.62
4069.23
4068.72
4062.05
4067.69
4069.74
4063.08
4061.54
4063.59
4064.1
4056.92
4052.31
4060.51
4060.51
4058.97
4069.74
4077.44
4069.74
4058.46
4068.21
4076.41
4067.18
4064.1
4065.64
4065.64
4063.08
4056.92
4063.08
4065.64
4058.46
4059.49
4063.59
4063.08
4061.03
4063.08
4067.18
4067.69
4074.36
4075.38
4061.54
4057.44
4062.05
4065.64
4064.1
4061.54
4065.13
4065.64
4067.69
4069.23
4063.59
4063.59
4060.51
4058.97
4068.21
4069.23
4065.64
4066.15
4067.69
4068.72
4064.1
4063.59
4068.72
4071.79
4068.72
4059.49
4056.41
4059.49
4059.49
4060.51
4056.41
4055.38
4061.54
4060
4057.44
4052.82
4050.26
4056.41
4057.95
4059.49
4060.51
4060
4058.46
4049.74
4050.26
4058.46
4056.41
4055.38
4055.38
4051.28
4050.26
4051.28
4052.31
4053.33
4057.95
4056.92
4049.23
4054.87
4057.95
4053.33
4053.85
4052.31
4054.87
4056.41
4051.28
4051.28
4050.77
4050.77
4049.74
4049.74
4055.9
4056.41
4057.95
4057.95
4047.18
4045.64
4056.41
4060.51
4057.44
4050.77
4047.18
4047.69
4054.36
4056.92
4053.33
4054.36
