4316.92
4314.36
4316.41
4319.49
4308.72
4310.26
4325.13
4329.74
4329.23
4322.05
4314.36
4312.82
4311.79
4314.36
4317.44
4318.97
4317.95
4315.38
4317.44
4317.95
4315.38
4316.41
4316.41
4317.44
4314.87
4310.77
4320
4323.59
4319.49
4321.03
4321.54
4325.13
4326.67
4325.13
4320.51
4316.41
4320.51
4318.46
4315.38
4320
4320.51
4320.51
4317.44
4313.85
4315.9
4317.44
4318.46
4314.36
4311.28
4311.79
4304.1
4297.44
4293.85
4291.79
4298.97
4295.38
4293.33
4307.18
4309.23
4302.56
4302.56
4305.13
4308.21
4310.77
4312.31
4311.28
4316.41
4320.51
4307.18
4300.51
4304.62
4301.54
4295.38
4295.9
4305.13
4304.1
4295.9
4298.97
4297.44
4296.92
4303.08
4302.56
4302.56
4303.59
4301.03
4296.41
4292.82
4301.03
4297.44
4292.31
4307.18
4307.18
4303.59
4307.69
4305.64
4311.79
4311.79
4306.15
4305.64
4306.67
4309.74
4302.56
4297.95
4308.21
4311.79
4310.77
4311.28
4310.77
4314.36
4314.36
4313.85
4315.9
4326.15
4332.82
4324.62
4319.49
4320.51
4320.51
4321.03
4315.38
4313.85
4319.49
4323.59
4330.26
4324.62
4317.44
4324.1
4324.1
4316.41
4309.23
4312.31
4315.9
4310.26
4313.85
4317.44
4313.33
4314.87
4312.31
4306.15
4305.13
4306.67
4305.64
4300.51
4300.51
4300.51
4294.36
4293.85
4290.26
4286.67
4293.33
4292.82
4287.18
4282.05
4281.03
4286.15
4285.64
4288.21
4294.36
4297.44
4297.44
4292.31
4293.85
4300.51
4305.64
4308.21
4296.92
4293.33
4303.59
4304.1
4302.05
4301.54
4301.54
4302.56
4297.95
4297.44
4296.41
4297.44
4305.13
4301.54
4292.82
4293.85
4301.03
4302.56
4296.41
4295.9
4297.44
4295.9
4298.97
4293.85
4292.82
4303.08
4303.59
4302.05
4297.44
4291.79
4295.38
4295.38
4295.9
4299.49
4302.56
4300
4292.82
4292.31
4291.28
4286.67
4283.59
4279.49
4287.69
4293.33
4285.64
4290.26
4294.87
4296.41
4296.92
4287.69
4287.69
4287.69
4285.13
4285.64
4278.97
4276.41
4279.49
4280
4281.03
4276.41
4274.36
4276.41
4278.97
4288.21
4290.77
4296.92
4303.59
4299.49
4300
4298.97
4294.36
4293.33
4289.74
4284.62
4280.51
4285.64
4293.33
4292.31
4289.74
4286.67
4286.15
4293.85
4294.36
4285.64
4278.97
4288.72
4302.56
4291.79
4288.21
4301.03
4298.46
4290.26
4289.23
4294.87
4300
4296.41
4293.85
4290.77
4300
4313.85
4304.1
4296.41
4301.54
4302.05
4298.46
4292.31
4296.92
4302.56
4299.49
4298.46
4293.33
4291.28
4301.54
4305.13
4303.59
4298.97
4298.46
4302.56
4295.9
4288.21
4285.64
4287.69
4291.28
4289.74
4291.28
4288.72
4293.33
4303.08
4292.82
4286.67
4293.33
4300
4304.62
4296.92
4293.85
4297.44
4291.79
4291.79
4293.33
4292.82
4298.46
4296.41
4289.23
4286.67
4289.74
4289.74
4278.97
4282.05
4290.77
4290.77
4294.36
4291.79
4281.03
4273.33
4272.82
4278.97
4281.54
4283.08
4282.05
4280
4284.62
4285.64
4285.64
4287.18
4282.05
4283.59
4286.67
4284.62
4290.77
4290.26
4283.59
4285.13
4294.36
4297.95
4287.18
4284.62
4289.23
4287.69
4287.69
4284.1
4282.56
4289.23
4293.85
4292.31
4286.67
4290.26
4292.82
4281.03
4283.59
4293.85
4293.85
4291.28
4287.69
4288.21
4291.28
4298.46
4301.54
4288.21
4292.82
4307.18
4299.49
4298.97
4305.64
4305.64
4302.56
4297.44
4296.41
4292.31
4293.33
4300.51
4294.87
4291.79
4292.82
4298.97
4305.64
4296.92
4298.46
4307.18
4306.15
4307.18
4303.59
4298.46
4299.49
4302.05
4308.21
4306.15
4304.62
4306.15
4301.03
4298.46
4297.44
4300
4307.69
4305.13
4303.59
4304.62
4304.1
4303.59
4296.92
4294.87
4301.03
4302.05
4298.46
4291.28
4295.38
4303.08
4299.49
4297.95
4298.46
4305.64
4312.31
4308.72
4310.26
4314.36
4315.38
4319.49
4318.97
4314.87
4307.69
4302.56
4307.69
4307.69
4306.67
4306.67
4305.13
4308.72
4303.08
4301.54
4308.72
4310.26
4315.38
4314.87
4312.31
4314.36
4307.18
4296.92
4295.38
4307.69
4316.92
4309.74
4305.64
4300.51
4296.92
4305.13
4300.51
4292.82
4297.44
4301.54
4302.56
4304.1
4313.33
4319.49
4315.9
4314.36
4304.62
4300
4303.59
4295.38
4292.31
4294.36
4298.46
4305.64
4297.95
4291.79
4291.28
4290.26
4293.33
4287.18
4287.18
4296.92
4300
4300
4299.49
4301.54
4298.97
4292.82
4296.41
4290.26
4289.23
4301.54
4296.41
4290.77
4293.85
4297.44
4302.56
4298.97
4296.41
4289.23
4287.18
4295.9
4292.82
4299.49
4310.77
4307.18
4309.23
4306.15
4300.51
4302.05
4301.03
4306.15
4306.15
4302.05
4305.64
4305.64
4298.46
4290.77
4296.92
4308.72
4303.59
4300.51
4306.15
4308.21
4311.79
4306.67
4300
4298.97
4296.41
4296.41
4293.33
4295.9
4301.54
4299.49
4299.49
4296.41
4294.87
4299.49
4295.38
4291.79
4295.38
4304.1
4311.28
4304.1
4304.1
4308.21
4305.64
4310.26
4311.79
4311.79
4308.72
4308.72
4316.41
4310.26
4310.26
4321.54
4316.41
4317.44
4319.49
4310.77
4312.31
4313.85
4307.69
4303.59
4309.74
4320.51
4318.46
4309.74
4308.21
4317.44
4328.21
4324.62
4319.49
4321.03
4314.87
4312.31
4305.64
4296.41
4304.62
4314.87
4314.36
4306.67
4309.74
4321.03
4315.9
4313.33
4316.92
4313.33
4317.95
4320
4317.95
4316.41
4308.72
4308.21
4307.69
4306.67
4307.18
4304.1
4308.72
4310.77
4313.33
4320
4316.41
4312.82
4312.82
4311.79
4320.51
4321.54
4324.62
4334.87
4328.72
4316.41
4308.21
4310.26
4317.44
4315.9
4321.54
4324.1
4316.92
4316.41
4316.41
4319.49
4316.92
4311.79
4316.41
4317.95
4318.97
4320.51
4325.13
4335.38
4330.26
4319.49
4319.49
4325.13
4329.23
4322.56
4325.13
4333.33
4329.74
4332.31
4333.33
4333.85
4337.95
4332.31
4334.36
4335.9
4331.28
4333.85
4331.28
4329.23
4326.15
4322.56
4323.59
4318.46
4318.46
4318.97
4318.46
4325.13
4323.59
4317.95
4320
4325.13
4324.62
4318.97
4324.1
4329.23
4320
4317.95
4317.44
4312.82
4312.31
4309.74
4308.72
4309.23
4317.44
4326.67
4315.38
4308.21
4311.28
4310.77
4308.72
4301.03
4305.13
4313.33
4310.26
4312.82
4312.82
4311.28
4313.33
4316.41
4316.92
4309.23
4316.41
4328.21
4317.44
4310.26
4311.79
4313.33
4316.92
4312.82
4314.87
4318.46
4312.31
4310.26
4310.77
4312.31
4311.28
4307.69
4313.85
4316.41
4315.9
4315.9
4311.28
4312.31
4312.31
4314.36
4319.49
4315.38
4312.31
4314.36
4317.95
4318.46
4315.38
4317.95
4316.41
4314.36
4318.97
4311.28
4304.62
4311.28
4319.49
4328.72
4326.67
4325.13
4326.67
4314.87
4312.31
4319.49
4320
4318.97
4316.41
4314.87
4310.26
4312.31
4318.97
4314.36
4312.31
4313.33
4315.38
4318.97
4309.74
4308.72
4317.95
4317.44
4315.9
4309.74
4312.82
4328.21
4323.59
4314.87
4318.97
4323.59
4321.03
4314.87
4316.41
4315.9
4317.95
4330.26
4327.69
4320.51
4322.56
4325.13
4328.21
4328.72
4330.77
4326.15
4315.9
4317.44
4316.41
4317.95
4329.23
4330.77
4327.18
4326.67
4331.79
4334.36
4325.64
4318.46
4312.82
4311.79
4316.41
4310.26
4308.72
4315.9
4319.49
4324.62
4321.03
4317.44
4320.51
4319.49
4314.36
4303.08
4303.08
4314.87
4312.82
4309.23
4314.36
4321.03
4325.13
4325.13
4325.13
4320
4318.46
4320.51
4309.74
4309.74
4323.08
4325.13
4324.1
4322.56
4328.21
4333.85
4330.26
4325.64
4318.97
4324.1
4335.38
4326.15
4320
4328.72
4334.87
4330.26
4321.03
4325.13
4330.77
4326.67
4320
4311.28
4316.41
4322.05
4315.38
4315.38
4314.87
4315.38
4316.92
4304.1
4295.38
4298.97
4305.13
4300.51
4292.31
4298.97
4298.97
4290.26
4292.82
4290.77
4290.77
4295.38
4297.95
4299.49
4289.23
4289.23
4300.51
4301.54
4300.51
4301.03
4307.18
4310.26
4304.1
4301.54
4304.1
4312.31
4315.38
4305.64
4304.1
4303.59
4304.1
4313.85
4313.85
4313.85
4315.38
4311.28
4313.85
4315.38
4312.31
4311.79
4313.85
4312.31
4305.64
4310.26
4316.92
4308.72
4306.15
4313.85
4318.97
4317.44
4312.31
4316.92
4318.46
4321.03
4329.74
4320
4311.28
4318.46
4325.64
4328.21
4317.44
4307.69
4314.36
4322.56
4322.56
4314.36
4315.9
4324.62
4323.08
4323.59
4322.56
4318.97
4321.03
4322.05
4322.05
4316.41
4314.87
4322.56
4317.95
4307.69
4308.21
4317.95
4320.51
4306.15
4308.21
4326.15
4325.13
4320.51
4318.97
4324.1
4328.21
4318.46
4313.85
4316.92
4319.49
4320.51
4314.36
4316.41
4316.92
4315.9
4317.44
4305.64
4305.13
4317.95
4317.44
4309.23
4305.64
4312.82
4321.54
4322.56
4321.03
4313.85
4315.38
4326.15
4320.51
4315.9
4318.46
4316.41
4312.31
4308.72
4315.9
4320
4315.9
4317.44
4313.33
4310.26
4312.31
4315.38
4322.56
4322.05
4318.46
4315.38
4310.26
4310.77
4308.72
4311.79
4324.1
4321.54
4315.9
4322.05
4326.67
4324.62
4315.38
4315.9
4321.03
4323.59
4325.64
4317.44
4318.46
4324.62
4324.62
4334.36
4336.41
4331.79
4336.41
4335.9
4328.72
4323.59
4326.67
4330.77
4323.59
4317.95
4317.44
4326.67
4337.95
4328.72
4319.49
4322.56
4332.31
4335.9
4323.08
4321.54
4326.67
4319.49
4319.49
4323.08
4325.13
4327.69
4325.13
4326.15
4327.69
4325.64
4326.67
4325.64
4325.13
4327.18
4330.77
4335.38
4326.15
4315.9
4316.92
4324.1
4328.72
4316.92
4314.87
4325.13
4325.13
4323.08
4316.92
4317.95
4326.15
4320.51
4311.79
4307.18
4310.26
4321.54
4323.59
4322.05
4319.49
4320
4324.1
4321.03
4324.1
4328.72
4323.08
4320
4322.05
4327.69
4327.18
4317.44
4319.49
4323.59
4326.15
4333.33
4330.77
4327.18
4327.18
4329.23
4333.33
4329.74
4326.67
4319.49
4316.41
4327.69
4326.67
4311.79
4309.23
4321.54
4327.69
4317.95
4320.51
4332.82
4329.74
4321.03
4315.9
4324.62
4332.82
4324.62
4327.18
4330.77
4322.56
4323.08
4324.62
4318.97
4311.28
4312.82
4323.08
4319.49
4317.44
4327.18
4328.21
4326.67
4330.26
4333.33
4326.15
4319.49
4325.64
4320.51
4315.9
4325.64
4321.03
4309.74
4312.31
4327.18
4331.79
4316.41
4310.26
4310.77
4308.21
4314.87
4314.87
4308.72
4310.77
4315.9
4320.51
4312.82
4308.72
4316.41
4315.38
4311.28
4308.21
4310.77
4315.38
4313.85
4315.9
4316.92
4320.51
4320.51
4308.72
4313.33
4323.59
4315.38
4311.28
4313.85
4317.44
4322.56
4323.08
4322.05
4321.03
4320.51
4320
4318.97
4322.56
4319.49
4319.49
4328.21
4323.59
4316.41
4312.82
4312.31
4319.49
4319.49
4316.41
4317.44
4321.03
4321.03
4305.64
4301.54
4313.85
4320
4323.59
4317.44
4315.9
4325.64
4324.1
4319.49
4318.46
4321.54
4329.74
4327.18
4323.59
4324.62
4326.15
4327.18
4321.03
4317.44
4320
4321.54
4322.56
4323.59
4327.69
4329.74
4327.69
4324.62
4313.85
4313.85
4320.51
4315.38
4318.46
4324.1
4328.72
4340
4340.51
4337.44
4338.46
4340.51
4337.95
4328.21
4332.82
4340
4336.41
4342.56
4339.49
4332.31
4335.38
4332.82
4330.26
4329.74
4331.28
4337.44
4337.95
4335.38
4329.74
4331.28
4343.08
4338.46
4328.21
4329.74
4337.95
4344.1
4339.49
4338.97
4340.51
4336.41
4332.31
4327.18
4331.79
4333.85
4327.18
4331.28
4334.87
4333.85
4335.38
4331.28
4332.82
4335.9
4334.87
4341.03
4336.92
4326.15
4325.64
4332.31
4336.92
4332.82
4330.26
4335.9
4341.03
4340.51
4328.21
4323.08
4334.36
4340
4337.95
4328.72
4326.67
4335.9
4335.38
4332.31
4329.23
4329.23
4331.79
4327.18
4330.26
4334.87
4334.36
4341.54
4337.44
4327.69
4328.21
4329.23
4326.15
4322.05
4331.79
4340
4332.82
4333.85
4333.33
4329.23
4333.33
4330.77
4328.21
4330.26
4330.26
4328.21
4325.13
4326.15
4329.23
4332.82
4335.9
4331.28
4332.31
4334.87
4329.74
4326.15
4315.9
4312.31
4324.62
4324.1
4315.9
4309.23
4311.79
4317.95
4311.28
4313.85
4328.72
4328.21
4318.97
4318.97
4325.13
4326.15
4326.15
4324.62
4314.87
4317.95
4324.62
4317.44
4317.95
4318.46
4317.44
4322.05
4319.49
4317.44
4318.97
4321.54
4325.13
4318.97
4318.97
4323.08
4319.49
4323.08
4326.67
4327.18
4327.18
4324.1
4322.05
4312.82
4313.33
4324.62
4322.56
4316.92
4318.46
4326.15
4332.31
4329.74
4327.69
4326.15
4331.79
4339.49
4333.85
4333.33
4334.87
4330.77
4333.85
4333.33
4332.82
4335.9
4336.41
4341.03
4334.87
4334.36
4346.15
4341.54
4333.85
4333.85
4337.44
4336.41
4327.18
4329.23
4335.9
4335.9
4333.85
4329.74
4334.36
4342.56
4341.03
4336.41
4333.85
4342.56
4349.23
4341.54
4338.97
4333.33
4334.36
4344.62
4340.51
4333.85
4329.23
4327.18
4330.77
4330.77
4332.31
4335.38
4335.9
4332.82
4328.72
4338.97
4343.08
4331.28
4334.87
4333.85
4323.59
4325.64
4329.74
4327.69
4320
4320
4324.62
4324.1
4326.67
4328.21
4333.85
4344.1
4337.95
4325.64
4326.15
4333.33
4330.77
4318.46
4324.62
4332.31
4327.18
4328.72
4322.05
4315.9
4326.67
4327.69
4318.46
4316.41
4326.15
4335.9
4333.85
4330.77
4324.1
4322.05
4326.15
4322.56
4325.64
4329.23
4327.18
4329.74
4325.64
4322.56
4322.56
4322.05
4329.23
4332.31
4337.95
4344.62
4337.95
4329.74
4321.54
4326.67
4340
4340
4340.51
4342.56
4341.03
4343.08
4335.9
4326.67
4326.67
4336.92
4342.56
4328.72
4327.69
4340.51
4344.1
4342.05
4329.74
4325.13
4331.79
4329.23
4326.15
4327.18
4332.31
4336.41
4329.74
4325.13
4328.72
4337.44
4341.03
4328.21
4323.59
4328.21
4331.79
4335.9
4327.18
4324.1
4335.9
4340.51
4333.33
4326.67
4332.82
4336.41
4328.21
4330.77
4335.9
4334.36
4336.92
4337.44
4336.41
4330.26
4329.23
4338.46
4335.9
4332.31
4336.41
4335.9
4334.36
4330.77
4328.72
4331.28
4334.87
4336.92
4328.21
4325.13
4332.31
4332.31
4335.38
4338.46
4336.41
4334.87
4329.74
4330.26
4330.26
4326.67
4327.18
4324.62
4324.1
4328.72
4332.31
4333.85
4331.79
4335.9
4338.46
4330.26
4325.13
4324.1
4331.79
4342.05
4336.41
4327.18
4321.54
4325.13
4331.28
4323.59
4323.08
4326.67
4322.56
4322.56
4325.64
4328.21
4327.18
4328.21
4331.79
4327.18
4326.67
4334.36
4334.87
4334.87
4333.33
4331.79
4336.41
4335.9
4338.97
4340.51
4337.44
4338.46
4335.38
4333.85
4335.9
4336.41
4337.95
4335.38
4334.36
4335.9
4334.87
4337.44
4336.41
4339.49
4348.21
4343.59
4330.77
4326.67
4340
4345.13
4333.33
4335.9
4340
4336.41
4335.9
4328.72
4322.56
4320.51
4318.97
4320.51
4316.92
4316.92
4322.56
4323.08
4324.1
4319.49
4321.54
4333.85
4335.38
4328.21
4324.62
4329.74
4329.74
4317.44
4314.87
4320.51
4326.67
4334.36
4336.41
4345.13
4347.69
4343.08
4343.08
4330.77
4320.51
4318.97
4312.31
4304.62
4300.51
4309.23
4320
4318.97
4318.46
4321.54
4328.21
4332.31
4323.08
4321.54
4322.56
4323.08
4330.77
4326.15
4320.51
4327.18
4329.74
4327.18
4322.56
4321.54
4324.62
4325.64
4329.23
4329.23
4327.18
4329.23
4328.72
4325.13
4322.56
4325.64
4327.69
4321.03
4316.92
4316.92
4317.44
4318.46
4313.85
4314.87
4318.46
4314.36
4313.85
4312.82
4313.33
4313.85
4310.77
4314.36
4320
4326.15
4328.72
4320
4313.85
4315.9
4326.15
4332.31
4323.59
4320.51
4320.51
4316.92
4318.46
4314.36
4314.36
4327.69
4334.36
4328.72
4321.03
4327.18
4329.23
4316.92
4316.92
4321.54
4322.05
4321.03
4313.85
4317.95
4325.13
4324.1
4323.08
4318.46
4314.87
4313.85
4312.31
4316.41
4312.31
4305.13
4308.72
4309.23
4305.13
4301.03
4306.15
4309.23
4306.67
4311.79
4311.28
4310.26
4317.95
4318.97
4317.95
4317.44
4316.92
4310.77
4293.85
4293.85
4305.13
4302.05
4298.97
4295.38
4295.9
4294.87
4289.74
4290.26
4287.69
4289.23
4298.97
4299.49
4292.31
4287.69
4291.28
4293.85
4293.85
4303.08
4303.59
4295.38
4302.56
4307.69
4301.54
4298.46
4305.13
4310.26
4298.97
4297.95
4310.77
4311.28
4303.08
4295.9
4298.97
4305.64
4300
4293.33
4290.77
4290.77
4296.41
4297.95
4298.46
4300.51
4303.59
4305.64
4299.49
4301.03
4310.77
4312.31
4312.31
4308.21
4306.15
4303.59
4296.92
4299.49
4302.56
4299.49
4293.85
4292.82
4302.56
4306.67
4302.56
4299.49
4296.41
4301.03
4301.54
4295.38
4298.97
4304.1
4304.1
4301.03
4297.95
4297.95
4293.33
4297.44
4306.67
4301.03
4293.33
4288.21
4293.85
4304.1
4298.97
4296.92
4304.1
4305.64
4302.05
4298.46
4303.08
4304.62
4300.51
4302.56
4302.56
4301.03
4301.03
4302.05
4303.59
4298.97
4296.92
4298.97
4300.51
4299.49
4297.95
4302.05
4301.54
4293.85
4303.08
4311.28
4303.59
4305.13
4302.56
4294.36
4295.38
4302.56
4304.62
4290.26
4286.15
4301.03
4307.69
4306.15
4302.05
4303.08
4303.59
4298.46
4303.59
4306.15
4300.51
4298.97
4296.92
4299.49
4300.51
4298.97
4297.95
4291.79
4290.26
4292.82
4295.38
4298.97
4291.28
4286.67
4294.36
4297.95
4299.49
4298.97
4301.03
4306.15
4302.05
4301.03
4301.03
4302.05
4306.15
4305.13
4306.15
4302.05
4299.49
4310.77
4312.82
4302.56
4295.9
4296.41
4298.97
4295.38
4294.87
4298.97
4300.51
4302.05
4300
4298.46
4295.9
4292.82
4301.03
4301.03
4288.21
4284.1
4283.08
4290.26
4294.87
4289.23
4284.62
4278.46
4280.51
4291.79
4297.95
4297.95
4293.33
4293.85
4298.46
4298.46
4298.46
4292.31
4284.62
4288.72
4294.36
4292.31
4284.62
4286.15
4292.31
4287.18
4282.56
4285.13
4289.23
4292.31
4283.08
4280
4292.31
4296.92
4294.36
4288.21
4290.26
4297.44
4289.74
4289.74
4293.33
4288.21
4287.18
4291.28
4293.33
4292.82
4297.95
4298.46
4289.74
4290.77
4291.28
4287.18
4293.33
4289.23
4282.05
4292.82
4299.49
4294.36
4286.67
4288.72
4294.36
4291.28
4291.28
4289.23
4288.72
4295.9
4295.38
4288.21
4284.62
4289.74
4298.97
4296.92
4295.9
4301.03
4304.62
4305.13
4300.51
4304.62
4309.23
4302.56
4298.46
4297.44
4299.49
4298.97
4289.23
4288.21
4295.9
4298.46
4297.95
4298.46
4305.13
4306.15
4301.54
4304.62
4306.67
4309.23
4308.72
4300
4298.46
4302.05
4304.62
4304.1
4302.56
4307.18
4305.64
4302.05
4305.64
4309.23
4312.31
4308.21
4303.08
4307.18
4305.64
4300
4296.92
4296.41
4299.49
4295.38
4290.26
4296.41
4304.1
4300
4284.62
4283.59
4292.31
4290.77
4285.13
4277.44
4279.49
4292.31
4291.79
4288.21
4285.64
4278.97
4281.03
4282.56
4281.03
4282.05
4284.62
4291.28
4283.08
4270.26
4278.97
4292.82
4289.23
4282.05
4285.13
4289.23
4286.67
4285.64
4282.56
4285.64
4289.74
4283.08
4285.13
4286.67
4281.54
4282.05
4278.97
4279.49
4281.54
4278.97
4281.03
4281.54
4276.41
4274.87
4280.51
4289.74
4289.74
4286.67
4285.64
4277.95
4276.41
4282.05
4287.18
4289.23
4285.13
4282.56
4278.46
4281.54
4292.82
4290.77
4283.59
