0
0.575808191417845
0.941544065183021
0.963776065795440
0.634393284163646
0.0735645635996673
-0.514102744193222
-0.914209755703531
-0.980785280403230
-0.689540544737067
-0.146730474455362
0.449611329654607
0.881921264348355
0.992479534598710
0.740951125354959
0.219101240156870
-0.382683432365090
-0.844853565249707
-0.998795456205172
-0.788346427626606
-0.290284677254462
0.313681740398891
0.803207531480645
0.999698818696204
0.831469612302546
0.359895036534988
-0.242980179903264
-0.757208846506485
-0.995184726672197
-0.870086991108712
-0.427555093430283
0.170961888760301
0.707106781186548
0.985277642388941
0.903989293123443
0.492898192229783
-0.0980171403295594
-0.653172842953776
-0.970031253194544
-0.932992798834739
-0.555570233019601
0.0245412285229139
0.595699304492432
0.949528180593037
0.956940335732209
0.615231590580627
0.0490676743274172
-0.534997619887098
-0.923879532511286
-0.975702130038529
-0.671558954847019
-0.122410675199216
0.471396736825998
0.893224301195516
0.989176509964781
0.724247082951465
0.195090322016125
-0.405241314004993
-0.857728610000271
-0.997290456678690
-0.773010453362738
-0.266712757474900
0.336889853392219
0.817584813151584
1
0.817584813151583
0.336889853392219
-0.266712757474900
-0.773010453362739
-0.997290456678690
-0.857728610000270
-0.405241314004993
0.195090322016126
0.724247082951466
0.989176509964781
0.893224301195516
0.471396736825998
-0.122410675199217
-0.671558954847019
-0.975702130038529
-0.923879532511286
-0.534997619887095
0.0490676743274212
0.615231590580630
0.956940335732208
0.949528180593037
0.595699304492435
0.0245412285229134
-0.555570233019602
-0.932992798834739
-0.970031253194544
-0.653172842953776
-0.0980171403295589
0.492898192229786
0.903989293123445
0.985277642388941
0.707106781186550
0.170961888760304
-0.427555093430280
-0.870086991108711
-0.995184726672197
-0.757208846506485
-0.242980179903264
0.359895036534989
0.831469612302546
0.999698818696204
0.803207531480644
0.313681740398895
-0.290284677254466
-0.788346427626605
-0.998795456205173
-0.844853565249708
-0.382683432365084
0.219101240156869
0.740951125354964
0.992479534598710
0.881921264348358
0.449611329654605
-0.146730474455357
-0.689540544737069
-0.980785280403230
-0.914209755703529
-0.514102744193224
0.0735645635996722
0.634393284163644
0.963776065795441
0.941544065183021
0.575808191417840
-4.91096680932118e-16
-0.575808191417840
-0.941544065183021
-0.963776065795441
-0.634393284163643
-0.0735645635996712
0.514102744193225
0.914209755703530
0.980785280403229
0.689540544737068
0.146730474455356
-0.449611329654606
-0.881921264348358
-0.992479534598710
-0.740951125354963
-0.219101240156868
0.382683432365085
0.844853565249709
0.998795456205173
0.788346427626604
0.290284677254465
-0.313681740398896
-0.803207531480644
-0.999698818696204
-0.831469612302545
-0.359895036534981
0.242980179903265
0.757208846506481
0.995184726672197
0.870086991108714
0.427555093430279
-0.170961888760298
-0.707106781186551
-0.985277642388941
-0.903989293123441
-0.492898192229785
0.0980171403295670
0.653172842953777
0.970031253194546
0.932992798834739
0.555570233019607
-0.0245412285229144
-0.595699304492430
-0.949528180593038
-0.956940335732210
-0.615231590580623
-0.0490676743274202
0.534997619887102
0.923879532511286
0.975702130038527
0.671558954847018
0.122410675199209
-0.471396736825999
-0.893224301195513
-0.989176509964781
-0.724247082951470
-0.195090322016125
0.405241314004987
0.857728610000274
0.997290456678690
0.773010453362733
0.266712757474899
-0.336889853392226
-0.817584813151584
-1
-0.817584813151583
-0.336889853392225
0.266712757474901
0.773010453362734
0.997290456678690
0.857728610000274
0.405241314004986
-0.195090322016126
-0.724247082951471
-0.989176509964781
-0.893224301195512
-0.471396736825997
0.122410675199210
0.671558954847019
0.975702130038528
0.923879532511286
0.534997619887101
-0.0490676743274075
-0.615231590580636
-0.956940335732210
-0.949528180593037
-0.595699304492440
-0.0245412285228987
0.555570233019608
0.932992798834739
0.970031253194545
0.653172842953786
0.0980171403295514
-0.492898192229786
-0.903989293123442
-0.985277642388943
-0.707106781186539
-0.170961888760296
0.427555093430281
0.870086991108707
0.995184726672196
0.757208846506480
0.242980179903263
-0.359895036534983
-0.831469612302538
-0.999698818696204
-0.803207531480643
-0.313681740398895
0.290284677254453
0.788346427626613
0.998795456205173
0.844853565249708
0.382683432365097
-0.219101240156883
-0.740951125354964
-0.992479534598710
-0.881921264348358
-0.449611329654618
0.146730474455371
0.689540544737069
0.980785280403230
0.914209755703535
0.514102744193212
-0.0735645635996727
-0.634393284163645
-0.963776065795438
-0.941544065183016
-0.575808191417839
9.82193361864236e-16
0.575808191417841
0.941544065183017
0.963776065795437
0.634393284163643
0.0735645635996707
-0.514102744193213
-0.914209755703536
-0.980785280403229
-0.689540544737068
-0.146730474455369
0.449611329654619
0.881921264348359
0.992479534598710
0.740951125354963
0.219101240156881
-0.382683432365099
-0.844853565249709
-0.998795456205173
-0.788346427626612
-0.290284677254451
0.313681740398897
0.803207531480644
0.999698818696204
0.831469612302537
0.359895036534981
-0.242980179903265
-0.757208846506481
-0.995184726672196
-0.870086991108707
-0.427555093430279
0.170961888760298
0.707106781186541
0.985277642388943
0.903989293123441
0.492898192229785
-0.0980171403295533
-0.653172842953788
-0.970031253194546
-0.932992798834738
-0.555570233019606
0.0245412285229007
0.595699304492442
0.949528180593038
0.956940335732210
0.615231590580634
0.0490676743274055
-0.534997619887102
-0.923879532511287
-0.975702130038530
-0.671558954847007
-0.359895036534981
-0.0613207363022045
0.242980179903265
0.524589682678467
0.757208846506481
0.919113851690060
0.995184726672197
0.978317370719628
0.870086991108714
0.680600997795448
0.427555093430279
0.134580708507126
-0.170961888760298
-0.460538710958247
-0.707106781186551
-0.887639620402854
-0.985277642388941
-0.990902635427781
-0.903989293123441
-0.732654271672412
-0.492898192229785
-0.207111376192223
0.0980171403295670
0.393992040061051
0.653172842953777
0.851355193105263
0.970031253194546
0.998118112900149
0.932992798834739
0.780737228572096
0.555570233019607
0.278519689385048
-0.0245412285229144
-0.325310292162262
-0.595699304492430
-0.810457198252599
-0.949528180593038
-0.999924701839145
-0.956940335732210
-0.824589302785021
-0.615231590580623
-0.348418680249434
-0.0490676743274202
0.254865659604509
0.534997619887102
0.765167265622460
0.923879532511286
0.996312612182778
0.975702130038527
0.863972856121585
0.671558954847018
0.416429560097640
0.122410675199209
-0.183039887955145
-0.471396736825999
-0.715730825283817
-0.893224301195513
-0.987301418157859
-0.989176509964781
-0.898674465693954
-0.724247082951470
-0.482183772079117
-0.195090322016125
0.110222207293883
0.405241314004987
0.662415777590178
0.857728610000274
0.972939952205560
0.997290456678690
0.928506080473218
0.773010453362733
0.545324988422045
0.266712757474899
-0.0368072229413546
-0.336889853392226
-0.605511041404328
-0.817584813151584
-0.953306040354193
-1
-0.953306040354192
-0.817584813151583
-0.605511041404327
-0.336889853392225
-0.0368072229413532
0.266712757474901
0.545324988422046
0.773010453362734
0.928506080473218
0.997290456678690
0.972939952205560
0.857728610000274
0.662415777590176
0.405241314004986
0.110222207293882
-0.195090322016126
-0.482183772079118
-0.724247082951471
-0.898674465693955
-0.989176509964781
-0.987301418157859
-0.893224301195512
-0.715730825283816
-0.471396736825997
-0.183039887955144
0.122410675199210
0.416429560097642
0.671558954847019
0.863972856121586
0.975702130038528
0.996312612182778
0.923879532511286
0.765167265622459
0.534997619887101
0.254865659604508
-0.0490676743274075
-0.348418680249435
-0.615231590580636
-0.824589302785022
-0.956940335732210
-0.999924701839145
-0.949528180593037
-0.810457198252589
-0.595699304492440
-0.325310292162260
-0.0245412285228987
0.278519689385049
0.555570233019608
0.780737228572088
0.932992798834739
0.998118112900150
0.970031253194545
0.851355193105263
0.653172842953786
0.393992040061050
0.0980171403295514
-0.207111376192211
-0.492898192229786
-0.732654271672422
-0.903989293123442
-0.990902635427781
-0.985277642388943
-0.887639620402854
-0.707106781186539
-0.460538710958245
-0.170961888760296
0.134580708507114
0.427555093430281
0.680600997795460
0.870086991108707
0.978317370719628
0.995184726672196
0.919113851690059
0.757208846506480
0.524589682678478
0.242980179903263
-0.0613207363022202
-0.359895036534983
-0.624859488142390
-0.831469612302538
-0.960430519415565
-0.999698818696204
-0.945607325380524
-0.803207531480643
-0.585797857456428
-0.313681740398895
-0.0122715382857126
0.290284677254453
0.565731810783614
0.788346427626613
0.937339011912573
0.998795456205173
0.966976471044855
0.844853565249708
0.643831542889784
0.382683432365097
0.0857973123444369
-0.219101240156883
-0.503538383725715
-0.740951125354964
-0.909167983090518
-0.992479534598710
-0.983105487431214
-0.881921264348358
-0.698376249408969
-0.449611329654618
-0.158858143333863
0.146730474455371
0.438616238538521
0.689540544737069
0.876070094195413
0.980785280403230
0.993906970002355
0.914209755703535
0.749136394523459
0.514102744193212
0.231058108280677
-0.0735645635996727
-0.371317193951826
-0.634393284163645
-0.838224705554843
-0.963776065795438
-0.999322384588349
-0.941544065183016
-0.795836904608886
-0.575808191417839
-0.302005949319238
9.82193361864236e-16
0.302005949319239
0.575808191417841
0.795836904608887
0.941544065183017
0.999322384588349
0.963776065795437
0.838224705554842
0.634393284163643
0.371317193951824
0.0735645635996707
-0.231058108280679
-0.514102744193213
-0.749136394523460
-0.914209755703536
-0.993906970002355
-0.980785280403229
-0.876070094195412
-0.689540544737068
-0.438616238538519
-0.146730474455369
0.158858143333865
0.449611329654619
0.698376249408971
0.881921264348359
0.983105487431215
0.992479534598710
0.909167983090517
0.740951125354963
0.503538383725713
0.219101240156881
-0.0857973123444389
-0.382683432365099
-0.643831542889786
-0.844853565249709
-0.966976471044856
-0.998795456205173
-0.937339011912572
-0.788346427626612
-0.565731810783612
-0.290284677254451
0.0122715382857146
0.313681740398897
0.585797857456429
0.803207531480644
0.945607325380525
0.999698818696204
0.960430519415565
0.831469612302537
0.624859488142389
0.359895036534981
0.0613207363022182
-0.242980179903265
-0.524589682678479
-0.757208846506481
-0.919113851690060
-0.995184726672196
-0.978317370719628
-0.870086991108707
-0.680600997795459
-0.427555093430279
-0.134580708507112
0.170961888760298
0.460538710958247
0.707106781186541
0.887639620402855
0.985277642388943
0.990902635427781
0.903989293123441
0.732654271672421
0.492898192229785
0.207111376192209
-0.0980171403295533
-0.393992040061051
-0.653172842953788
-0.851355193105264
-0.970031253194546
-0.998118112900150
-0.932992798834738
-0.780737228572087
-0.555570233019606
-0.278519689385047
0.0245412285229007
0.325310292162262
0.595699304492442
0.810457198252591
0.949528180593038
0.999924701839145
0.956940335732210
0.824589302785021
0.615231590580634
0.348418680249433
0.0490676743274055
-0.254865659604510
-0.534997619887102
-0.765167265622452
-0.923879532511287
-0.996312612182779
-0.975702130038530
-0.863972856121585
-0.671558954847007
-0.416429560097640
-0.213110319916093
-0.0613207363022045
0.0919089564971281
0.242980179903265
0.388345046698832
0.524589682678467
0.648514401022115
0.757208846506481
0.848120344803297
0.919113851690060
0.968522094274416
0.995184726672197
0.998475580573294
0.978317370719628
0.935183509938946
0.870086991108714
0.784556597155575
0.680600997795448
0.560661576197338
0.427555093430279
0.284407537211277
0.134580708507126
-0.0184067299058101
-0.170961888760298
-0.319502030816018
-0.460538710958247
-0.590759701858873
-0.707106781186551
-0.806847553543797
-0.887639620402854
-0.947585591017743
-0.985277642388941
-0.999830581795824
-0.990902635427781
-0.958703474895872
-0.903989293123441
-0.828045045257758
-0.732654271672412
-0.620057211763283
-0.492898192229785
-0.354163525420486
-0.207111376192223
-0.0551952443496890
0.0980171403295670
0.248927605745718
0.393992040061051
0.529803624686290
0.653172842953777
0.761202385484265
0.851355193105263
0.921514039342043
0.970031253194546
0.995767414467660
0.998118112900149
0.977028142657755
0.932992798834739
0.867046245515689
0.780737228572096
0.676092703575314
0.555570233019607
0.422000270799800
0.278519689385048
0.128498110793797
-0.0245412285229144
-0.177004220412156
-0.325310292162262
-0.465976495767970
-0.595699304492430
-0.711432195745217
-0.810457198252599
-0.890448723244757
-0.949528180593038
-0.986308097244598
-0.999924701839145
-0.990058210262296
-0.956940335732210
-0.901348847046021
-0.824589302785021
-0.728464390448226
-0.615231590580623
-0.487550160148440
-0.348418680249434
-0.201104634842086
-0.0490676743274202
0.104121633872058
0.254865659604509
0.399624199845647
0.534997619887102
0.657806693297076
0.765167265622460
0.854557988365405
0.923879532511286
0.971503890986253
0.996312612182778
0.997723066644192
0.975702130038527
0.930766961078985
0.863972856121585
0.776888465673236
0.671558954847018
0.550457972936600
0.416429560097640
0.272621355449947
0.122410675199209
-0.0306748031766356
-0.183039887955145
-0.331106305759872
-0.471396736825999
-0.600616479383874
-0.715730825283817
-0.814036329705950
-0.893224301195513
-0.951435020969008
-0.987301418157859
-0.999981175282601
-0.989176509964781
-0.955141168305769
-0.898674465693954
-0.821102514991102
-0.724247082951470
-0.610382806276309
-0.482183772079117
-0.342660717311996
-0.195090322016125
-0.0429382569349462
0.110222207293883
0.260794117915281
0.405241314004987
0.540171472729895
0.662415777590178
0.769103337645579
0.857728610000274
0.926210242138310
0.972939952205560
0.996820299291166
0.997290456678690
0.974339382785575
0.928506080473218
0.860866938637767
0.773010453362733
0.666999922303640
0.545324988422045
0.410843171057897
0.266712757474899
0.116318630911900
-0.0368072229413546
-0.189068664149807
-0.336889853392226
-0.476799230063320
-0.605511041404328
-0.720002507961378
-0.817584813151584
-0.895966249756188
-0.953306040354193
-0.988257567730750
-1
-0.988257567730750
-0.953306040354192
-0.895966249756187
-0.817584813151583
-0.720002507961377
-0.605511041404327
-0.476799230063319
-0.336889853392225
-0.189068664149806
-0.0368072229413532
0.116318630911902
0.266712757474901
0.410843171057898
0.545324988422046
0.666999922303641
0.773010453362734
0.860866938637768
0.928506080473218
0.974339382785575
0.997290456678690
0.996820299291166
0.972939952205560
0.926210242138309
0.857728610000274
0.769103337645578
0.662415777590176
0.540171472729894
0.405241314004986
0.260794117915279
0.110222207293882
-0.0429382569349477
-0.195090322016126
-0.342660717311998
-0.482183772079118
-0.610382806276310
-0.724247082951471
-0.821102514991103
-0.898674465693955
-0.955141168305769
-0.989176509964781
-0.999981175282601
-0.987301418157859
-0.951435020969008
-0.893224301195512
-0.814036329705949
-0.715730825283816
-0.600616479383873
-0.471396736825997
-0.331106305759871
-0.0735645635996700
-0.0122715382857232
0.0490676743274141
0.110222207293879
0.170961888760296
0.231058108280672
0.290284677254463
0.348418680249435
0.405241314004989
0.460538710958239
0.514102744193220
0.565731810783611
0.615231590580624
0.662415777590169
0.707106781186544
0.749136394523456
0.788346427626607
0.824589302785026
0.857728610000272
0.887639620402854
0.914209755703530
0.937339011912574
0.956940335732208
0.972939952205559
0.985277642388941
0.993906970002356
0.998795456205172
0.999924701839145
0.997290456678690
0.990902635427780
0.980785280403231
0.966976471044853
0.949528180593037
0.928506080473217
0.903989293123445
0.876070094195409
0.844853565249710
0.810457198252598
0.773010453362736
0.732654271672413
0.689540544737067
0.643831542889792
0.595699304492435
0.545324988422048
0.492898192229787
0.438616238538531
0.382683432365094
0.325310292162268
0.266712757474904
0.207111376192218
0.146730474455362
0.0857973123444403
0.0245412285229134
-0.0368072229413571
-0.0980171403295582
-0.158858143333858
-0.219101240156866
-0.278519689385049
-0.336889853392215
-0.393992040061049
-0.449611329654607
-0.503538383725718
-0.555570233019602
-0.605511041404325
-0.653172842953775
-0.698376249408971
-0.740951125354957
-0.780737228572092
-0.817584813151581
-0.851355193105262
-0.881921264348356
-0.909167983090523
-0.932992798834739
-0.953306040354194
-0.970031253194544
-0.983105487431216
-0.992479534598710
-0.998118112900149
-1
-0.998118112900150
-0.992479534598711
-0.983105487431216
-0.970031253194544
-0.953306040354194
-0.932992798834739
-0.909167983090523
-0.881921264348356
-0.851355193105267
-0.817584813151586
-0.780737228572097
-0.740951125354962
-0.698376249408977
-0.653172842953776
-0.605511041404325
-0.555570233019602
-0.503538383725718
-0.449611329654608
-0.393992040061050
-0.336889853392223
-0.278519689385056
-0.219101240156874
-0.158858143333866
-0.0980171403295660
-0.0368072229413578
0.0245412285229127
0.0857973123444396
0.146730474455361
0.207111376192217
0.266712757474896
0.325310292162260
0.382683432365087
0.438616238538524
0.492898192229780
0.545324988422042
0.595699304492434
0.643831542889792
0.689540544737067
0.732654271672412
0.773010453362736
0.810457198252593
0.844853565249706
0.876070094195405
0.903989293123442
0.928506080473214
0.949528180593035
0.966976471044852
0.980785280403230
0.990902635427780
0.997290456678690
0.999924701839145
0.998795456205173
0.993906970002356
0.985277642388942
0.972939952205561
0.956940335732210
0.937339011912577
0.914209755703530
0.887639620402854
0.857728610000272
0.824589302785026
0.788346427626607
0.749136394523461
0.707106781186550
0.662415777590175
0.615231590580630
0.565731810783618
0.514102744193227
0.460538710958239
0.405241314004990
0.348418680249435
0.290284677254464
0.231058108280673
0.170961888760304
0.110222207293886
0.0490676743274219
-0.0122715382857153
-0.0735645635996622
-0.134580708507127
-0.195090322016129
-0.254865659604514
-0.313681740398891
-0.371317193951836
-0.427555093430280
-0.482183772079120
-0.534997619887094
-0.585797857456436
-0.634393284163642
-0.680600997795449
-0.724247082951468
-0.765167265622459
-0.803207531480645
-0.838224705554838
-0.870086991108711
-0.898674465693953
-0.923879532511286
-0.945607325380520
-0.963776065795439
-0.978317370719627
-0.989176509964780
-0.996312612182778
-0.999698818696204
-0.999322384588350
-0.995184726672197
-0.987301418157859
-0.975702130038529
-0.960430519415567
-0.941544065183022
-0.919113851690059
-0.893224301195518
-0.863972856121590
-0.831469612302545
-0.795836904608883
-0.757208846506485
-0.715730825283819
-0.671558954847020
-0.624859488142388
-0.575808191417848
-0.524589682678472
-0.471396736826002
-0.416429560097642
-0.359895036534993
-0.302005949319227
-0.242980179903264
-0.183039887955141

