-281
-414
-496
-522
-583
-595
-595
-636
-607
-633
-694
-776
-802
-659
-461
-287
-134
-102
-7
81
163
239
229
249
258
251
280
235
194
247
308
322
324
242
160
72
34
52
118
140
143
161
104
3
3
-31
-88
-141
-223
-189
-190
-145
-96
-55
70
104
142
208
249
298
314
332
275
142
41
-47
-42
-26
-87
-96
-167
-228
-223
-276
-252
-191
-157
-91
-82
-44
109
185
246
197
80
-63
-206
-369
-486
-595
-604
-578
-533
-462
-405
-352
-378
-444
-464
-517
-505
-510
-511
-560
-592
-568
-502
-436
-458
-464
-435
-390
-227
-161
-73
60
121
246
299
337
340
299
298
269
216
167
96
35
40
-61
-95
-212
-398
-551
-660
-846
-907
-989
-1055
-1100
-1161
-1158
-1158
-1152
-1107
-1195
-1179
-1130
-1135
-1144
-1232
-1308
-1302
-1320
-1244
-1235
-1261
-1208
-1184
-1194
-1145
-1107
-1012
-941
-875
-780
-692
-575
-509
-535
-584
-645
-650
-601
-627
-589
-575
-509
-408
-394
-370
-408
-359
-271
-230
-185
-214
-302
-419
-514
-492
-421
-296
-163
-54
55
93
103
123
103
191
300
474
575
651
631
593
569
651
727
772
778
740
822
848
860
855
712
611
523
555
608
630
630
589
540
464
473
518
556
585
509
366
334
273
274
242
193
227
233
245
243
167
122
102
114
82
53
94
132
150
168
186
235
242
268
252
199
138
85
32
-29
-41
-117
-79
-47
-71
-91
-129
-134
-154
-195
-161
-199
-154
-88
-31
94
176
237
286
237
236
214
119
43
-110
-296
-341
-355
-279
-305
-281
-279
-328
-279
-230
-201
-183
-182
-160
-174
-133
-155
-264
-340
-378
-340
-283
-207
-98
35
198
341
458
575
620
636
604
533
565
551
485
360
197
109
27
-11
-120
-332
-475
-618
-771
-859
-992
-1109
-1234
-1310
-1411
-1512
-1569
-1581
-1579
-1569
-1595
-1589
-1507
-1441
-1423
-1437
-1498
-1607
-1639
-1668
-1652
-1527
-1445
-1328
-1287
-1249
-1148
-1023
-906
-849
-881
-881
-836
-795
-678
-637
-663
-606
-600
-512
-436
-460
-365
-336
-254
-129
-153
-131
-149
-194
-168
-177
-116
-82
-50
16
54
142
187
216
167
34
-99
-262
-448
-622
-663
-597
-552
-499
-467
-477
-411
-340
-245
-82
-64
-48
-54
-60
-67
-143
-214
-205
-258
-209
-191
-173
-139
-188
-170
-156
-188
-122
-40
21
55
6
24
53
82
164
126
167
155
123
111
-14
-75
-141
-212
-230
-325
-450
-507
-521
-518
-518
-524
-500
-522
-488
-476
-542
-547
-600
-582
-585
-561
-532
-544
-560
-582
-611
-637
-682
-716
-717
-695
-685
-603
-579
-613
-666
-688
-683
-712
-630
-497
-388
-370
-304
-316
-271
-170
-165
-112
-132
-208
-126
-60
65
110
104
109
64
-7
-25
-49
22
13
-5
-27
-122
-188
-245
-207
-260
-403
-512
-675
-697
-656
-611
-545
-531
-513
-525
-491
-420
-338
-250
-212
-103
14
-18
-30
-39
-110
-101
-162
-203
-194
-255
-277
-318
-302
-169
-128
-116
-154
-230
-254
-266
-213
-187
-236
-207
-219
-228
-244
-289
-223
-243
-245
-283
-365
-389
-442
-483
-457
-423
-362
-333
-315
-293
-284
-208
-151
-131
-49
-46
7
-31
-140
-257
-483
-584
-625
-657
-581
-622
-629
-563
-551
-560
-534
-527
-474
-483
-412
-324
-279
-226
-225
-191
-257
-390
-472
-615
-716
-745
-725
-624
-536
-475
-437
-471
-453
-441
-423
-461
-537
-513
-511
-525
-541
-570
-560
-569
-585
-536
-574
-598
-582
-670
-711
-768
-702
-614
-451
-356
-239
-157
-62
20
129
217
241
215
170
204
245
223
170
88
39
-37
-125
-159
-216
-341
-484
-670
-771
-759
-725
-676
-721
-787
-904
-901
-881
-907
-854
-880
-868
-880
-946
-901
-892
-899
-873
-922
-881
-874
-850
-812
-869
-857
-769
-740
-652
-649
-583
-530
-546
-584
-758
-944
-1069
-1103
-1050
-1009
-921
-788
-700
-655
-617
-541
-424
-336
-310
-317
-317
-272
-252
-297
-422
-531
-619
-595
-550
-550
-603
-679
-713
-704
-749
-761
-822
-784
-708
-607
-531
-460
-186
-23
110
171
242
324
377
415
476
492
466
400
339
286
304
405
471
466
495
469
443
455
556
709
719
836
924
1000
1000
947
959
918
938
964
930
942
956
899
904
809
808
834
822
798
655
538
512
455
441
359
345
406
422
404
316
250
228
219
185
68
-8
-69
-74
-86
-91
-79
-55
2
40
89
91
53
54
48
109
33
-62
-128
-199
-211
-344
-426
-543
-755
-888
-1074
-1191
-1203
-1264
-1313
-1389
-1455
-1462
-1500
-1526
-1602
-1735
-1767
-1796
-1758
-1738
-1799
-1711
-1673
-1620
-1575
-1597
-1587
-1621
-1674
-1745
-1802
-1890
-1884
-1835
-1840
-1852
-1834
-1773
-1685
-1632
-1499
-1450
-1472
-1401
-1356
-1336
-1350
-1289
-1260
-1246
-1295
-1352
-1307
-1212
-1163
-1102
-1108
-999
-961
-844
-743
-667
-524
-500
-488
-483
-488
-464
-457
-412
-371
-403
-452
-523
-594
-670
-746
-795
-813
-787
-882
-908
-907
-917
-822
-769
-681
-538
-364
-211
-173
-182
-106
-11
46
17
-108
-120
-25
-23
11
-27
-3
68
92
180
162
174
283
378
390
376
300
266
323
337
349
292
175
99
11
-77
-118
-109
-52
19
72
69
57
102
101
115
147
113
60
26
-83
-216
-333
-458
-553
-696
-922
-1108
-1157
-1189
-1284
-1355
-1437
-1437
-1399
-1415
-1435
-1447
-1398
-1322
-1322
-1334
-1350
-1349
-1288
-1262
-1233
-1247
-1364
-1373
-1382
-1427
-1509
-1566
-1554
-1548
-1566
-1564
-1519
-1443
-1342
-1285
-1305
-1310
-1261
-1200
-1188
-1197
-1179
-1141
-1092
-1087
-1092
-1063
-1068
-1023
-922
-890
-885
-853
-854
-809
-743
-734
-673
-695
-685
-680
-712
-686
-645
-621
-614
-623
-628
-642
-666
-732
-723
-755
-706
-611
-645
-665
-808
-884
-802
-801
-668
-525
-430
-329
-297
-288
-254
-216
-236
-226
-197
-226
-214
-212
-151
-50
-5
120
245
298
305
281
382
525
570
569
583
549
533
532
491
438
409
348
291
148
60
-1
-54
-83
-76
-27
11
64
135
206
259
245
283
317
351
298
165
104
28
40
16
-60
-126
-279
-412
-513
-601
-658
-696
-686
-688
-606
-497
-436
-427
-472
-466
-341
-198
-97
12
78
144
239
271
366
442
458
540
499
461
423
270
137
-26
-114
-132
-170
-303
-436
-470
-345
-284
-293
-295
-224
-91
34
66
92
90
64
38
39
10
15
12
-49
-106
-201
-267
-289
-334
-467
-584
-566
-632
-733
-771
-880
-981
-1052
-1161
-1210
-1203
-1232
-1179
-1161
-1206
-1197
-1159
-1071
-1010
-949
-832
-846
-917
-935
-1023
-1076
-1137
-1061
-887
-821
-720
-644
-535
-372
-301
-342
-333
-238
-156
-157
-239
-296
-353
-414
-480
-654
-787
-832
-885
-1038
-1236
-1399
-1562
-1671
-1796
-1970
-2036
-1975
-1949
-2020
-2096
-2122
-2027
-1966
-1900
-1886
-1891
-1766
-1709
-1754
-1788
-1854
-1886
-1877
-1867
-1949
-2031
-2065
-2094
-2037
-2003
-1954
-1768
-1570
-1344
-1181
-1165
-1012
-814
-640
-531
-490
-508
-463
-410
-357
-316
-267
-226
-197
-273
-302
-328
-340
-435
-633
-690
-716
-719
-739
-805
-850
-849
-825
-787
-825
-863
-847
-781
-732
-631
-599
-581
-555
-541
-408
-299
-238
-222
-225
-207
-90
5
19
72
113
179
188
208
333
428
545
547
635
711
772
821
807
682
616
654
636
579
538
537
505
434
271
251
285
301
252
223
311
412
421
470
511
462
386
298
415
524
500
434
444
545
583
474
373
302
214
105
-81
-142
-66
-132
-193
-222
-140
3
25
-46
-107
-139
-38
79
55
-62
-179
-197
-115
-216
-379
-424
-417
-439
-582
-823
-956
-918
-927
-965
-953
-896
-855
-853
-851
-813
-775
-714
-619
-620
-625
-682
-696
-725
-786
-815
-714
-626
-650
-593
-505
-496
-501
-589
-536
-419
-390
-439
-521
-495
-434
-448
-430
-359
-250
-179
-126
-69
-126
-133
-62
-17
-43
-104
-16
85
80
-29
-39
-96
-221
-241
-219
-314
-390
-385
-438
-547
-476
-264
-188
-162
-37
-86
-79
95
61
-180
-297
-268
-334
-487
-463
-461
-518
-473
-534
-697
-735
-878
-1041
-1040
-1128
-1271
-1189
-1238
-1279
-1253
-1324
-1358
-1305
-1354
-1407
-1341
-1275
-1270
-1213
-1137
-1137
-1084
-996
-976
-1000
-905
-976
-1119
-1093
-1131
-1305
-1422
-1483
-1616
-1769
-1840
-1874
-1927
-1959
-1933
-1967
-2055
-2061
-2023
-2023
-1922
-1840
-1834
-1763
-1687
-1626
-1588
-1535
-1459
-1410
-1505
-1558
-1544
-1589
-1601
-1604
-1597
-1526
-1465
-1404
-1309
-1268
-1329
-1295
-1242
-1244
-1315
-1391
-1420
-1502
-1584
-1616
-1602
-1609
-1603
-1527
-1522
-1593
-1746
-1847
-1869
-1940
-2073
-2087
-2034
-2018
-2017
-2043
-1918
-1801
-1783
-1666
-1503
-1394
-1277
-1152
-1019
-985
-944
-873
-778
-737
-766
-678
-553
-452
-403
-308
-267
-233
-243
-292
-276
-266
-288
-272
-317
-333
-245
-92
-54
-28
67
162
133
62
100
71
-38
-95
-19
-162
-211
-86
-81
-190
-272
-373
-571
-653
-587
-625
-666
-646
-626
-632
-479
-472
-597
-531
-398
-455
-489
-436
-414
-411
-393
-413
-425
-396
-358
-384
-377
-367
-379
-417
-383
-409
-595
-593
-592
-735
-788
-797
-846
-963
-983
-949
-927
-903
-832
-756
-685
-640
-595
-644
-643
-561
-643
-768
-759
-793
-888
-970
-1087
-1220
-1363
-1429
-1400
-1476
-1517
-1460
-1492
-1470
-1468
-1534
-1531
-1474
-1456
-1488
-1489
-1372
-1290
-1233
-1195
-1142
-1130
-1116
-1063
-1058
-987
-878
-883
-949
-975
-1004
-1086
-1139
-1098
-1147
-1345
-1327
-1282
-1353
-1454
-1474
-1479
-1511
-1450
-1384
-1377
-1311
-1223
-1166
-1125
-1113
-1115
-1240
-1311
-1258
-1287
-1450
-1384
-1289
-1330
-1391
-1362
-1317
-1229
-1158
-1015
-974
-1000
-939
-959
-1004
-963
-897
-863
-792
-704
-655
-716
-804
-865
-1008
-1206
-1349
-1394
-1460
-1531
-1656
-1809
-1952
-2053
-2206
-2418
-2535
-2573
-2580
-2633
-2599
-2523
-2497
-2415
-2306
-2245
-2239
-2114
-2038
-1989
-1894
-1793
-1755
-1684
-1541
-1398
-1480
-1518
-1409
-1400
-1466
-1515
-1486
-1457
-1514
-1496
-1451
-1465
-1541
-1557
-1602
-1776
-1785
-1799
-1887
-1869
-1798
-1824
-1812
-1679
-1584
-1539
-1463
-1330
-1248
-1105
-1004
-998
-964
-898
-857
-906
-930
-829
-797
-791
-734
-787
-882
-964
-1040
-1193
-1346
-1422
-1498
-1564
-1482
-1462
-1455
-1384
-1283
-1174
-1142
-1085
-899
-790
-810
-728
-640
-722
-760
-734
-791
-879
-826
-788
-820
-779
-791
-867
-984
-1085
-1156
-1227
-1315
-1353
-1419
-1582
-1677
-1620
-1622
-1540
-1354
-1330
-1331
-1157
-1056
-1034
-946
-952
-1077
-1143
-1209
-1334
-1383
-1371
-1395
-1440
-1516
-1554
-1560
-1703
-1727
-1747
-1890
-1919
-1881
-1888
-1926
-1917
-1868
-1906
-1959
-1925
-1945
-1963
-1887
-1816
-1782
-1770
-1682
-1633
-1490
-1327
-1324
-1253
-1110
-1022
-1117
-1178
-1140
-1216
-1379
-1403
-1520
-1694
-1837
-1954
-2117
-2234
-2287
-2358
-2459
-2471
-2542
-2716
-2634
-2610
-2622
-2600
-2574
-2586
-2635
-2636
-2707
-2802
-2741
-2696
-2694
-2569
-2487
-2426
-2283
-2222
-2151
-2085
-2085
-2078
-1969
-2102
-2131
-2078
-2144
-2099
-2144
-2182
-2065
-2004
-1943
-1872
-1790
-1737
-1666
-1661
-1675
-1622
-1596
-1605
-1567
-1608
-1590
-1552
-1590
-1561
-1452
-1399
-1456
-1465
-1462
-1436
-1470
-1499
-1433
-1407
-1445
-1429
-1422
-1460
-1474
-1448
-1497
-1494
-1428
-1504
-1472
-1401
-1458
-1515
-1486
-1568
-1656
-1656
-1678
-1687
-1638
-1672
-1767
-1753
-1829
-1992
-2018
-2040
-2157
-2210
-2176
-2205
-2258
-2260
-2246
-2341
-2359
-2298
-2343
-2334
-2246
-2270
-2323
-2285
-2256
-2327
-2282
-2206
-2315
-2376
-2305
-2337
-2382
-2375
-2346
-2387
-2396
-2308
-2384
-2509
-2502
-2627
-2736
-2812
-2986
-3035
-3006
-3008
-3074
-3131
-3030
-2921
-2883
-2788
-2739
-2753
-2704
-2711
-2749
-2727
-2701
-2715
-2633
-2580
-2600
-2483
-2430
-2446
-2364
-2388
-2339
-2368
-2450
-2384
-2509
-2652
-2674
-2799
-2908
-2855
-2931
-2963
-2937
-2928
-2948
-2872
-2815
-2803
-2721
-2724
-2765
-2803
-2841
-2865
-2941
-3007
-2969
-2931
-2830
-2721
-2650
-2517
-2416
-2345
-2202
-2207
-2260
-2262
-2344
-2453
-2596
-2721
-2816
-2825
-2791
-2886
-2995
-2938
-2964
-3002
-2920
-2888
-2914
-2880
-2798
-2923
-2961
-2900
-2932
-2871
-2762
-2740
-2669
-2552
-2419
-2393
-2384
-2323
-2289
-2257
-2306
-2326
-2392
-2453
-2392
-2430
-2531
-2474
-2421
-2439
-2449
-2408
-2417
-2542
-2513
-2535
-2636
-2718
-2694
-2674
-2817
-2846
-2844
-2878
-2852
-2826
-2829
-2772
-2684
-2596
-2487
-2449
-2415
-2298
-2374
-2406
-2324
-2467
-2610
-2572
-2477
-2497
-2468
-2325
-2458
-2519
-2493
-2564
-2596
-2520
-2506
-2577
-2482
-2329
-2351
-2356
-2182
-2144
-2210
-2222
-2231
-2307
-2262
-2180
-2185
-2042
-1954
-1955
-1939
-1980
-2006
-2101
-2234
-2316
-2479
-2622
-2656
-2781
-2869
-2895
-2924
-2981
-3015
-2989
-2969
-3003
-2921
-2920
-2896
-2884
-2910
-2872
-2806
-2855
-2841
-2678
-2644
-2739
-2668
-2659
-2730
-2621
-2539
-2478
-2466
-2365
-2299
-2275
-2266
-2307
-2164
-2217
-2318
-2242
-2313
-2456
-2544
-2632
-2765
-2831
-2815
-2818
-2838
-2721
-2731
-2772
-2738
-2605
-2534
-2587
-2592
-2610
-2735
-2792
-2726
-2660
-2638
-2505
-2396
-2405
-2310
-2157
-2048
-2024
-1967
-1991
-2116
-2110
-2111
-2254
-2336
-2331
-2397
-2417
-2385
-2494
-2528
-2487
-2612
-2700
-2655
-2673
-2722
-2673
-2628
-2660
-2684
-2643
-2638
-2704
-2753
-2750
-2811
-2877
-2863
-2877
-2811
-2729
-2726
-2764
-2798
-2830
-2781
-2826
-2979
-3080
-3137
-3219
-3203
-3194
-3235
-3203
-3115
-3054
-3013
-3070
-3044
-3018
-2986
-2941
-2963
-2937
-2866
-2890
-2956
-2903
-2827
-2944
-2926
-2714
-2715
-2753
-2636
-2548
-2582
-2576
-2494
-2518
-2509
-2566
-2667
-2701
-2746
-2787
-2765
-2741
-2915
-2976
-2927
-2927
-2949
-2867
-2833
-2976
-3000
-2847
-2845
-2940
-2874
-2792
-2683
-2588
-2583
-2517
-2488
-2427
-2409
-2371
-2459
-2530
-2536
-2624
-2733
-2762
-2755
-2831
-2902
-2940
-2964
-2970
-3015
-3044
-3058
-3134
-3132
-3087
-3175
-3276
-3317
-3317
-3295
-3238
-3129
-3063
-3025
-2862
-2699
-2590
-2502
-2377
-2289
-2164
-2202
-2153
-2020
-2046
-2072
-2117
-2129
-2155
-2167
-2176
-2293
-2313
-2318
-2363
-2345
-2543
-2619
-2587
-2578
-2580
-2551
-2485
-2534
-2622
-2636
-2612
-2688
-2749
-2704
-2663
-2629
-2746
-2772
-2684
-2683
-2705
-2676
-2664
-2752
-2734
-2710
-2742
-2747
-2690
-2614
-2626
-2702
-2657
-2648
-2655
-2693
-2707
-2719
-2653
-2635
-2657
-2569
-2503
-2437
-2349
-2267
-2249
-2278
-2312
-2286
-2254
-2260
-2276
-2210
-2101
-2096
-2270
-2379
-2474
-2556
-2689
-2750
-2779
-2811
-2872
-2898
-2880
-2921
-2978
-2969
-3030
-3087
-3182
-3291
-3373
-3383
-3361
-3360
-3351
-3306
-3181
-3143
-3200
-3099
-2901
-2848
-2799
-2773
-2805
-2767
-2666
-2605
-2634
-2546
-2334
-2209
-2189
-2177
-2218
-2284
-2372
-2348
-2342
-2475
-2576
-2605
-2600
-2491
-2453
-2510
-2507
-2568
-2592
-2510
-2481
-2530
-2506
-2397
-2399
-2487
-2411
-2294
-2328
-2404
-2363
-2361
-2410
-2420
-2420
-2458
-2461
-2423
-2540
-2628
-2771
-2859
-2916
-3011
-3021
-2968
-2969
-3030
-3001
-2913
-2974
-3045
-2957
-2869
-2898
-2947
-2927
-2913
-3038
-3062
-3040
-2958
-2857
-2724
-2550
-2512
-2478
-2402
-2455
-2556
-2530
-2501
-2477
-2436
-2319
-2210
-2024
-1899
-1965
-1822
-1721
-1830
-1814
-1738
-1677
-1689
-1863
-1988
-1922
-1898
-1939
-1948
-1899
-1956
-2081
-2152
-2269
-2378
-2400
-2334
-2246
-2137
-1974
-1929
-1934
-1817
-1846
-1947
-1938
-1885
-1809
-1809
-1800
-1762
-1667
-1566
-1517
-1479
-1418
-1450
-1472
-1510
-1586
-1695
-1736
-1837
-1980
-2075
-2136
-2162
-2155
-2106
-2115
-2099
-2181
-2306
-2347
-2290
-2314
-2288
-2076
-1902
-1870
-1904
-1916
-1900
-1839
-1877
-1943
-1872
-1811
-1920
-2021
-2020
-2115
-2268
-2286
-2262
-2253
-2144
-2095
-2029
-1876
-1767
-1722
-1634
-1491
-1473
-1474
-1464
-1502
-1499
-1411
-1402
-1463
-1449
-1451
-1552
-1726
-1802
-1826
-1836
-1889
-1998
-2027
-2021
-2103
-2198
-2201
-2130
-2073
-2102
-2128
-2125
-2174
-2227
-2228
-2157
-2131
-2202
-2141
-2059
-2010
-1984
-2022
-1956
-1890
-1819
-1781
-1819
-1890
-1985
-2102
-2155
-2212
-2345
-2386
-2435
-2568
-2625
-2530
-2525
-2570
-2646
-2789
-2865
-2881
-2695
-2421
-2278
-2217
-2031
-1857
-1812
-1857
-1910
-1944
-1928
-1916
-1938
-1983
-1977
-1972
-1984
-2072
-2138
-2135
-2142
-2208
-2230
-2177
-2186
-2125
-1972
-1911
-1906
-1890
-1890
-1919
-2028
-2161
-2270
-2292
-2183
-2142
-2171
-2133
-2038
-1993
-2081
-2157
-2202
-2255
-2273
-2191
-2074
-2013
-2089
-2127
-2115
-2168
-2165
-2022
-1905
-1879
-1778
-1707
-1795
-1836
-1814
-1852
-1850
-1774
-1665
-1556
-1403
-1346
-1293
-1261
-1216
-1240
-1365
-1447
-1564
-1526
-1444
-1482
-1615
-1686
-1680
-1651
-1689
-1669
-1568
-1578
-1687
-1782
-1848
-1886
-1841
-1815
-1903
-1885
-1863
-1964
-2221
-2346
-2317
-2246
-2180
-2055
-1998
-2080
-2292
-2466
-2468
-2517
-2468
-2359
-2283
-2259
-2171
-2076
-2062
-2033
-1951
-1913
-2001
-1989
-1880
-1898
-2041
-2075
-2049
-2046
-2001
-1848
-1795
-1928
-2081
-2142
-2158
-2113
-2025
-1924
-1871
-1826
-1773
-1778
-1788
-1806
-1807
-1831
-1840
-1795
-1766
-1754
-1760
-1744
-1785
-1938
-2055
-2081
-2119
-2053
-1841
-1716
-1719
-1687
-1642
-1643
-1677
-1632
-1644
-1705
-1656
-1574
-1548
-1609
-1685
-1767
-1862
-1933
-1924
-1898
-1869
-2012
-2113
-2112
-2165
-2077
-1785
-1528
-1403
-1342
-1179
-1091
-1162
-1263
-1388
-1483
-1554
-1592
-1717
-1818
-1761
-1755
-1796
-1784
-1760
-1765
-1831
-1919
-2093
-2077
-1924
-1726
-1583
-1420
-1222
-1059
-977
-999
-1056
-1074
-1135
-1230
-1325
-1401
-1496
-1605
-1496
-1443
-1405
-1288
-1235
-1492
-1733
-1790
-1657
-1514
-1381
-1248
-1074
-931
-972
-1025
-1063
-1124
-1158
-1246
-1317
-1323
-1291
-1253
-1177
-1101
-1030
-948
-932
-1144
-1307
-1331
-1332
-1199
-1001
-858
-749
-688
-681
-693
-719
-828
-869
-898
-1023
-1080
-1133
-1250
-1375
-1451
-1496
-1613
-1695
-1638
-1521
-1501
-1539
-1507
-1450
-1453
-1514
-1631
-1636
-1587
-1688
-1821
-1878
-1944
-2087
-2230
-2312
-2230
-2121
-2064
-2011
-1958
-1929
-1995
-2090
-2215
-2286
-2268
-2211
-2206
-2130
-1977
-1876
-1805
-1717
-1660
-1769
-1864
-1905
-1939
-1934
-1852
-1781
-1710
-1593
-1419
-1348
-1307
-1402
-1628
-1753
-1760
-1586
-1312
-1100
-947
-846
-866
-898
-943
-1004
-1042
-1151
-1349
-1458
-1553
-1727
-1925
-1963
-1968
-1970
-1869
-1657
-1483
-1374
-1241
-1124
-1083
-1071
-1045
-1074
-1150
-1283
-1371
-1393
-1510
-1784
-1909
-1883
-1788
-1655
-1429
-1217
-1116
-1059
-1014
-969
-893
-896
-882
-868
-854
-925
-1007
-1132
-1306
-1469
-1578
-1703
-1866
-1895
-1721
-1588
-1604
-1602
-1536
-1577
-1665
-1665
-1649
-1710
-1819
-1890
-1889
-1984
-2137
-2194
-2149
-2137
-2155
-2164
-2076
-1988
-1927
-1826
-1755
-1756
-1770
-1682
-1664
-1666
-1628
-1540
-1534
-1651
-1814
-1855
-1887
-1988
-2083
-2083
-1995
-1870
-1707
-1533
-1432
-1299
-1182
-1100
-1066
-1111
-1129
-1088
-1183
-1284
-1296
-1220
-1034
-793
-630
-505
-467
-549
-674
-769
-912
-983
-1032
-1120
-1177
-1183
-1300
-1463
-1524
-1471
-1362
-1286
-1268
-1250
-1097
-1026
-1083
-1178
-1295
-1324
-1369
-1422
-1402
-1399
-1394
-1323
-1241
-1212
-1151
-1034
-1043
-1100
-1068
-951
-890
-881
-1034
-1246
-1389
-1477
-1480
-1355
-1081
-824
-736
-807
-916
-973
-1136
-1334
-1532
-1718
-1835
-1876
-1921
-1812
-1600
-1426
-1325
-1151
-953
-973
-1068
-1063
-1145
-1278
-1310
-1215
-1154
-1186
-1157
-1112
-1136
-1224
-1306
-1439
-1602
-1814
-2055
-2253
-2427
-2560
-2605
-2593
-2581
-2580
-2523
-2428
-2340
-2231
-2106
-2088
-2106
-2159
-2292
-2304
-2187
-2167
-2233
-2259
-2245
-2219
-2110
-2028
-1927
-1686
-1553
-1504
-1403
-1315
-1364
-1481
-1614
-1723
-1752
-1619
-1524
-1475
-1437
-1380
-1263
-1120
-1059
-1065
-1114
-1152
-1172
-1184
-1210
-1228
-1234
-1202
-1161
-1073
-940
-807
-812
-836
-834
-808
-699
-388
-35
257
568
677
606
535
361
187
24
-85
-73
-130
-142
-203
-193
-144
-130
-135
-130
-150
-172
-289
-432
-533
-557
-552
-523
-489
-356
-193
-68
-19
3
91
162
223
241
175
93
27
-30
-139
-351
-625
-851
-1063
-1129
-1091
-990
-764
-472
-260
-207
-214
-223
-249
-325
-551
-808
-884
-916
-961
-964
-948
-907
-812
-751
-757
-743
-765
-898
-986
-1031
-1119
-1141
-1115
-1197
-1273
-1247
-1225
-1270
-1258
-1253
-1260
-1289
-1315
-1391
-1432
-1410
-1372
-1255
-1081
-928
-803
-762
-755
-737
-749
-837
-980
-1018
-1034
-1068
-905
-693
-550
-324
-83
5
-52
-195
-304
-447
-739
-834
-935
-1030
-1071
-1159
-1204
-1261
-1260
-1151
-977
-779
-691
-642
-616
-582
-585
-694
-795
-877
-965
-1066
-1154
-1242
-1303
-1298
-1339
-1482
-1607
-1708
-1833
-1942
-2013
-2015
-1933
-1824
-1783
-2009
-2408
-2634
-2658
-2305
-1607
-768
181
837
1011
837
526
73
-440
-626
-544
-473
-468
-466
-507
-578
-564
-455
-389
-498
-772
-1046
-1209
-1199
-1090
-1002
-931
-860
-778
-653
-633
-734
-791
-793
-864
-981
-1082
-1073
-1016
-891
-790
-749
-740
-764
-750
-766
-811
-840
-847
-786
-770
-784
-927
-1201
-1344
-1461
-1614
-1648
-1462
-949
-293
363
762
724
349
38
-254
-511
-697
-779
-795
-790
-812
-763
-766
-695
-594
-382
-239
-190
-114
-88
-126
-171
-272
-348
-473
-636
-789
-922
-1010
-1081
-1234
-1329
-1411
-1482
-1527
-1593
-1634
-1608
-1609
-1650
-1684
-1809
-1904
-1892
-1854
-1805
-1796
-1770
-1694
-1496
-1165
-620
-107
406
781
979
1003
672
190
-141
-398
-672
-789
-898
-986
-1139
-1313
-1408
-1465
-1443
-1409
-1454
-1488
-1500
-1663
-1849
-1974
-2031
-2113
-2158
-2082
-2021
-1926
-1714
-1561
-1504
-1428
-1303
-1232
-1200
-1143
-1145
-1163
-1185
-1328
-1437
-1562
-1748
-1901
-1989
-2027
-2043
-2029
-1995
-2052
-2032
-1950
-2038
-2087
-1889
-1464
-919
-263
162
348
231
-251
-676
-850
-926
-920
-917
-962
-988
-1041
-1025
-1013
-937
-763
-577
-476
-351
-275
-270
-323
-291
-267
-262
-282
-348
-401
-467
-533
-549
-554
-583
-716
-825
-926
-971
-964
-955
-973
-1018
-973
-935
-882
-906
-884
-862
-928
-1053
-1044
-991
-1052
-1064
-993
-736
-311
269
886
1197
1306
1014
501
76
-235
-509
-634
-716
-757
-741
-738
-783
-767
-672
-509
-443
-334
-277
-343
-414
-567
-753
-979
-1132
-1220
-1269
-1303
-1319
-1339
-1307
-1225
-1215
-1324
-1395
-1448
-1448
-1474
-1545
-1598
-1618
-1642
-1589
-1567
-1553
-1477
-1543
-1769
-2043
-2241
-2240
-1909
-1329
-490
402
982
994
641
128
-247
-459
-584
-660
-654
-501
-430
-539
-656
-751
-860
-1058
-1299
-1400
-1471
-1451
-1380
-1263
-1154
-1088
-1012
-998
-1022
-1067
-1149
-1258
-1272
-1263
-1197
-1126
-993
-932
-844
-806
-828
-929
-1082
-1245
-1408
-1517
-1680
-1805
-1776
-1643
-1386
-1055
-573
-262
49
261
118
47
27
1
19
-26
-121
-68
57
158
149
183
192
131
93
11
-132
-306
-439
-556
-742
-916
-977
-1011
-1082
-1102
-1088
-1159
-1276
-1329
-1347
-1356
-1365
-1403
-1474
-1519
-1614
-1663
-1745
-1888
-1954
-1866
-1837
-1837
-1780
-1671
-1546
-1383
-1220
-946
-672
-319
80
391
398
327
-72
-617
-992
-1233
-1299
-1356
-1438
-1479
-1495
-1481
-1372
-1301
-1302
-1316
-1221
-1282
-1364
-1527
-1644
-1732
-1710
-1792
-1808
-1834
-1789
-1718
-1677
-1686
-1747
-1776
-1778
-1696
-1672
-1672
-1692
-1763
-1820
-1908
-1996
-2018
-2063
-2047
-2200
-2386
-2643
-2731
-2905
-3022
-2889
-2514
-1934
-1236
-691
-360
-348
-622
-975
-1400
-1753
-1896
-1945
-1933
-1938
-1928
-2053
-2102
-2020
-2010
-2081
-1869
-1808
-1737
-1676
-1777
-1779
-1761
-1695
-1600
-1447
-1314
-1189
-1003
-870
-804
-857
-939
-1040
-1074
-1156
-1232
-1270
-1327
-1409
-1470
-1587
-1761
-2018
-2192
-2208
-2147
-2022
-1477
-688
-263
-6
-131
-160
-386
-584
-825
-851
-952
-886
-723
-647
-581
-383
-220
-8
-22
-88
-66
-115
-224
-312
-498
-641
-804
-957
-1143
-1306
-1423
-1540
-1641
-1638
-1683
-1754
-1756
-1711
-1702
-1714
-1809
-1875
-1932
-2049
-2115
-2135
-2069
-1857
-1918
-2130
-1918
-1661
-1308
-1232
-1034
-723
-412
41
352
485
376
164
-189
-430
-604
-757
-747
-681
-697
-750
-883
-978
-917
-988
-1045
-1083
-1022
-996
-991
-1020
-1061
-1224
-1436
-1677
-1918
-2271
-2320
-2282
-2266
-2228
-2196
-2151
-2152
-2172
-2084
-2013
-1860
-1697
-1523
-1441
-1523
-1697
-1895
-2004
-2005
-1923
-1866
-1765
-1753
-1677
-1668
-1821
-1964
-2162
-2238
-2226
-2200
-2134
-1991
-1998
-2093
-2218
-2161
-2044
-1901
-1675
-1364
-1011
-825
-682
-679
-767
-849
-915
-1040
-1106
-1215
-1235
-1336
-1348
-1424
-1490
-1531
-1555
-1631
-1764
-1917
-1962
-1957
-1840
-1799
-1802
-1811
-1877
-1893
-1864
-1803
-1783
-1620
-1328
-929
-637
-425
-449
-602
-745
-931
-1048
-1191
-1389
-1498
-1508
-1502
-1534
-1477
-1395
-1307
-1174
-1108
-955
-822
-756
-750
-756
-797
-940
-981
-1106
-1138
-1116
-1104
-1124
-1267
-1291
-1265
-1132
-1015
-817
-684
-486
-445
-400
-382
-453
-471
-528
-604
-705
-766
-832
-858
-817
-751
-777
-843
-968
-1029
-1095
-1161
-1294
-1492
-1580
-1625
-1734
-1783
-1780
-1796
-1816
-1882
-1983
-2071
-2116
-2204
-2416
-2657
-2790
-2802
-2726
-2644
-2556
-2480
-2363
-2151
-1894
-1682
-1371
-918
-493
-94
132
249
132
-221
-596
-888
-1031
-1076
-1054
-1060
-1391
-1534
-1591
-1503
-1427
-1480
-1427
-1339
-1305
-1204
-1109
-1075
-1059
-906
-830
-748
-682
-600
-595
-613
-730
-847
-1000
-1095
-1204
-1299
-1442
-1474
-1436
-1445
-1502
-1512
-1613
-1619
-1566
-1584
-1602
-1663
-1575
-1581
-1580
-1625
-1882
-2335
-2592
-2624
-2471
-2197
-1940
-1666
-1335
-936
-561
-363
-268
-256
-139
4
-28
-137
-448
-779
-1005
-1148
-1119
-1018
-957
-912
-886
-881
-748
-730
-556
-540
-458
-349
-323
-448
-601
-787
-836
-989
-1281
-1555
-1718
-1779
-1820
-1953
-1994
-1960
-1807
-1654
-1578
-1461
-1373
-1210
-1085
-1036
-1097
-1135
-1244
-1320
-1361
-1387
-1469
-1632
-1703
-1642
-1509
-1570
-1482
-1256
-1103
-877
-566
-191
162
388
614
532
320
-79
-432
-585
-694
-599
-498
-403
-377
-295
-109
-27
82
87
38
26
-83
-184
-347
-480
-568
-602
-655
-700
-801
-944
-1032
-1089
-1150
-1238
-1287
-1353
-1358
-1419
-1324
-1331
-1369
-1610
-1822
-1734
-1591
-1458
-1397
-1336
-1211
-999
-742
-568
-425
-199
-177
-469
-710
-951
-1192
-1418
-1527
-1445
-1452
-1452
-1493
-1405
-1219
-1118
-1065
-1004
-909
-723
-670
-686
-762
-771
-842
-733
-676
-551
-475
-414
-361
-478
-587
-669
-895
-1107
-1293
-1534
-1558
-1487
-1370
-1294
-1293
-1184
-958
-795
-757
-559
-416
-340
-239
-41
16
125
191
157
24
73
-70
-187
-312
-421
-516
-633
-845
-1071
-1214
-1347
-1521
-1566
-1548
-1507
-1412
-1529
-1786
-1623
-1470
-1404
-1279
-1178
-937
-739
-498
-206
-20
221
384
221
-154
-465
-618
-659
-598
-489
-473
-364
-335
-286
-298
-293
-205
-104
-133
-209
-362
-479
-403
-437
-570
-658
-655
-679
-774
-725
-774
-812
-826
-844
-791
-696
-533
-292
-66
5
-120
-431
-705
-691
-625
-492
-280
-246
-645
-976
-1033
-1013
-756
-243
239
614
709
621
512
349
196
155
153
82
58
-43
-317
-558
-711
-709
-638
-683
-740
-762
-895
-1069
-1222
-1323
-1307
-1314
-1205
-1189
-1151
-1146
-1134
-1112
-1146
-1112
-1088
-971
-1000
-1353
-1096
-898
-755
-557
-432
-206
-149
-171
-193
-98
-127
-325
-537
-700
-766
-633
-447
-190
51
237
325
324
350
233
90
-19
-182
-291
-352
-334
-410
-455
-572
-681
-879
-1091
-1277
-1299
-1340
-1372
-1443
-1504
-1553
-1648
-1749
-1874
-1940
-2114
-1989
-1763
-1710
-1751
-1739
-1630
-1529
-1237
-724
-211
214
440
358
241
170
136
3
-13
3
48
97
9
-20
-40
-128
-138
-239
-288
-451
-625
-788
-1000
-1274
-1417
-1534
-1667
-1664
-1717
-1818
-1871
-1851
-1775
-1718
-1673
-1674
-1625
-1596
-1697
-1758
-1663
-1510
-1409
-1356
-1285
-1132
-1023
-880
-798
-635
-472
-286
-12
229
96
-90
-172
-184
2
276
439
198
65
-60
-161
-73
101
254
452
509
652
705
727
870
919
939
838
847
738
552
241
15
-118
-271
-396
-549
-644
-676
-669
-730
-756
-797
-940
-1022
-996
-895
-900
-926
-940
-916
-969
-1064
-1217
-1239
-1265
-1314
-1439
-1471
-1318
-1132
-840
-745
-657
-459
-167
144
370
582
449
354
425
526
800
1041
1174
1348
1430
1427
1420
1486
1433
1442
1389
1215
1052
878
704
478
335
226
125
-28
-145
-254
-320
-463
-534
-605
-496
-522
-639
-657
-739
-771
-842
-789
-783
-844
-854
-816
-811
-762
-988
-1341
-1300
-1126
-1179
-1167
-1205
-1358
-1205
-723
-241
184
425
380
304
209
291
291
489
701
864
917
943
905
883
849
740
639
538
413
296
163
0
-174
-372
-394
-547
-656
-709
-648
-599
-613
-542
-518
-552
-647
-748
-857
-945
-879
-988
-1174
-1200
-1176
-1033
-988
-917
-816
-663
-264
434
1014
1325
1434
1352
1295
1219
1197
1306
1388
1574
1635
1717
1668
1580
1498
1373
1116
991
793
536
310
167
-107
-305
-430
-616
-802
-911
-1020
-1137
-1213
-1356
-1438
-1547
-1569
-1545
-1507
-1431
-1355
-1294
-1437
-1475
-1449
-1175
-662
-263
162
493
564
538
364
190
202
197
258
353
419
485
360
272
304
286
60
22
-31
-217
-380
-578
-752
-834
-997
-1195
-1320
-1453
-1616
-1749
-1947
-2090
-2056
-2127
-2168
-2234
-2322
-2404
-2461
-2586
-2719
-2733
-2559
-2396
-2263
-2210
-2219
-1888
-1271
-654
-229
63
320
381
422
340
207
239
251
360
421
339
273
172
47
-62
-1
-110
-211
-282
-287
-332
-354
-415
-548
-542
-489
-513
-579
-628
-630
-644
-491
-517
-729
-778
-661
-620
-729
-892
-1017
-900
-714
-232
281
680
1055
1241
1290
1116
930
912
965
1098
1155
1121
1187
1173
1097
1044
927
839
641
242
-69
-194
-435
-530
-596
-610
-659
-583
-501
-567
-676
-644
-682
-753
-829
-863
-883
-1236
-1369
-1274
-1248
-1373
-1585
-1547
-1172
-555
62
544
855
1053
928
803
605
480
462
491
654
609
597
658
605
615
452
364
303
178
61
-213
-346
-520
-683
-765
-977
-1140
-1166
-1134
-1205
-1379
-1440
-1497
-1606
-1749
-1815
-1652
-1321
-1204
-1194
-1282
-1187
-895
-603
-178
275
700
886
898
845
647
559
521
455
481
515
568
613
619
562
496
363
306
163
-63
-289
-530
-742
-851
-976
-1037
-1011
-979
-926
-925
-903
-837
-742
-641
-650
-707
-760
-826
-959
-988
-997
-936
-887
-826
-1225
-1358
-1342
-1424
-1404
-1470
-1213
-596
102
584
782
711
485
273
202
153
96
87
67
41
-112
-275
-376
-602
-776
-901
-1010
-1163
-1337
-1375
-1375
-1436
-1418
-1394
-1196
-1125
-1024
-1017
-1019
-1018
-980
-1014
-1115
-1153
-1198
-1122
-979
-870
-896
-953
-852
-709
-435
-178
-35
60
78
160
7
-446
-757
-900
-791
-565
-212
80
337
490
556
830
1141
1284
1496
1708
1684
1670
1727
1720
1749
1648
1553
1444
1327
1226
969
771
545
333
251
163
68
-8
-133
-242
-395
-548
-657
-671
-633
-742
-803
-805
-825
-934
-1245
-1471
-1487
-1446
-1507
-1748
-2230
-2287
-1742
-953
-4
509
783
926
917
754
568
523
478
361
349
254
129
12
-59
-108
-111
-82
-53
23
22
75
120
169
226
206
130
59
93
119
87
103
58
-37
-146
-309
-452
-518
-492
-530
-587
-486
-288
-14
278
464
398
372
584
1097
1610
1822
1867
1891
1915
1906
1865
1839
1853
1782
1756
1685
1499
1313
1127
974
857
694
531
398
245
169
26
-75
-261
-318
-389
-506
-623
-661
-786
-903
-969
-908
-946
-917
-983
-974
-1040
-1069
-1008
-1096
-1221
-890
-765
-683
-540
-377
-103
208
633
1032
1407
1619
1593
1450
1374
1408
1541
1547
1471
1500
1367
1272
1201
1058
915
806
689
526
431
306
94
-217
-350
-399
-387
-448
-466
-457
-356
-327
-313
-318
-338
-300
-395
-520
-831
-872
-823
-816
-715
-639
-530
-454
-405
-425
-558
-395
-138
88
380
862
1215
1472
1377
1345
1236
1198
1169
1191
1150
1068
1007
890
824
598
372
198
73
-28
-161
-256
-389
-455
-537
-680
-768
-885
-967
-1033
-1007
-1007
-925
-991
-1079
-1140
-1174
-1179
-1191
-1167
-1126
-1160
-1155
-1429
-1641
-1553
-1602
-1955
-2354
-2420
-1938
-1046
-38
911
1393
1450
1432
1350
1262
1282
1353
1406
1335
1226
1229
1134
1025
900
714
571
446
321
220
167
85
3
1
-15
-1
-25
-78
-73
-111
-244
-273
-249
-271
-251
-163
-102
-36
-56
-367
-912
-1425
-1682
-1791
-1565
-1140
-687
-334
41
739
1395
1908
2261
2318
2209
2108
2020
1763
1589
1446
1351
1256
1139
1006
897
671
473
407
209
92
-33
-186
-372
-346
-366
-392
-372
-363
-339
-278
-335
-417
-603
-1116
-1696
-1988
-2049
-1940
-1742
-1501
-1348
-1091
-879
-548
32
774
1516
1998
2272
2219
2102
1993
1662
1405
1262
1180
1063
877
789
603
574
533
484
479
503
442
462
511
466
488
502
496
557
628
610
624
590
580
542
476
264
193
-48
-157
-468
-694
-968
-1450
-1932
-2075
-1722
-1142
-444
448
1520
2176
2575
2526
2363
1988
1635
1361
1104
812
555
343
226
192
158
33
-24
-177
-174
-98
-174
-219
-181
-147
-141
-173
-139
-205
-210
-109
-38
-72
-19
-64
-90
-215
-441
-733
-1007
-1116
-1569
-1767
-1729
-1276
-578
494
1333
1878
2253
2348
2231
2019
1866
1800
1657
1586
1548
1405
1231
1106
849
663
614
513
437
503
517
451
390
451
422
340
269
144
56
-61
-102
-178
-331
-369
-353
-429
-445
-479
-499
-575
-601
-613
-944
-1642
-2095
-2148
-1749
-1093
-304
588
1427
2083
2536
2748
2734
2560
2334
2136
2011
1929
1786
1623
1460
1203
1017
892
826
744
643
672
675
697
706
692
674
654
657
654
593
527
533
457
475
446
412
317
131
-449
-1238
-1720
-1863
-1622
-1197
-798
-345
-192
119
601
1343
1960
2359
2670
2621
2568
2443
2280
2082
1856
1545
1492
1294
1161
935
749
661
600
499
477
518
473
472
474
349
283
71
-115
-301
-230
-44
-64
-207
-481
-812
-900
-726
-617
-454
-197
134
445
958
1575
2088
2314
2457
2452
2335
2109
1911
1699
1513
1239
1013
801
544
303
117
97
-4
-53
-71
11
87
116
94
143
138
214
280
314
352
405
476
381
140
-23
-354
-540
-541
-739
-1319
-1531
-1465
-952
-113
836
1578
2320
2745
2790
2627
2510
2199
1958
1717
1505
1396
1170
929
786
560
348
272
147
76
-33
-62
-78
-80
-151
-177
-206
-294
-303
-281
-263
-146
-29
59
18
-125
-154
-21
132
161
123
107
145
-96
178
603
1148
1693
2238
2720
3119
3141
2900
2501
2019
1594
1241
816
505
362
150
17
-195
-277
-330
-346
-372
-421
-304
-255
-198
-247
-273
-264
-163
-145
-96
-78
-25
-9
-47
-172
-238
-401
-613
-1038
-1694
-1986
-2074
-1848
-1423
-806
-108
548
1128
1553
1686
1523
1297
1040
729
354
156
-155
-353
-594
-835
-1109
-1350
-1483
-1636
-1779
-1824
-1919
-1910
-1908
-1874
-1898
-1910
-1896
-1858
-1887
-1953
-1994
-2119
-2117
-2105
-2083
-2200
-2426
-3006
-3405
-3646
-3872
-3631
-3051
-2569
-2116
-1691
-949
-207
410
892
1223
1261
1098
924
712
420
246
113
-30
-216
-428
-581
-634
-716
-841
-902
-892
-933
-928
-803
-765
-760
-678
-625
-580
-504
-492
-447
-381
-256
-278
-703
-977
-791
-593
-517
-291
108
507
1087
1704
2360
2977
3459
3770
3746
3435
3124
2699
2388
2035
1761
1450
1193
1019
821
647
473
424
398
464
435
451
449
478
566
691
824
941
1042
1074
1092
1255
1343
1355
956
376
178
162
336
667
959
991
866
680
762
1115
1568
2148
2846
3391
3524
3381
3050
2651
2276
1901
1570
1217
960
807
609
383
142
-44
-242
-367
-408
-479
-536
-570
-604
-630
-650
-745
-790
-816
-959
-1157
-1383
-2039
-2552
-2677
-2648
-2407
-2054
-1723
-1614
-1505
-1703
-1785
-1528
-1217
-735
-79
466
1164
1781
2112
2083
1966
1740
1365
966
655
429
217
64
-7
-124
-233
-199
-150
-74
-69
13
84
201
318
419
617
643
457
-56
-431
-617
-629
-417
-274
-100
-47
-27
304
545
998
1511
2253
2870
3352
3485
3322
2991
2616
2163
1618
1265
1039
876
852
757
700
782
814
909
991
997
975
930
821
564
165
-92
-245
-47
227
626
937
1248
1411
1379
1087
662
149
-304
-703
-1078
-804
-187
511
1350
2139
2756
3030
3193
3336
3173
2774
2229
1804
1379
954
555
180
-151
-443
-684
-941
-1058
-1183
-1271
-1328
-1389
-1450
-1507
-1545
-1771
-2124
-2350
-2388
-2225
-2027
-2072
-2284
-2829
-3409
-3470
-3258
-2966
-2224
-1332
-383
509
1517
2356
2973
3147
3022
2669
2294
1919
1520
1167
926
831
678
492
359
277
103
46
12
36
93
226
279
374
462
557
618
706
807
821
803
800
718
601
548
482
441
494
647
790
964
1073
1079
936
841
732
814
1071
1188
1297
1277
1503
2083
2781
3523
4312
4892
5035
4794
4096
3088
2346
1993
1948
2024
2090
2233
2304
2386
2406
2523
2478
2449
2408
2222
1996
1810
1584
1398
1273
1120
1019
910
849
716
530
405
242
79
-30
-131
-207
-340
-397
-446
-512
-865
-1176
-1468
-1821
-1938
-1785
-1573
-1148
-359
649
1541
2330
2755
2837
2704
2412
2200
1959
1761
1679
1467
1269
1043
802
561
250
133
0
16
14
123
232
385
461
522
554
459
454
451
456
422
460
394
455
521
450
499
411
431
402
484
555
548
593
718
642
217
108
-90
73
384
783
1114
1388
1614
1607
1519
1776
2356
2973
3116
3157
2983
2726
2514
2351
2125
1939
1682
1425
1213
939
713
439
296
133
-20
-145
-254
-355
-412
-478
-444
-526
-608
-576
-633
-623
-630
-687
-899
-1173
-1371
-1569
-1767
-2059
-2285
-2214
-1883
-1227
-219
853
1433
1886
2127
2141
1955
1792
1594
1382
1125
972
715
517
186
-12
-343
-496
-670
-844
-818
-786
-677
-645
-528
-375
-330
-312
-321
-295
-162
-105
-34
-52
-3
68
117
-36
-277
-551
-714
-1167
-1865
-2290
-2137
-1557
-549
662
1501
2199
2681
2973
3126
3197
3168
3051
2926
2825
2759
2626
2369
2171
1959
1747
1561
1349
1261
1020
877
566
274
62
-195
-320
-437
-590
-699
-731
-788
-859
-954
-976
-1037
-1042
-1008
-986
-915
-915
-883
-1016
-1159
-1433
-1566
-1919
-2708
-3288
-3320
-2838
-1999
-927
81
823
1248
1489
1652
1678
1466
1303
1202
1145
1028
903
691
582
419
378
166
-8
-151
-246
-295
-420
-391
-382
-443
-496
-578
-600
-551
-550
-549
-454
-480
-546
-437
-417
-488
-613
-701
-727
-761
-679
-1132
-1830
-2486
-2649
-2296
-1783
-1041
-202
454
829
972
1067
1168
1301
1410
1584
1825
1907
2032
2157
2069
1968
1970
1899
1823
1670
1458
1166
1041
767
493
267
26
-200
-457
-698
-955
-1108
-1190
-1333
-1390
-1491
-1544
-1518
-1473
-1451
-1485
-1436
-1429
-1391
-1346
-1463
-1675
-1901
-2175
-2528
-3477
-3902
-3853
-3340
-2598
-1590
-641
101
681
1226
1389
1532
1498
1422
1400
1275
1209
1180
1182
1081
1095
1000
1038
1022
969
795
652
551
353
210
115
-71
-257
-420
-553
-654
-817
-862
-836
-860
-857
-748
-922
-1404
-1949
-2175
-1934
-1317
-425
467
1165
1647
1939
2102
2276
2419
2544
2661
2693
2750
2776
2694
2468
2343
2157
1865
1591
1365
1139
965
753
567
369
216
30
-133
-258
-383
-478
-490
-500
-588
-602
-651
-733
-667
-681
-620
-544
-456
-407
-362
-438
-495
-669
-926
-1200
-1898
-2515
-2274
-1729
-1031
-82
810
1649
2347
2892
3184
3255
3226
3109
2923
2814
2640
2442
2244
2135
1961
1860
1772
1781
1648
1587
1444
1291
1065
867
575
264
-28
-285
-438
-526
-558
-372
-425
-611
-613
-560
-531
-1044
-1786
-2211
-2170
-1381
-170
779
1324
1433
1401
1417
1443
1538
1701
1675
1661
1620
1532
1407
1181
940
742
431
205
-21
-262
-415
-601
-754
-897
-946
-1109
-1135
-1201
-1246
-1322
-1388
-1476
-1601
-1650
-1612
-1650
-1775
-1730
-1724
-1849
-1740
-1631
-1560
-1613
-1756
-1968
-2056
-2109
-2726
-3179
-2726
-1834
-942
66
1138
1977
2557
2888
2822
2831
2698
2500
2259
2106
1932
1706
1449
1286
1185
1022
889
756
655
621
409
348
266
195
52
-134
-125
-120
-196
-212
-230
-318
-328
-316
-255
-380
-380
-451
-429
-231
-114
-96
-134
-243
-554
-1036
-1778
-2617
-2858
-2241
-1452
-444
628
1577
2194
2547
2518
2332
2075
1700
1301
990
679
438
212
-14
-325
-656
-930
-1156
-1265
-1374
-1431
-1407
-1409
-1327
-1309
-1264
-1238
-1204
-1116
-1059
-1002
-953
-779
-654
-566
-575
-572
-515
-486
-300
-453
-1242
-2134
-2616
-2483
-1591
-519
320
976
1174
1327
1444
1532
1603
1562
1530
1591
1629
1658
1696
1639
1586
1461
1287
1211
1140
1156
1111
1140
1079
1099
1070
1036
995
842
781
628
533
484
359
242
125
43
-58
-134
-297
-414
-452
-478
-433
-451
-492
-678
-935
-1176
-1468
-2085
-2598
-2435
-1890
-998
-106
592
1137
1536
1699
1824
1957
2010
2044
1832
1669
1506
1232
1034
822
565
412
336
219
228
244
315
360
405
371
504
395
324
319
303
254
263
222
210
224
240
202
136
3
79
88
-98
-324
-581
-744
-1400
-2349
-2680
-2135
-1127
84
1156
1898
2478
2877
3134
3287
3375
3377
3311
3250
3009
2797
2599
2517
2276
1923
1682
1508
1383
1307
1095
978
792
649
675
512
395
386
223
178
-8
-161
-243
-352
-477
-675
-828
-961
-1070
-1004
-970
-1023
-1084
-1282
-1539
-1664
-1905
-2522
-3414
-3745
-3292
-2503
-1554
-546
152
769
1168
1543
1854
1903
1932
1914
1761
1712
1538
1506
1280
1155
992
780
704
579
436
379
378
296
220
246
113
89
48
-53
-162
-188
-249
-447
-600
-568
-480
-239
-321
-1019
-1761
-2243
-2241
-1661
-522
617
1406
1781
1747
1665
1694
1765
1918
1994
2206
2359
2314
2226
2125
2008
1937
1794
1608
1563
1351
1198
986
833
776
659
526
531
530
477
455
394
406
428
352
338
399
419
362
396
445
570
611
602
531
368
267
81
-318
-592
-818
-1193
-1706
-1759
-1103
-264
628
1520
2137
2682
3035
3309
3550
3501
3368
3259
3018
2820
2667
2596
2463
2289
2164
2001
1838
1664
1576
1402
1314
1161
1036
903
786
633
435
272
147
-110
-273
-398
-447
-513
-468
-373
-349
-431
-492
-426
-600
-1298
-2040
-1814
-1025
47
1186
1975
2673
3098
3339
3456
3390
3164
2923
2631
2256
1925
1800
1602
1493
1319
1107
964
903
832
634
471
400
267
196
87
-76
-142
-110
-126
-117
-218
-184
-260
-305
-438
-476
-537
-553
-512
-255
-112
-71
-147
-248
-559
-851
-1092
-1931
-2880
-2706
-1698
-626
585
1534
2426
2879
3190
3278
3037
2763
2471
2230
1919
1693
1507
1364
1152
989
732
546
383
334
148
-109
-350
-459
-568
-685
-818
-961
-1032
-1114
-1073
-1032
-983
-901
-946
-926
-763
-522
-281
-338
-1036
-1875
-2388
-2312
-1570
-498
394
1233
1778
1976
1996
2072
1947
1749
1492
1218
1065
891
560
362
164
47
-70
-152
-426
-652
-769
-851
-917
-999
-1094
-1132
-1137
-1280
-1294
-1339
-1373
-1430
-1491
-1469
-1485
-1530
-1498
-1355
-1321
-1264
-1273
-1279
-1267
-1299
-1246
-1093
-930
-908
-1071
-1204
-1579
-1890
-2023
-1234
-285
664
1453
1966
2207
2178
2146
2003
1791
1550
1239
965
767
593
395
232
46
-152
-240
-272
-258
-242
-218
-209
-121
53
106
5
23
3
104
95
104
192
249
283
234
222
254
295
109
-103
-246
-699
-1838
-2627
-2441
-1602
-710
239
1131
1711
1952
2193
2467
2630
2432
2121
1829
1476
1051
740
499
273
32
20
-75
-132
-265
-374
-537
-662
-763
-692
-726
-655
-554
-445
-392
-351
-226
-150
-136
-207
-316
-354
-407
-495
-496
-537
-455
-458
-325
-287
-134
-102
-163
-361
-736
-1218
-2167
-3306
-3388
-2549
-1410
-199
873
1712
2368
2767
2953
3035
2872
2541
2166
1835
1661
1498
1241
1015
758
501
260
34
-119
-214
-347
-448
-581
-767
-953
-1151
-1204
-1275
-1384
-1582
-1893
-2036
-1970
-1909
-1997
-2223
-2965
-3857
-4437
-4371
-3673
-2534
-1695
-1115
-874
-923
-1086
-1029
-866
-668
-411
-80
21
37
32
-50
-175
-224
-175
-207
-350
-388
-454
-579
-674
-650
-533
-539
-501
-384
-418
-440
-441
-502
-645
-733
-771
-780
-851
-885
-1028
-1050
-1088
-1108
-1190
-1158
-1025
-924
-1000
-1163
-1158
-1332
-1845
-2737
-3190
-2610
-1602
-530
478
1220
1837
2350
2703
2889
3006
2984
2883
2730
2642
2499
2313
2231
2033
1859
1673
1510
1236
1141
967
906
797
599
401
248
139
90
61
-34
-63
-39
-53
-106
80
146
145
190
47
-227
-501
-832
-1781
-2853
-3027
-2371
-1479
-407
485
1141
1654
1965
2206
2392
2545
2586
2498
2241
2000
1802
1818
1761
1636
1535
1506
1572
1581
1499
1382
1306
1211
1058
1013
1007
958
863
825
776
744
678
583
466
442
491
403
498
518
643
738
526
393
332
-181
-1189
-2028
-1911
-1122
-173
776
1474
1987
2279
2442
2543
2625
2630
2373
2248
1917
1542
1089
848
674
363
52
7
-250
-491
-732
-1024
-1335
-1444
-1561
-1714
-1857
-1928
-1908
-1961
-2037
-1984
-1946
-1934
-1932
-2106
-2332
-2408
-2469
-2514
-2381
-2293
-2119
-2176
-2487
-3000
-3789
-4406
-4539
-3841
-2769
-1630
-419
720
1612
2229
2711
2885
2699
2324
1993
1540
1058
633
407
341
259
202
69
-7
-132
-161
-222
-238
-276
-278
-153
-82
-16
158
267
328
373
399
444
532
620
691
709
754
761
770
669
651
696
691
625
593
336
-117
-906
-2045
-3117
-3697
-3609
-2992
-1984
-912
227
1176
2015
2528
2881
2872
2561
2186
1811
1329
976
719
507
454
436
293
269
116
-9
-66
-161
-222
-293
-309
-289
-384
-472
-486
-512
-430
-329
-430
-531
-729
-824
-1223
-2012
-2961
-3703
-3701
-3045
-2256
-1364
-472
317
770
1101
1342
1616
1741
1842
1841
1667
1455
1269
1043
948
899
756
768
817
878
790
729
684
613
579
518
447
529
536
550
566
604
675
741
659
571
555
626
592
539
615
647
654
620
625
630
731
400
-298
-1087
-2298
-3437
-3748
-3203
-2414
-1465
-626
116
598
1023
1221
1419
1370
1158
783
384
9
-322
-563
-658
-753
-777
-902
-978
-988
-1097
-1098
-1159
-1114
-1215
-1358
-1570
-1671
-1834
-1997
-2160
-2255
-2429
-2490
-2499
-2697
-2726
-2783
-2832
-2848
-3159
-3776
-4518
-5307
-5416
-5190
-5081
-4840
-4260
-3311
-2024
-813
398
1290
1988
2363
2351
2153
1778
1379
897
544
233
-78
-166
-223
-252
-328
-316
-398
-474
-617
-770
-879
-980
-996
-1091
-1200
-1168
-1035
-910
-747
-622
-410
-285
-176
36
189
314
402
659
951
1177
1389
1357
904
-45
-834
-816
-27
1341
2290
2988
3299
3497
3671
3610
3586
3312
2887
2405
1788
1132
552
99
-326
-679
-1132
-1373
-1772
-2083
-2295
-2458
-2503
-2519
-2507
-2469
-2398
-2455
-2481
-2364
-2152
-1911
-1637
-1262
-1088
-1056
-1230
-1189
-764
-251
124
-117
-630
-1175
-1486
-1574
-1577
-1506
-1551
-1612
-1838
-1991
-1882
-1641
-1516
-1242
-1109
-1204
-1478
-1704
-1945
-2119
-2317
-2339
-2421
-2554
-2595
-2781
-2944
-3032
-2950
-2849
-2804
-2651
-2619
-2558
-2492
-2482
-2583
-2671
-2693
-2742
-2824
-2806
-2949
-3135
-3155
-3308
-3451
-3576
-3729
-3758
-3807
-3762
-3629
-3605
-3700
-4153
-4733
-5158
-5775
-6392
-6604
-5906
-4834
-3547
-2539
-1700
-958
-302
73
161
8
-345
-720
-1173
-1572
-1770
-1944
-2087
-2230
-2416
-2590
-2699
-2808
-2903
-2913
-2951
-2842
-2656
-2654
-2683
-2712
-2700
-2853
-2954
-2901
-2875
-2774
-2806
-2923
-3086
-3666
-4505
-5247
-5827
-5970
-5696
-5040
-3829
-2461
-1389
-381
627
1244
1619
1845
1916
1763
1565
1324
1098
841
716
761
924
1087
1250
1436
1710
1755
1941
2094
2227
2439
2534
2391
2330
2318
2359
2484
2741
2790
2885
2814
2661
2498
2403
2177
2106
2049
1954
1845
1750
1718
1609
1500
1375
1242
968
423
-469
-1756
-3043
-3496
-3143
-2354
-1215
72
1283
2422
3314
4103
4585
4859
4968
4859
4647
4473
4320
4254
4325
4328
4357
4331
4236
4183
4088
4114
4117
4131
4115
4014
3943
3800
3691
3615
3554
3516
3471
3383
3428
3460
3434
3291
3174
3098
3124
3042
2731
2218
1326
318
-380
-654
-172
667
1559
2398
3054
3671
3982
4208
4132
3891
3538
3185
2672
2219
1844
1469
1044
803
562
350
124
-117
-291
-294
-276
-321
-337
-394
-376
-379
-403
-512
-511
-479
-520
-506
-373
-468
-642
-916
-1291
-1773
-2515
-3523
-4472
-4605
-3907
-3015
-1876
-804
-106
511
964
1317
1628
1710
1805
1767
1541
1329
1166
1013
815
690
664
725
699
752
664
615
533
451
406
432
429
486
587
682
753
741
632
610
592
560
553
654
720
863
951
1039
1044
1062
1100
1182
1264
1290
1324
1433
1401
1144
719
-70
-1209
-1998
-2210
-1811
-1069
-177
1110
2397
3469
4258
4803
5015
4949
4657
4175
3722
3240
2948
2722
2411
2411
2385
2359
2298
2165
2241
2140
2169
2235
2280
2405
2591
2692
2758
2811
2849
2788
2754
2734
2681
2636
2565
2531
2257
1926
1652
1341
828
-311
-1765
-2507
-2154
-1262
-313
476
1021
1332
1403
1536
1689
1667
1566
1235
836
411
-245
-727
-1102
-1501
-1926
-2351
-2643
-2855
-3018
-3119
-3272
-3286
-3331
-3376
-3381
-3340
-3366
-3295
-3390
-3439
-3540
-3578
-3529
-3366
-3233
-3145
-3020
-2963
-2751
-2626
-2493
-2475
-2422
-2434
-2567
-2510
-2539
-2513
-2484
-2427
-2570
-3115
-3904
-4796
-5585
-5607
-4818
-3679
-2225
-1014
-6
833
1232
1563
1775
1730
1654
1636
1554
1522
1506
1563
1589
1690
1815
1835
1797
1803
1802
1903
1910
1992
1982
2064
2113
2195
2224
4193
14250
15618
14920
14407
14008
13583
13003
12386
11769
11557
11720
12012
12411
12956
13197
13742
14398
15054
15599
16052
16250
16168
15970
15571
14915
14076
13237
12539
11841
11143
10661
10387
10113
9802
9449
9118
9001
8789
8591
8317
8091
7865
7667
7375
7163
7020
6887
6713
6580
6485
6273
6130
5819
5466
4984
4035
2824
1613
721
65
-288
-441
-502
-304
313
1205
2277
3285
4177
5069
5767
6220
6394
6406
6194
5920
5438
5107
5019
4762
4609
4446
4358
4367
4387
4444
4403
4302
4214
4126
3993
3752
3554
3391
3193
3019
2821
2658
2549
2308
2165
2022
1810
1647
1473
1299
946
672
486
377
311
240
152
-46
-244
-536
-793
-1067
-1308
-1888
-2896
-4350
-5242
-5236
-4344
-3205
-1837
-626
513
1462
1975
2306
2328
2102
1810
1553
1222
911
802
790
831
815
924
919
878
844
893
954
1152
1393
1591
1777
1859
2002
2063
2139
2200
2282
2194
2255
2293
2275
2301
2219
2076
2147
2242
2254
2153
1778
1036
554
342
795
2082
3293
4432
5324
5699
5670
5813
6054
6407
6699
7074
7405
7548
7568
7480
7223
7114
7043
6926
6793
6711
6623
6594
6518
6417
6231
6155
6038
5943
5818
5723
5657
5628
5594
5461
5423
5397
5315
5233
5211
5235
5140
5023
4974
4857
4740
4597
4583
4534
4520
4454
4268
4042
3909
3911
3778
3707
3631
3405
3334
3225
3062
2805
2494
1914
1022
233
419
1208
2100
2798
3415
3995
4326
4489
4527
4445
4282
4025
3714
3383
3126
2885
2673
2461
2249
2051
1942
1833
1724
1653
1528
1395
1334
1239
1157
1032
820
608
277
-205
-822
-1478
-1960
-2186
-2319
-2630
-3083
-3178
-3175
-3022
-2765
-2023
-1015
124
1492
2441
3021
3420
3473
3320
2967
2485
1972
1459
1006
493
140
-191
-389
-514
-580
-697
-719
-814
-896
-1029
-1215
-1332
-1441
-1529
-1624
-1700
-1734
-1722
-1738
-1804
-1921
-1987
-1973
-1939
-1851
-1802
-1800
-1963
-2416
-2996
-3652
-4134
-4320
-4108
-4020
-4091
-3966
-4032
-3944
-3569
-2827
-1755
-468
743
1751
2407
2605
2488
2335
1960
1478
1079
597
222
-19
-205
-368
-406
-467
-489
-457
-502
-495
-490
-419
-476
-609
-658
-791
-767
-757
-775
-857
-875
-878
-873
-899
-823
-868
-811
-729
-647
-646
-712
-624
-481
-547
-710
-1549
-2621
-3319
-3650
-3464
-2625
-1733
-841
-185
56
18
151
337
425
542
667
606
561
466
225
143
61
-165
-308
-461
-624
-865
-1077
-1165
-1351
-1446
-1522
-1631
-1726
-1821
-1892
-2017
-2160
-2131
-2157
-2198
-2341
-2346
-2345
-2263
-2214
-2040
-1907
-1798
-1727
-1768
-1942
-2455
-3111
-3656
-4055
-4267
-4453
-4727
-5001
-5213
-4956
-4300
-3351
-2064
-777
362
1370
1745
1943
1834
1254
741
161
-384
-897
-1296
-1671
-1928
-2081
-2293
-2436
-2677
-2903
-3077
-3334
-3477
-3586
-3576
-3596
-3672
-3706
-3823
-3835
-3911
-3964
-4138
-4491
-5071
-5688
-6386
-6839
-7384
-7783
-7946
-7720
-7479
-7168
-6470
-5631
-4492
-3353
-2281
-1389
-691
-360
-265
-539
-870
-1323
-1776
-2175
-2528
-2859
-3170
-3303
-3501
-3596
-3634
-3691
-3744
-3762
-3721
-3668
-3654
-3601
-3615
-3527
-3505
-3554
-3559
-3641
-3655
-3617
-3605
-3472
-3431
-3370
-3415
-3358
-3364
-3231
-3130
-3064
-2998
-2927
-2753
-2620
-2503
-2402
-2239
-2168
-2206
-2259
-2304
-2399
-2444
-2493
-2546
-2663
-2837
-3063
-3416
-3961
-4336
-4331
-4730
-5243
-5788
-5802
-5104
-4032
-3083
-2294
-1677
-1060
-786
-757
-1014
-1255
-1441
-1715
-1913
-2111
-2254
-2407
-2452
-2481
-2476
-2609
-2762
-2863
-3174
-3485
-3697
-3792
-3810
-3677
-3552
-3389
-3215
-3041
-2855
-2760
-2744
-2877
-3302
-4091
-5099
-6238
-6818
-6747
-5855
-4644
-3190
-1736
-525
424
799
825
787
530
199
-254
-585
-1067
-1324
-1425
-1513
-1608
-1782
-1766
-1790
-1861
-1970
-2087
-2169
-2145
-2150
-2055
-2062
-2074
-2112
-2114
-2239
-2364
-2459
-2326
-2265
-2262
-2344
-2556
-2909
-3565
-4457
-5199
-5744
-5826
-5744
-5581
-4742
-3531
-2077
-709
430
1269
1849
2002
1859
1548
1149
636
123
-276
-701
-767
-920
-965
-936
-939
-901
-852
-905
-762
-653
-577
-476
-521
-388
-245
-157
-86
-29
-22
-63
-75
-116
-217
-360
-413
-442
-476
-474
-440
-418
-293
-302
-373
-320
-275
-249
-315
-289
-305
-339
-365
-397
-530
-683
-836
-989
-1230
-1355
-1443
-1700
-2280
-2825
-2968
-3225
-3423
-3449
-3263
-2521
-1629
-840
-98
143
400
291
305
223
37
-189
-430
-704
-916
-1033
-1057
-1008
-899
-861
-870
-844
-701
-409
-152
105
230
296
341
357
281
247
186
91
-121
-274
-448
-823
-1440
-2279
-3351
-4140
-4838
-5494
-5947
-6400
-6825
-6551
-5602
-4315
-2947
-1660
-521
268
813
1166
1352
1345
1053
812
626
463
300
212
141
167
220
329
186
110
211
264
269
212
253
310
339
368
439
527
439
417
341
307
241
200
159
102
-155
-811
-1509
-2298
-2915
-3495
-3920
-4231
-4255
-4130
-4092
-3866
-3321
-2313
-1174
37
1045
1884
2429
2703
2779
2646
2164
1651
1198
887
661
475
499
533
515
632
670
679
780
829
815
860
926
948
1024
1100
1233
1431
1643
1725
1850
1975
2149
2244
2345
2319
2243
2277
2239
2198
2127
1984
1913
1818
1804
1722
1734
1681
1632
1591
1534
1417
1125
672
55
-687
-1476
-1807
-1960
-1797
-1315
-659
39
737
1090
1233
1192
1139
1068
943
790
616
342
130
120
38
-105
-114
-32
77
165
391
534
629
443
269
136
60
286
2139
2978
3720
4265
4921
5663
6555
7297
7240
6887
6556
6393
6219
5962
5345
4453
3561
3016
2992
3087
3440
3815
4214
4243
4190
4073
3920
4063
4237
4548
4973
5247
5459
5493
5513
5327
5194
5008
4734
4493
4252
4186
4152
4138
4077
4153
4241
4374
4685
4977
5251
5562
5819
6017
6229
6311
6323
6228
6119
6031
6007
6193
6675
6784
6855
6937
10332
12185
11973
11662
11628
11791
12032
12273
12626
12937
13054
13149
13237
13221
13133
13072
12963
12765
12454
12101
11948
11954
11872
11917
11962
12236
12589
12964
13190
13323
13198
13073
12940
12587
12188
11789
11336
10937
10424
10025
9626
9295
9021
8710
8484
8258
8046
7860
7568
7237
6657
6001
5456
4974
4643
4417
4300
4382
4394
4489
4509
4384
4210
3857
3504
3129
2818
2606
2463
2289
2048
1623
1078
336
-503
-1245
-1290
-777
231
1370
2824
3963
4316
4042
3966
3998
3949
3824
3532
3019
2402
1889
1578
1304
1106
894
682
441
340
231
207
273
426
652
785
948
1146
1279
1388
1454
1492
1593
1594
1541
1503
1340
1187
1001
803
844
873
911
685
286
-227
-844
-1326
-1512
-1478
-1402
-1128
-854
-783
-666
-727
-844
-783
-757
-686
-429
-137
-28
213
322
410
344
299
270
169
52
23
14
-160
-285
-197
-285
-438
-571
-659
-610
-642
-718
-904
-1090
-1223
-1257
-1352
-1286
-1204
-1061
-952
-1209
-1907
-2856
-3598
-4051
-4063
-3851
-3369
-2887
-2405
-2094
-1999
-1965
-1691
-1434
-1193
-862
-487
-134
158
469
586
602
549
500
347
214
51
-58
-211
-385
-611
-744
-930
-1055
-1156
-1244
-1442
-1605
-1803
-1977
-2102
-2095
-2140
-2193
-2346
-2455
-2641
-2750
-2782
-2853
-2829
-2712
-2783
-2859
-2916
-2863
-2806
-2740
-2652
-2570
-2461
-2532
-2657
-2702
-2631
-2590
-2533
-2535
-2453
-2344
-2243
-2190
-2206
-2149
-2127
-2107
-2319
-2436
-2710
-3041
-3394
-3747
-4039
-4092
-4255
-4287
-4230
-4181
-4367
-4641
-4330
-3491
-2702
-2189
-1878
-1960
-2048
-2124
-2185
-2182
-2208
-2309
-2404
-2513
-2638
-2747
-2813
-2895
-3028
-3214
-3471
-3782
-4039
-4237
-4463
-4888
-5287
-5800
-6057
-6174
-6065
-5666
-5121
-4668
-4567
-4579
-4563
-4837
-5454
-6110
-6308
-6110
-5454
-4243
-2875
-1736
-844
-264
-282
-435
-661
-1014
-1467
-1866
-2219
-2511
-2723
-2886
-2947
-3080
-3197
-3209
-3204
-3214
-3263
-3316
-3321
-3362
-3324
-3333
-3292
-3321
-3280
-3296
-3553
-3810
-4209
-4754
-5371
-5796
-6452
-6805
-6710
-6536
-6161
-5581
-4689
-3900
-3355
-2842
-2467
-1922
-1469
-1044
-691
-505
-362
-330
-285
-356
-499
-616
-632
-606
-659
-857
-990
-1247
-1488
-1631
-1748
-1774
-1740
-1679
-1584
-1582
-1620
-1696
-1849
-1958
-2040
-2049
-2011
-1858
-1809
-1795
-1742
-1633
-1588
-1512
-1478
-1407
-1362
-1357
-1256
-1266
-1165
-1165
-1164
-1047
-922
-846
-793
-660
-517
-446
-414
-452
-327
-261
-152
-70
-131
-213
-204
-286
-357
-439
-500
-462
-391
-462
-719
-893
-915
-1058
-1244
-1726
-2734
-3806
-4423
-4576
-4319
-3894
-3349
-2974
-2549
-2238
-2012
-1838
-1721
-1578
-1512
-1455
-1384
-1343
-1346
-1417
-1424
-1414
-1419
-1399
-1452
-1497
-1568
-1644
-1787
-2028
-2269
-2526
-2901
-3326
-3871
-4324
-4677
-4875
-4663
-4371
-4130
-4154
-4116
-4290
-4772
-5197
-5508
-5661
-5508
-5055
-4047
-2975
-2136
-1556
-1074
-862
-745
-716
-841
-1098
-1451
-1663
-1904
-2021
-2154
-2271
-2347
-2404
-2372
-2346
-2275
-2291
-2286
-2229
-2227
-2303
-2398
-2281
-2095
-1897
-1711
-1662
-1561
-1408
-1234
-1152
-999
-911
-877
-880
-851
-1049
-1306
-1681
-1922
-2023
-2016
-1915
-1623
-1425
-1199
-1056
-870
-794
-749
-975
-1286
-1472
-1198
-542
530
1817
2889
3506
3623
3411
2831
2214
1634
1054
629
230
-123
-335
-521
-674
-827
-1025
-1178
-1331
-1474
-1627
-1752
-1861
-1835
-1930
-1987
-2096
-2051
-2053
-2073
-2085
-2126
-2069
-2028
-2002
-1988
-1935
-1992
-1897
-1780
-1637
-1561
-1568
-1473
-1372
-1354
-1340
-1347
-1313
-1308
-1379
-1417
-1466
-1561
-1914
-2986
-4273
-5560
-6349
-6474
-6121
-5172
-4100
-3208
-2510
-1930
-1313
-615
-102
351
525
782
968
1063
975
850
707
481
328
262
328
195
-31
-288
-431
-688
-929
-1186
-1427
-1580
-1806
-1992
-2155
-2161
-2183
-2130
-2121
-2004
-1975
-1946
-1901
-1883
-1854
-1797
-1868
-2094
-2493
-3191
-3980
-4636
-5035
-5346
-5638
-5550
-4933
-3925
-2786
-1499
-360
532
1014
1032
869
516
117
-282
-707
-1060
-1371
-1612
-1707
-1832
-1842
-1816
-1925
-1872
-1997
-2058
-2046
-2072
-2019
-2051
-2080
-1963
-1881
-1969
-2022
-2155
-2272
-2333
-2301
-2158
-2049
-2137
-2490
-3107
-3763
-4419
-4730
-4577
-4303
-4029
-3287
-2148
-861
593
2047
3055
3753
4128
4052
3570
3088
2543
1926
1309
884
459
202
170
121
92
72
48
30
-2
-36
-42
-80
-146
-299
-279
-226
-200
-99
18
2
51
204
213
222
298
330
406
397
431
564
681
879
1091
1162
1233
1238
1355
1284
1350
1305
1325
1320
1332
1403
1512
1565
1626
1743
1661
1620
1677
1693
1605
1123
231
-1056
-1712
-1986
-2603
-3116
-3598
-3973
-4136
-3737
-2995
-1784
-416
533
1150
1549
1587
1601
1389
1078
725
468
256
15
41
-16
-65
-12
131
97
56
-107
-293
-248
-289
-207
5
231
584
858
892
729
437
239
13
-261
-686
-1111
-1593
-2173
-2686
-3266
-3523
-3503
-3192
-2450
-1311
-239
710
1499
1898
2041
2067
1942
1650
1358
959
648
249
-126
-383
-536
-699
-787
-832
-881
-976
-1037
-1061
-1156
-1222
-1177
-1151
-1133
-1121
-1072
-1094
-1049
-1015
-1001
-999
-898
-914
-952
-923
-999
-1075
-1218
-1213
-1254
-1261
-1227
-1298
-1461
-1614
-1826
-2052
-2238
-2371
-2534
-2687
-2944
-3561
-4569
-5708
-6325
-6113
-5821
-5204
-4065
-2854
-1715
-707
132
788
1333
1708
1861
1773
1499
1017
664
289
91
-150
-362
-487
-661
-794
-980
-1133
-1234
-1367
-1541
-1684
-1827
-2053
-2327
-2553
-2765
-2991
-3203
-3444
-3515
-3398
-3316
-3163
-2922
-2611
-2385
-2211
-2185
-2144
-2139
-2292
-2717
-3070
-3615
-4232
-4812
-5165
-5056
-4439
-3600
-2811
-1919
-780
9
707
1324
1699
1897
1859
1726
1434
1103
792
439
213
-98
-296
-282
-108
78
264
373
482
607
760
885
1038
1250
1403
1498
1580
1662
1763
1864
1930
1901
1768
1707
1590
1392
1180
954
713
515
477
360
265
275
516
757
1132
1424
1823
2134
2509
2884
3141
3382
3608
3794
3968
4069
4178
4295
4348
4362
4338
4356
4351
4294
4296
4214
4089
3926
3763
3600
3457
3396
3355
3341
3379
3338
3152
2799
2286
1394
386
-622
-1364
-1877
-1943
-1717
-1425
-1272
-919
-494
-12
214
315
329
212
136
-7
-219
-417
-580
-821
-1047
-1210
-1203
-1204
-1329
-1367
-1468
-1631
-1688
-1914
-2267
-2541
-2894
-3135
-3115
-2929
-2618
-2243
-1912
-1787
-1613
-1525
-1539
-1463
-1414
-1612
-2065
-2721
-3560
-4140
-4249
-3938
-3393
-2182
-814
258
1207
1824
2223
2386
2352
2111
1780
1405
1074
743
432
101
-191
-448
-622
-834
-987
-1082
-1177
-1248
-1357
-1423
-1435
-1409
-1421
-1376
-1338
-1414
-1490
-1782
-2207
-2582
-2981
-3463
-4080
-4433
-4631
-4748
-4714
-4361
-3744
-3046
-2466
-1953
-1554
-1129
-776
-445
-247
-94
-80
-39
-92
-266
-367
-428
-416
-517
-605
-631
-748
-805
-862
-987
-921
-955
-910
-888
-817
-855
-810
-728
-640
-414
-271
-108
-51
50
21
122
231
284
427
613
776
871
1004
1049
1102
1001
994
885
722
651
477
474
429
395
390
366
340
428
466
561
627
780
1155
1554
1795
2007
2360
2652
2777
2930
3104
3267
3392
3404
3378
3329
3228
2954
2680
2327
2070
1525
945
432
-148
-459
-273
469
1211
1693
2024
2157
2274
2319
2266
2184
1998
1786
1560
1451
1350
1301
1240
1139
1078
983
874
825
743
600
247
-152
-551
-926
-1200
-1180
-1071
-983
-809
-635
-594
-599
-517
-408
-299
-432
-977
-1816
-2605
-2936
-2762
-2309
-1692
-1036
-338
242
984
1497
1950
2463
2916
3291
3644
3901
4175
4338
4512
4600
4512
4300
4074
3876
3602
3477
3236
2979
2897
2744
2581
2552
2476
2498
2491
2462
2396
2330
2314
2282
2277
2239
2251
2239
2178
2096
2102
2102
2026
2025
1964
1948
1962
1996
2037
2021
2078
2203
2198
2200
2295
2366
2437
2580
2504
2605
2666
2686
2787
2985
3226
3412
3513
3542
3613
3695
3766
3811
3795
3734
3737
3676
3600
3568
3356
3274
3033
2722
2066
1277
579
-260
-1209
-2101
-2757
-3031
-2914
-2657
-2175
-1226
-277
340
651
563
468
411
268
94
-118
-429
-655
-912
-1110
-1308
-1409
-1441
-1486
-1489
-1606
-1731
-1905
-2091
-2289
-2515
-2541
-2470
-2296
-1871
-1560
-1319
-1202
-1149
-1111
-1077
-1074
-1074
-1175
-1628
-2370
-2883
-2907
-2881
-2969
-3368
-3913
-4224
-3967
-3225
-2386
-1437
-545
153
733
1186
1539
1605
1552
1464
1266
935
582
157
-296
-695
-1177
-1602
-1955
-2153
-2339
-2321
-2250
-2133
-1970
-1659
-1306
-995
-664
-211
188
701
1126
1551
1882
2257
2410
2535
2623
2756
2832
2941
2986
3039
3039
3001
2930
2873
2841
2803
2686
2637
2555
2577
2587
2542
2471
2481
2461
2390
2333
2409
2385
2369
2298
2241
1967
1542
1301
1115
762
106
-902
-2041
-3409
-4863
-5288
-4977
-4235
-3024
-1737
-369
999
1948
2430
2428
1848
1423
1182
956
813
688
545
253
-100
-326
-375
-177
-24
202
459
592
483
412
238
129
-24
-56
-109
-33
5
17
20
-25
-66
-119
-180
-268
-254
-247
-231
-205
-134
40
252
464
627
801
902
676
96
-386
-868
-1413
-1788
-1883
-2016
-1775
-1195
-682
107
589
1102
1501
1832
2163
2404
2567
2587
2653
2571
2359
2161
1935
1624
1367
1014
757
640
599
633
516
363
210
122
125
113
145
116
87
77
39
1
-70
-46
-26
-14
-24
101
100
129
134
222
169
185
223
228
244
273
305
354
415
418
456
609
726
851
873
934
1043
1168
1331
1397
1530
1639
1740
1797
1842
1862
1971
2037
2180
2262
2307
2333
2390
2472
2473
2444
2476
2508
2522
2563
2492
2391
2248
2062
1821
1609
1383
1109
756
631
692
549
96
-386
-811
-974
-1031
-914
-688
-235
247
459
371
60
-28
628
1577
2416
2791
2579
2353
1871
1358
1270
1029
831
743
545
436
433
380
271
251
285
309
333
313
225
203
94
-31
-257
-514
-700
-886
-1084
-1172
-1084
-910
-785
-668
-630
-596
-616
-596
-705
-946
-1399
-2188
-2977
-3430
-3628
-3939
-4231
-4542
-4637
-4439
-3741
-3085
-2296
-1554
-1009
-429
188
563
962
1160
1293
1402
1576
1558
1549
1590
1549
1440
1364
1221
1058
1009
938
697
544
456
368
406
422
488
621
754
761
767
862
915
866
884
890
883
849
865
872
882
858
929
872
840
806
565
-15
-671
-1124
-1435
-1766
-2023
-2124
-2435
-2459
-2006
-1308
-416
129
582
1035
1327
1658
1950
2261
2518
2584
2717
2860
2961
3010
2944
2770
2617
2343
2169
2108
2063
1889
1851
1750
1903
1948
1877
1938
2124
2365
2320
2157
2014
1897
1985
2073
2144
2099
2079
1997
1948
1895
1905
1896
1941
2002
1941
1955
1933
1978
1987
1955
1979
1970
2011
2014
2024
1995
2044
2068
2042
2004
2042
2037
2035
2036
2012
2024
1998
1995
1977
2018
1989
2030
2001
2042
2004
2036
2050
2126
2235
2360
2365
2351
2188
2162
1999
1836
1810
1518
626
-742
-1750
-2589
-3206
-3259
-2642
-1693
-621
218
643
817
674
654
578
477
428
216
18
-107
-281
-455
-550
-497
-415
-417
-466
-619
-736
-962
-1003
-1009
-1029
-896
-684
-410
-118
25
86
147
181
128
-15
-110
-144
-122
-136
-393
-1135
-1924
-2713
-3293
-3604
-3642
-3795
-3866
-3846
-3844
-3646
-3551
-3240
-2623
-1784
-945
-156
683
1381
1806
2181
2422
2523
2532
2399
2236
2073
1832
1606
1394
1231
1033
945
812
711
640
587
499
465
470
470
496
572
560
598
572
613
587
571
537
499
442
347
214
-185
-927
-1669
-2286
-2866
-3411
-3893
-4204
-4478
-4383
-3870
-3172
-2474
-1992
-1567
-1114
-739
-314
61
353
516
625
657
504
278
37
-189
-430
-604
-729
-731
-728
-671
-595
-617
-688
-726
-750
-838
-854
-851
-917
-864
-859
-869
-926
-865
-722
-559
-506
-381
-238
-129
14
131
192
345
446
547
664
773
916
1011
1072
1106
1215
1358
1475
1504
1570
1695
1796
1878
1954
1970
1950
1912
1851
1639
1398
1310
1185
893
494
-123
-636
-967
-1100
-1088
-925
-614
-461
-169
123
-151
-604
-1057
-1031
-790
-533
-292
-425
-449
-520
-732
-906
-1031
-1097
-1198
-1255
-1326
-1435
-1523
-1576
-1701
-1762
-1782
-1870
-1958
-2170
-2396
-2582
-2691
-2675
-2626
-2509
-2356
-2261
-2152
-2043
-1934
-1801
-1638
-1440
-1323
-1160
-1027
-974
-841
-629
-372
-98
76
201
254
172
-281
-1070
-1962
-2751
-3407
-3648
-3485
-3228
-2853
-2273
-1791
-1658
-1692
-1621
-1512
-1349
-1092
-967
-755
-543
-442
-462
-456
-488
-686
-927
-972
-927
-794
-631
-339
-165
9
172
346
572
829
1015
1272
1458
1591
1724
1898
2110
2155
2196
2249
2116
2040
2054
1983
1888
1933
1919
1890
1943
2044
2060
2046
2046
2048
1977
1916
1850
1844
1864
1898
1874
1884
1843
1829
1758
1705
1648
1619
1537
1442
1381
1286
1177
1183
1165
1253
1341
1379
1417
1643
1709
1791
1908
2003
2085
2134
2108
2047
1952
1819
1607
1232
615
70
-187
-373
-665
-996
-1395
-1877
-2252
-2026
-1328
-320
336
761
959
939
1125
1288
1359
1250
1149
857
458
83
-129
-582
-1035
-1198
-1012
-826
-738
-685
-676
-801
-975
-1187
-1361
-1602
-1859
-2100
-2298
-2461
-2604
-2686
-2674
-2476
-2184
-1853
-1612
-1400
-1257
-1156
-1055
-1010
-1086
-1174
-1275
-1301
-1558
-1933
-2021
-2097
-2185
-2199
-2001
-1884
-1741
-1624
-1822
-1893
-1975
-2057
-1765
-1473
-1199
-824
-449
-237
-84
59
147
71
-30
-59
-176
-247
-380
-489
-534
-505
-550
-433
-415
-472
-462
-421
-389
-256
-44
65
160
277
386
539
640
765
814
697
572
471
338
112
-162
-360
-671
-883
-1109
-1242
-1313
-1301
-1244
-1119
-862
-487
-134
319
718
1200
1780
2325
2838
3237
3568
3825
4099
4297
4398
4393
4361
4370
4332
4306
4197
4136
4095
4057
3969
3893
3836
3760
3707
3650
3533
3335
3234
3185
3060
2886
2769
2626
2428
2136
1783
1358
1132
1079
1167
1292
1387
1496
1512
1550
1651
1837
2111
2422
2663
2685
2260
1368
419
-237
-332
67
549
948
1049
851
398
-84
-566
-919
-1318
-2060
-2952
-3650
-4003
-3672
-3016
-2360
-2068
-1951
-1808
-1742
-1568
-1276
-923
-697
-534
-348
-266
-261
-299
-432
-618
-751
-822
-898
-980
-1097
-1214
-1271
-1324
-1348
-1393
-1459
-1541
-1674
-1827
-2001
-2187
-2244
-2178
-2096
-1979
-1930
-1904
-1822
-1713
-1642
-1633
-1595
-1524
-1463
-1661
-2174
-2916
-3461
-3379
-3004
-2424
-1942
-1685
-1767
-1910
-2221
-2513
-2570
-2513
-2272
-1998
-1724
-1413
-960
-607
-454
-383
-295
-281
-236
-262
-350
-445
-554
-615
-637
-661
-706
-701
-703
-679
-613
-488
-371
-238
-113
40
78
179
296
413
433
451
512
541
408
283
207
141
40
-77
-275
-428
-602
-800
-974
-1117
-1131
-1145
-1002
-710
-257
196
549
496
121
-53
-67
-6
20
10
-216
-349
-240
135
715
1295
1808
2353
2706
2918
3092
3174
3177
3111
2994
2831
2557
2283
2120
2003
1805
1494
1220
979
793
640
454
291
174
41
-84
-193
-294
-318
-379
-440
-501
-539
-507
-390
-227
-64
79
232
458
699
956
1168
1311
1464
1573
1639
1692
1721
1727
1736
1770
1823
1899
1960
2055
2100
2195
2283
2354
2420
2415
2370
2392
2468
2544
2515
2444
2373
2291
2203
2127
2045
1988
1987
1938
1829
1518
1119
933
927
741
228
-389
-902
-1194
-1347
-1369
-1236
-995
-684
-443
-394
-482
-813
-1762
-2460
-2634
-1936
-928
-415
-16
6
-325
-551
-777
-989
-1021
-1164
-1252
-1334
-1352
-1413
-1399
-1346
-1275
-1222
-1193
-1222
-1323
-1380
-1421
-1492
-1563
-1620
-1649
-1665
-1798
-2090
-2543
-3056
-3538
-3663
-3477
-3146
-2747
-2372
-2080
-1882
-1749
-1678
-1700
-1874
-2086
-2298
-2343
-2255
-2057
-1658
-1259
-967
-872
-1129
-1386
-1285
-1228
-1042
-711
-645
-902
-911
-685
-374
139
684
1166
1783
2265
2618
2875
3018
3181
3207
3146
3003
2777
2520
2294
2082
1929
1786
1653
1500
1337
1125
913
770
709
656
622
577
551
542
540
526
460
419
405
419
393
344
227
178
172
173
187
216
325
488
613
730
893
1105
1279
1477
1630
1701
1754
1825
1791
1769
1779
1824
1900
2009
2134
2243
2360
2503
2701
2875
2992
3080
3109
3080
3014
2919
2837
2742
2666
2565
2470
2429
2372
2296
1965
1512
1181
955
502
-337
-1176
-2125
-3074
-3966
-4164
-3711
-2703
-1564
-353
539
1237
1478
1266
1103
986
877
651
410
79
-296
-607
-673
-591
-405
-272
-262
-264
-352
-434
-458
-436
-450
-421
-430
-448
-489
-555
-604
-604
-551
-463
-368
-273
-178
-102
-84
-91
-53
48
211
364
452
484
479
453
431
409
368
194
-259
-1048
-2056
-3064
-3681
-3814
-3602
-3345
-3071
-2696
-2214
-1815
-1523
-1212
-881
-624
-44
536
961
1506
2051
2277
2322
2277
2220
2087
1889
1715
1503
1192
918
732
637
555
506
411
399
387
375
322
261
243
186
129
63
64
30
44
60
36
60
86
135
188
217
212
198
243
292
276
282
316
392
382
341
240
123
70
64
93
73
126
259
422
585
738
891
973
1055
1093
1181
1257
1318
1400
1441
1517
1634
1808
1994
2147
2171
2189
2088
1735
1310
999
301
-538
-1430
-2641
-3533
-3719
-3266
-2194
-1302
-463
193
568
921
1064
1019
1101
1006
843
586
374
133
-141
-433
-619
-680
-712
-674
-648
-660
-692
-774
-856
-897
-923
-928
-960
-1021
-1035
-1061
-1075
-1132
-1126
-1088
-1031
-949
-848
-766
-684
-551
-398
-273
-130
-48
18
84
129
155
221
239
219
181
56
-32
-70
-90
-243
-554
-795
-786
-529
-130
295
317
43
-120
-283
-307
-312
-373
-482
-680
-571
-600
-414
-140
23
264
438
581
724
806
826
812
614
416
190
-163
-562
-873
-1114
-1277
-1402
-1463
-1470
-1382
-1402
-1361
-1244
-1156
-1068
-959
-864
-793
-711
-586
-453
-328
-203
-29
114
288
451
552
653
714
796
849
931
976
1014
1046
1122
1188
1229
1255
1300
1318
1356
1409
1435
1397
1371
1361
1335
1313
1335
1351
1346
1355
1375
1409
1431
1455
1450
1464
1486
1527
1556
1551
1589
1634
1660
1659
1645
1683
1709
1648
1547
1404
1163
650
-242
-1787
-3074
-4213
-4830
-4705
-4192
-3243
-2171
-1163
-374
-162
-207
-405
-697
-971
-1282
-1613
-1988
-2162
-2124
-1938
-1726
-1573
-1375
-1149
-857
-616
-375
-232
-46
79
204
261
285
361
437
508
561
560
574
608
634
612
551
498
489
542
549
492
504
459
464
480
446
401
435
560
703
798
749
132
-1155
-2227
-2807
-2970
-2784
-2359
-2028
-1957
-1955
-1889
-1844
-1977
-1834
-1796
-1739
-1286
-933
-707
-254
121
295
336
356
351
317
241
116
-27
-170
-246
-317
-418
-519
-662
-738
-799
-844
-862
-874
-852
-795
-779
-904
-1178
-1470
-1603
-1648
-1773
-2014
-2226
-2258
-2240
-2414
-3112
-3901
-4300
-4366
-4233
-3902
-3389
-2772
-2227
-1714
-1261
-886
-555
-381
-352
-434
-505
-593
-726
-1000
-1292
-1518
-1704
-1847
-1935
-2068
-2221
-2309
-2426
-2508
-2565
-2626
-2638
-2614
-2526
-2417
-2219
-2007
-1696
-1385
-1010
-635
-236
189
642
995
1269
1580
1837
2035
2221
2364
2425
2534
2600
2632
2650
2628
2590
2545
2516
2428
2340
2264
2193
2111
2016
1853
1679
1562
1486
1437
1446
1470
1502
1551
1622
1660
1655
1626
1573
1485
1397
1321
1220
1144
1078
1017
1019
1053
1154
1307
1460
1593
1736
1869
1986
2043
2109
2147
2131
2090
2056
1990
1958
1857
1769
1698
1645
1600
1483
1412
1359
1318
1155
981
880
737
496
310
-115
-857
-1696
-2241
-2404
-2557
-2633
-2704
-2761
-2862
-3060
-3413
-4111
-4950
-5739
-6437
-6475
-6183
-5441
-4492
-3836
-3323
-3180
-3177
-3294
-3568
-3825
-3934
-4051
-4184
-4198
-4122
-4167
-4365
-4426
-4412
-4438
-4499
-4662
-4874
-5072
-5189
-5265
-5279
-5213
-5118
-4975
-4734
-4423
-4092
-3639
-3126
-2644
-2131
-1678
-1279
-797
-398
-23
251
437
546
564
630
635
633
621
395
-444
-1655
-2494
-2786
-2835
-2637
-2262
-2088
-2031
-1997
-1926
-1850
-1841
-1815
-1791
-1703
-1570
-1217
-886
-688
-396
-271
-289
-313
-370
-441
-558
-667
-712
-726
-740
-726
-650
-438
-146
229
654
895
1038
1171
1296
1421
1595
1758
1883
1984
2072
2173
2234
2300
2395
2483
2549
2573
2634
2722
2817
2866
2911
2937
2998
3074
3106
3124
3156
3174
3219
3239
3186
3183
3199
3225
3203
3094
3006
2961
2895
2807
2712
2624
2579
2567
2526
2465
2389
2332
2300
2274
2233
2176
2131
2119
2093
2059
2030
1977
1906
1840
1769
1668
1551
1377
1165
740
-152
-1363
-3004
-4857
-6068
-6766
-6649
-5757
-4470
-3016
-1729
-657
85
416
708
1039
1172
1254
1238
1052
840
965
1139
1234
1291
1275
1218
1136
1083
940
683
457
294
193
76
-33
-121
-170
-186
-186
-164
-170
-184
-184
-152
-132
-189
-182
-129
4
99
187
296
439
527
559
543
569
601
667
768
901
1075
1261
1435
1417
1391
1411
1377
1066
792
754
672
584
535
392
-7
-406
-539
-640
-735
-769
-668
-427
-294
-68
263
504
690
807
807
787
755
581
340
187
1
-173
-316
-398
-480
-605
-730
-825
-870
-892
-906
-926
-908
-892
-876
-869
-803
-815
-839
-676
-581
-543
-565
-470
-432
-391
-396
-380
-374
-265
-212
-188
-220
-281
-282
-327
-428
-561
-618
-573
-507
-425
-292
-191
-48
193
504
815
1168
1593
2018
2371
2702
2994
3305
3531
3729
3903
4020
4069
3981
3997
3998
3903
3770
3669
3598
3553
3492
3416
3345
3300
3224
3129
3041
2932
2746
2489
1872
864
-504
-2357
-4101
-5240
-5693
-5268
-4260
-2806
-1595
-756
-100
43
-249
-435
-578
-556
-370
-348
-605
-916
-1208
-1583
-1894
-1731
-1278
-796
-555
-581
-657
-706
-701
-802
-890
-931
-997
-1054
-1083
-1057
-1035
-994
-968
-956
-927
-934
-963
-969
-945
-900
-847
-790
-689
-601
-535
-486
-477
-526
-587
-653
-710
-748
-760
-751
-685
-576
-505
-423
-374
-615
-1271
-1888
-2370
-2950
-3375
-3561
-3704
-3996
-4170
-3958
-3627
-3370
-3039
-2728
-2471
-2072
-1697
-1471
-1214
-1016
-1004
-1070
-1096
-1122
-1285
-1418
-1561
-1649
-1792
-1785
-1599
-1413
-1082
-751
-420
-89
264
575
849
1160
1513
1770
1956
2081
2152
2261
2285
2259
2206
2157
2177
2215
2249
2261
2273
2330
2383
2436
2452
2472
2560
2685
2767
2751
2753
2798
2801
2799
2666
2557
2440
2449
2582
2648
2736
2845
2874
2874
2888
2917
2919
2858
2863
2881
2938
3112
3265
3506
3798
4055
4329
4570
4811
5037
5154
5279
5320
5346
5360
5311
5113
4927
4729
4216
3208
1997
144
-1310
-2259
-2876
-2713
-2015
-943
196
985
1565
1728
1417
1243
1172
1127
1193
1068
615
70
-443
-754
-1085
-1090
-759
-634
-759
-1000
-1311
-1497
-1614
-1747
-1804
-1892
-2001
-2164
-2317
-2418
-2459
-2406
-2418
-2330
-2205
-2134
-2100
-2051
-1990
-1949
-1888
-1872
-1898
-1947
-1859
-1633
-1376
-1213
-1215
-1224
-1200
-1129
-1058
-884
-553
-100
299
752
1205
1604
1957
1869
1252
739
386
94
-132
-71
-172
-597
-854
-955
-1016
-967
-858
-733
-632
-531
-290
-104
108
261
299
325
378
296
84
-128
-253
-319
-420
-594
-747
-880
-975
-1020
-1052
-1113
-1104
-1095
-1097
-1091
-1088
-1047
-986
-979
-950
-921
-876
-888
-889
-865
-824
-771
-683
-588
-445
-328
-233
-116
-7
94
211
354
471
566
637
770
933
1119
1282
1508
1765
1928
2071
2188
2374
2600
2763
2888
3013
3130
3239
3280
3312
3313
3351
3396
3391
3382
3337
3321
3315
3325
3337
3308
3288
3304
3309
3233
3176
3131
3030
2921
2695
2182
1290
-78
-1719
-2858
-3600
-3551
-2895
-1887
-748
260
1002
1200
1155
1022
848
795
920
926
595
196
-257
-770
-1123
-1164
-990
-816
-825
-978
-1219
-1393
-1567
-1793
-2067
-2241
-2374
-2527
-2701
-2810
-2819
-2812
-2741
-2653
-2577
-2482
-2394
-2277
-2189
-2080
-1917
-1691
-1417
-1086
-733
-334
41
372
797
1089
1381
1593
1669
1703
1721
1778
1849
1878
1923
2005
2093
2188
2139
1657
818
76
-666
-1246
-1472
-1484
-1710
-1951
-2039
-1968
-1825
-1627
-1228
-829
-476
-145
147
439
582
608
630
548
423
197
23
-38
-36
40
85
111
82
44
39
57
106
132
161
190
210
201
219
251
308
390
472
548
614
696
791
873
961
1032
1120
1221
1297
1363
1429
1500
1595
1661
1743
1784
1813
1870
1971
2047
2052
2078
2135
2184
2210
2242
2295
2361
2418
2459
2449
2467
2533
2555
2535
2555
2600
2657
2739
2800
2845
2898
2964
2955
2926
2825
2772
2723
2718
2775
2816
2832
2841
2865
2960
3077
3202
3297
3392
3493
3656
3842
3930
4073
4247
4473
4626
4769
4912
5013
5114
5140
5039
4765
4148
3140
2191
1242
403
-339
-956
-1409
-1683
-1540
-1209
-756
-100
517
1306
1886
2285
2497
2256
1676
1059
546
147
-184
-370
-431
-405
-344
-320
-377
-486
-684
-958
-1232
-1524
-1781
-1813
-1627
-1386
-1253
-1152
-1118
-1084
-1074
-1075
-1057
-986
-925
-800
-614
-402
-216
-18
168
366
564
776
974
1186
1372
1598
1824
1967
2092
2174
2250
2303
2269
2187
2062
1929
1804
1695
1586
1477
1411
1377
1311
1168
1059
896
543
-113
-730
-987
-1016
-853
-655
-530
-742
-1359
-1904
-2602
-3055
-3033
-2680
-2167
-1768
-1315
-962
-764
-601
-448
-424
-490
-599
-840
-1038
-1181
-1324
-1457
-1590
-1699
-1842
-2040
-2203
-2291
-2320
-2349
-2361
-2462
-2557
-2595
-2571
-2495
-2450
-2333
-2190
-2047
-1904
-1741
-1500
-1243
-932
-640
-348
5
358
711
1042
1353
1645
1886
2060
2185
2273
2302
2314
2309
2295
2213
2125
2054
1972
1923
1882
1872
1846
1884
1893
1909
1895
1861
1823
1809
1850
1895
1944
1978
2004
2018
2024
2069
2085
2091
2069
2053
2035
2001
1979
1961
1916
1828
1746
1693
1605
1534
1489
1480
1468
1419
1358
1270
1209
1191
1213
1266
1323
1424
1557
1658
1740
1822
1955
2098
2241
2427
2653
2865
3157
3355
3541
3636
3712
3837
3946
4063
4158
4224
4262
4271
4253
4187
4121
4095
4086
4098
4093
4064
4003
3950
3897
3772
3574
3411
3248
2974
2599
2086
1297
680
369
38
-254
-511
-674
-799
-952
-1226
-1625
-2107
-2560
-3013
-3239
-3265
-3102
-2771
-2460
-2203
-2279
-2422
-2396
-2539
-2313
-2264
-2575
-2684
-2729
-2846
-2872
-2777
-2822
-2939
-3072
-3215
-3378
-3619
-3950
-4303
-4515
-4433
-4159
-3996
-4072
-4364
-4417
-4254
-4178
-4102
-4001
-3919
-3887
-3886
-3798
-3586
-3187
-2674
-2161
-1679
-1254
-829
-430
-55
237
494
751
904
1021
1087
1067
1022
940
874
765
699
675
675
681
661
643
643
646
666
675
691
701
742
837
871
928
957
952
957
958
929
917
893
900
906
924
914
911
897
899
867
779
718
718
771
859
960
1093
1279
1442
1605
1779
1874
1945
2054
2187
2296
2325
2386
2468
2563
2587
2669
2802
2897
2938
3014
3036
3068
3100
3082
2987
2958
2944
2878
2761
2636
2565
2489
2455
2421
2392
2401
2394
2376
2338
2256
2222
2204
2202
2255
2308
2332
2334
2328
2302
2273
2307
2336
2374
2340
2083
1427
478
-594
-1486
-1839
-1641
-1349
-1196
-970
-1027
-1128
-1291
-1583
-1914
-2100
-2171
-2324
-2655
-3397
-3977
-4269
-4443
-4151
-3894
-3637
-3262
-3036
-2725
-2630
-2621
-2329
-2234
-2117
-2155
-2318
-2406
-2397
-2368
-2456
-2654
-2911
-3020
-2963
-2777
-2668
-2623
-2382
-1957
-1558
-1284
-1175
-1066
-825
-551
-353
-179
-54
7
-2
7
12
32
114
123
189
265
303
317
305
327
359
397
409
433
486
504
526
523
507
552
661
1241
1786
1804
1782
1806
1790
1756
1695
1663
1618
1547
1459
1364
1358
1361
1316
1221
1068
905
939
1040
1165
1363
1637
1968
2299
2591
2848
3074
3300
3512
3665
3828
3945
4016
3955
3698
3273
2791
2338
1963
1632
1257
832
407
54
-321
-746
-1020
-1331
-1517
-1512
-1417
-1143
-744
-503
-246
-48
-97
-271
-396
-335
-137
-12
8
-74
-260
-385
-510
-598
-664
-705
-787
-888
-997
-1054
-1045
-1079
-1128
-1140
-1128
-1110
-1053
-977
-943
-902
-814
-761
-716
-663
-651
-633
-621
-633
-635
-619
-607
-623
-649
-663
-677
-678
-649
-646
-712
-761
-652
-607
-598
-593
-517
-416
-299
-174
-31
167
441
698
972
1246
1577
1851
2125
2337
2535
2721
2874
2983
3084
3201
3230
3177
3161
3095
3007
2919
2848
2842
2842
2824
2767
2679
2597
2544
2473
2412
2351
2322
2261
2166
1968
1756
1582
1439
1373
1320
1267
1206
1157
1128
1057
1004
970
941
929
891
815
774
708
613
531
357
214
157
100
59
69
114
155
231
313
414
459
425
474
599
708
833
1090
1253
1319
1337
1325
1420
1594
1851
2125
2382
2580
2754
2887
3012
3145
3288
3441
3502
3445
3134
2621
2246
1504
612
-177
-875
-1149
-1143
-1010
-893
-905
-993
-1346
-1677
-1840
-2132
-2507
-2818
-3435
-3609
-3752
-3681
-3507
-3529
-3303
-3178
-3107
-2833
-2738
-2643
-2469
-2381
-2376
-2550
-2925
-3300
-3498
-3543
-3577
-3710
-3771
-3730
-3642
-3656
-3830
-3939
-3907
-3854
-3834
-3822
-3824
-3840
-3835
-3851
-3817
-3716
-3628
-3495
-3283
-3174
-3125
-2939
-2727
-2515
-2317
-2060
-1749
-1350
-925
-472
-47
352
777
1202
1577
1908
2165
2406
2604
2790
2915
2986
2968
2919
2918
2817
2664
2531
2422
2305
2204
2071
1918
1861
1816
1728
1633
1538
1477
1368
1235
1092
880
682
456
230
-27
-319
-593
-850
-1048
-1246
-1399
-1500
-1566
-1590
-1587
-1632
-1677
-1718
-1813
-1914
-1955
-1973
-1991
-1969
-1920
-1946
-1964
-1984
-2022
-2044
-2053
-2041
-2015
-2020
-2073
-2126
-2017
-1874
-1633
-1341
-1115
-982
-819
-666
-492
-280
-106
120
377
634
797
950
1124
1298
1369
1320
1203
1040
799
601
484
359
293
359
364
342
285
309
370
427
445
271
-128
-354
-595
-948
-1373
-2071
-2688
-3201
-3458
-3420
-3208
-2897
-2671
-2982
-3223
-3376
-3442
-3595
-3836
-4167
-4459
-4884
-4922
-4813
-4825
-4472
-4465
-4348
-4056
-3955
-3812
-3669
-3587
-3413
-3270
-3331
-3464
-3705
-3997
-4238
-4381
-4372
-4315
-4227
-4118
-4106
-4215
-4227
-4118
-4077
-4134
-4168
-4194
-4239
-4246
-4237
-4184
-3986
-3774
-3649
-3506
-3294
-3053
-2796
-2522
-2248
-1873
-1498
-1099
-674
-299
154
579
1004
1379
1732
2006
2280
2521
2733
2886
2952
2957
2916
2884
2802
2693
2592
2510
2422
2321
2147
2046
2058
2032
1966
1937
1899
1861
1816
1728
1646
1648
1587
1454
1359
1283
1230
1204
1222
1234
1254
1299
1306
1312
1267
1218
1169
1112
1041
975
955
931
965
1066
1183
1346
1532
1657
1782
1877
2002
2145
2371
2628
2854
3111
3297
3495
3669
3822
3975
4092
4141
4236
4302
4311
4309
4243
4211
4173
4112
3987
3899
3725
3600
3512
3271
2997
2705
2352
2041
1800
1588
1425
1330
1144
745
488
422
224
148
119
78
-148
-389
-681
-1012
-1304
-1316
-1215
-1082
-884
-1027
-1136
-1048
-939
-1250
-1542
-1895
-2294
-2506
-2195
-1954
-1768
-1476
-1500
-1532
-1581
-1615
-1452
-1254
-1205
-1368
-1485
-1648
-1905
-2236
-2528
-2740
-2865
-2891
-2857
-2923
-3197
-3340
-3287
-3192
-3293
-3359
-3347
-3344
-3343
-3314
-3226
-3014
-2683
-2308
-1855
-1456
-1031
-632
-233
78
352
593
819
1017
1160
1242
1258
1259
1279
1257
1204
1095
1013
952
949
911
858
797
798
812
786
710
653
647
663
729
741
719
714
752
772
758
729
741
802
814
852
881
998
1123
1189
1246
1262
1278
1316
1369
1418
1471
1516
1545
1606
1672
1673
1628
1606
1624
1706
1815
1968
2093
2194
2319
2517
2715
2989
3300
3557
3783
3969
4132
4295
4377
4434
4472
4548
4550
4526
4481
4432
4394
4395
4324
4242
4089
3972
3855
3712
3569
3371
3238
3075
2863
2571
1954
1212
759
573
361
266
178
273
297
240
152
-105
-530
-861
-1153
-1379
-1193
-1209
-1501
-1448
-1622
-1820
-2018
-2393
-2384
-2143
-1630
-791
-309
-283
-378
-731
-1244
-1456
-1494
-1449
-1263
-989
-967
-1165
-1422
-1663
-1837
-1938
-1933
-1800
-1508
-1267
-1270
-1403
-1403
-1205
-964
-752
-526
-300
-137
6
123
240
349
431
548
673
790
856
894
897
892
882
841
800
766
737
711
654
609
568
534
508
476
460
453
427
432
371
330
310
305
310
330
368
366
325
264
244
253
215
229
258
324
395
452
493
588
697
750
776
802
851
896
962
1000
1053
1119
1244
1339
1434
1535
1660
1785
1867
1938
2009
2091
2179
2288
2370
2436
2470
2492
2454
2397
2352
2332
2354
2344
2335
2306
2294
2292
2312
2294
2300
2309
2307
2312
2296
2251
2217
2218
2177
2136
2197
2254
2129
1855
1563
1210
899
811
877
1063
1355
1666
2019
2311
2585
2842
3153
3528
3953
4352
4805
5180
5437
5649
5725
5433
4691
3742
2850
2397
2450
2583
2684
2664
2353
1928
1529
1176
884
808
755
581
270
-310
-1202
-1782
-2181
-2314
-2102
-1703
-1774
-1788
-1883
-2308
-2357
-2490
-2278
-1925
-1699
-1186
-974
-1091
-1167
-1292
-1358
-1292
-1318
-1530
-1728
-1891
-2000
-2117
-2250
-2448
-2581
-2676
-2647
-2494
-2296
-2201
-2262
-2282
-2248
-2160
-2059
-1977
-1889
-1823
-1841
-1851
-1865
-1839
-1782
-1687
-1562
-1474
-1365
-1222
-1140
-1079
-1050
-974
-925
-849
-773
-702
-626
-560
-478
-383
-312
-241
-140
-99
-61
-16
18
71
93
146
241
307
312
336
368
377
343
302
278
360
346
320
346
356
350
376
394
376
352
314
296
270
213
142
81
93
138
226
400
598
761
947
1064
1165
1197
1250
1307
1360
1546
1820
2112
2465
2796
3107
3364
3562
3725
3937
4111
4236
4399
4460
4480
4419
4348
4266
4157
4048
3977
3834
3681
3548
3431
3322
3221
3139
3068
2967
2834
2660
2386
2094
1763
1452
1195
1078
1064
1065
1051
1022
946
864
890
924
1006
1131
1284
1510
1684
1817
1858
1749
1236
397
-442
-1059
-1083
-871
-630
-542
-667
-1020
-1373
-1547
-1773
-1906
-1967
-1922
-1877
-2002
-2427
-3083
-3663
-4016
-4242
-4176
-3723
-3466
-3454
-3383
-3609
-3591
-3458
-3184
-2702
-2303
-1950
-1497
-1354
-1420
-1529
-1611
-1437
-1349
-1406
-1477
-1663
-1837
-1970
-2133
-2331
-2543
-2668
-2702
-2678
-2702
-2803
-3001
-3134
-3216
-3207
-3141
-3217
-3342
-3343
-3355
-3306
-3132
-2891
-2538
-2113
-1600
-1118
-693
-240
242
641
1016
1327
1658
1915
2127
2301
2475
2649
2774
2815
2835
2857
2923
2964
2984
2968
2961
2956
2918
2852
2770
2607
2474
2413
2331
2230
2121
2039
1922
1759
1616
1499
1398
1303
1274
1240
1222
1173
1064
911
786
691
603
565
539
523
474
440
472
498
530
612
721
864
1076
1262
1425
1588
1774
1972
2198
2361
2486
2611
2682
2681
2632
2499
2450
2438
2416
2448
2432
2437
2457
2483
2477
2436
2379
2365
2341
2270
2188
2127
2082
2033
1951
1875
1853
1804
1824
1783
1738
1672
1623
1552
1470
1353
1220
979
648
356
64
-99
-200
-234
-268
-239
-229
-195
-113
-4
129
327
513
711
874
1037
1132
1116
763
-26
-975
-1717
-1958
-1841
-1667
-1601
-1726
-2037
-2348
-2481
-2624
-2646
-2529
-2441
-2529
-2928
-3670
-4326
-4512
-4486
-4087
-3345
-2800
-2255
-1830
-1781
-1540
-1415
-933
-235
310
1149
1480
1282
1173
1010
944
1107
1208
1151
939
665
373
147
-94
-493
-804
-990
-1072
-1117
-1151
-1314
-1500
-1663
-1772
-1854
-1883
-1978
-2087
-2092
-2158
-2234
-2279
-2308
-2328
-2252
-2191
-2090
-2056
-1999
-1950
-1901
-1899
-1854
-1859
-1821
-1755
-1694
-1653
-1608
-1465
-1424
-1371
-1295
-1281
-1156
-1090
-973
-964
-869
-840
-687
-671
-633
-607
-554
-445
-502
-478
-315
-277
-176
-23
48
-9
-75
-30
87
240
403
677
969
1280
1492
1823
2154
2553
2906
3198
3455
3641
3839
3940
3985
4038
4104
4157
4163
4165
4151
4160
4231
4221
4201
4239
4163
4081
3956
3803
3670
3561
3460
3394
3312
3267
3214
3138
3114
3073
3007
2936
2922
2877
2839
2794
2782
2744
2687
2554
2516
2440
2391
2390
2393
2292
2216
2155
2150
2101
2019
1931
1849
1804
1709
1523
1325
1151
877
603
429
363
287
249
173
-53
-186
-329
-405
-400
-226
15
390
789
1214
1567
1942
2234
2322
1969
1313
696
639
1014
1439
1792
1945
1802
1528
1254
1056
923
914
932
856
374
-465
-1082
-1435
-1544
-1332
-933
-915
-915
-991
-1473
-1616
-1741
-1567
-1214
-988
-408
-196
-470
-595
-793
-1005
-967
-834
-929
-1072
-1364
-1550
-1791
-2017
-2274
-2486
-2629
-2803
-2936
-3031
-3156
-3238
-3326
-3435
-3480
-3525
-3554
-3603
-3629
-3645
-3607
-3601
-3563
-3492
-3439
-3401
-3360
-3331
-3265
-3177
-3095
-3000
-2943
-2923
-2822
-2784
-2718
-2652
-2557
-2528
-2452
-2395
-2300
-2234
-2152
-2051
-1956
-1890
-1829
-1753
-1665
-1608
-1520
-1467
-1414
-1357
-1308
-1226
-1202
-1136
-1102
-1093
-1134
-1183
-1221
-1292
-1374
-1388
-1408
-1426
-1458
-1601
-1813
-1851
-1849
-1761
-1636
-1438
-1337
-1204
-1138
-1013
-912
-769
-616
-463
-251
-65
109
295
412
529
611
699
744
797
829
890
956
968
1000
1012
1028
1008
1009
1019
1080
1096
1128
1189
1260
1305
1358
1483
1544
1597
1668
1750
1826
1914
1905
1910
1998
2161
2373
2418
2361
2373
2474
2715
2913
3139
3492
3867
4266
4619
4950
5191
5324
5315
5233
5211
5306
5292
5276
5371
5366
5395
5334
5239
5130
5064
5102
5120
5215
5324
5449
5478
5488
5379
5087
4345
3206
2067
1325
1162
1233
1304
1203
946
493
40
-313
-644
-761
-795
-871
-1296
-1994
-2650
-2942
-2999
-2668
-2215
-1974
-1986
-1941
-2316
-2404
-2338
-2027
-1447
-1155
-642
-456
-787
-875
-882
-829
-655
-469
-522
-685
-871
-1083
-1340
-1581
-1822
-1965
-2047
-2108
-2161
-2243
-2304
-2413
-2514
-2567
-2616
-2661
-2667
-2728
-2738
-2795
-2796
-2801
-2744
-2691
-2630
-2564
-2515
-2489
-2432
-2391
-2296
-2220
-2154
-2105
-2010
-1922
-1851
-1763
-1638
-1567
-1450
-1405
-1304
-1228
-1167
-1050
-984
-875
-766
-700
-599
-523
-406
-324
-215
-193
-98
-69
26
75
93
142
104
88
70
32
-39
-127
-168
-217
-299
-394
-527
-680
-721
-578
-461
-308
-191
-125
-59
29
117
260
423
635
833
976
1139
1264
1407
1489
1565
1636
1769
1807
1883
1863
1863
1892
1863
1802
1736
1745
1744
1706
1665
1631
1653
1669
1676
1658
1724
1795
1890
1939
1951
1989
2050
2121
2159
2133
2124
2104
2118
2251
2414
2408
2265
2274
2369
2543
2741
3072
3425
3800
4225
4556
4887
5240
5426
5492
5421
5376
5275
5187
5209
5138
5081
5032
5018
4901
4768
4673
4564
4609
4726
4808
4896
5059
5233
5257
5266
5092
4717
3928
2789
1717
1172
1106
1167
1208
982
557
104
-441
-816
-1127
-1244
-1430
-1805
-2461
-3159
-3739
-3951
-3620
-3195
-2954
-3049
-3150
-3303
-3728
-3652
-3440
-2987
-2245
-1914
-1622
-1546
-1877
-2010
-1915
-1790
-1681
-1580
-1854
-2207
-2433
-2659
-2933
-3159
-3260
-3336
-3362
-3423
-3441
-3482
-3494
-3611
-3649
-3669
-3655
-3665
-3681
-3701
-3663
-3631
-3609
-3514
-3453
-3404
-3333
-3200
-3124
-3036
-2941
-2808
-2683
-2566
-2457
-2348
-2215
-2133
-2024
-1936
-1811
-1723
-1622
-1469
-1398
-1297
-1215
-1072
-947
-830
-705
-617
-484
-359
-234
-91
-9
73
155
187
244
258
244
326
364
319
237
176
119
70
-1
-50
-103
-179
-365
-528
-671
-705
-660
-559
-488
-412
-351
-285
-214
-89
44
197
383
557
666
711
768
839
855
864
867
893
938
964
993
911
854
809
780
735
669
620
646
691
800
901
954
1003
1029
1047
976
947
915
939
968
944
934
1029
1095
1204
1347
1545
1731
2042
2373
2726
3101
3432
3831
4344
4769
5122
5497
5808
6065
6239
6425
6611
6736
6837
6784
6473
6074
5561
5136
4761
4469
4195
3983
3820
3579
3322
3081
2907
2846
2841
2875
3000
3133
3250
3295
3294
3237
2945
2247
1175
167
-413
-514
-405
-242
-337
-762
-1161
-1560
-1852
-2126
-2221
-2292
-2623
-3203
-3748
-4147
-4163
-3618
-3193
-3050
-2824
-2933
-2899
-3073
-2997
-2544
-2252
-1463
-950
-849
-608
-640
-666
-617
-760
-836
-862
-987
-1228
-1381
-1506
-1659
-1900
-2126
-2279
-2432
-2565
-2690
-2756
-2881
-2957
-3033
-3053
-3051
-3089
-3113
-3097
-3077
-3039
-3005
-2960
-2907
-2873
-2807
-2674
-2603
-2558
-2509
-2392
-2267
-2196
-2101
-2075
-2034
-1946
-1837
-1825
-1724
-1648
-1587
-1534
-1477
-1499
-1461
-1437
-1411
-1358
-1249
-1075
-912
-817
-741
-684
-596
-422
-196
61
353
778
1291
1744
2097
2371
2612
2786
2911
2968
2974
2940
2864
2776
2659
2506
2389
2301
2372
2425
2466
2504
2542
2524
2479
2422
2420
2477
2501
2533
2515
2466
2488
2526
2465
2408
2370
2379
2380
2418
2336
2260
2203
2040
1923
1814
1671
1614
1497
1421
1333
1272
1240
1235
1247
1267
1241
1221
1216
1211
1201
1198
1259
1265
1331
1326
1397
1385
1423
1489
1444
1449
1478
1487
1509
1499
1470
1508
1510
1520
1508
1514
1480
1485
1469
1437
1376
1371
1370
1344
1328
1340
1274
1284
1286
1281
1276
1385
1222
823
470
213
15
-171
-334
-459
-458
-534
-591
-571
-565
-402
-239
2
294
586
784
970
1087
1230
1148
723
-226
-1298
-1954
-2117
-1943
-1731
-1630
-1842
-2099
-2430
-2722
-2963
-3045
-2892
-2921
-3434
-4014
-4559
-4771
-4372
-3890
-3737
-3480
-3556
-3699
-3808
-3982
-3629
-3230
-2281
-1539
-1534
-1135
-1002
-1007
-781
-607
-546
-641
-853
-891
-967
-850
-652
-466
-413
-407
-375
-293
-236
-256
-246
-251
-217
-146
-132
-138
-233
-328
-410
-535
-660
-769
-830
-906
-977
-1018
-1063
-1129
-1145
-1183
-1165
-1203
-1154
-1113
-1068
-973
-944
-856
-822
-727
-703
-615
-581
-515
-406
-297
-240
-152
-70
31
102
147
235
311
406
463
508
596
641
723
784
818
838
933
934
858
749
654
566
478
377
244
101
-62
-144
-95
-109
-170
-231
-269
-240
-191
-103
-71
46
163
239
372
481
606
715
816
877
953
1019
1120
1237
1362
1450
1511
1531
1529
1497
1491
1532
1614
1604
1713
1758
1834
1916
1998
2074
2100
2176
2329
2424
2519
2576
2664
2725
2807
2864
2896
2901
3018
3089
3080
3125
3132
3146
3158
3140
3083
3001
2963
2945
2913
2884
2850
2907
2952
2926
2902
2890
2902
2864
2852
2820
2732
2615
2490
2429
2334
2348
2332
2381
2438
2491
2579
2636
2731
2813
2914
2924
2936
3069
3140
3174
3194
3162
3238
3320
3346
3336
3341
3394
3511
3564
3613
3575
3591
3605
3666
3609
3597
3531
3528
3254
2709
2284
2010
1699
1346
971
730
567
518
492
563
608
741
884
1125
1311
1364
1465
1590
1733
1767
1510
768
-371
-1379
-1861
-1854
-1680
-1482
-1381
-1673
-1984
-2295
-2536
-2793
-2831
-2907
-3360
-4058
-4638
-5013
-4756
-4243
-4002
-3649
-3608
-3865
-3914
-4031
-3549
-2932
-2143
-1401
-1215
-958
-746
-855
-879
-853
-978
-1219
-1511
-1936
-2267
-2524
-2649
-2737
-2732
-2726
-2752
-2853
-2978
-3060
-3148
-3224
-3262
-3303
-3277
-3228
-3119
-3048
-2982
-2881
-2738
-2605
-2431
-2245
-2071
-1938
-1813
-1627
-1429
-1203
-1017
-819
-676
-490
-292
-106
37
190
376
501
610
763
896
1013
1166
1248
1336
1368
1450
1495
1521
1559
1604
1613
1608
1592
1618
1624
1595
1586
1596
1555
1446
1364
1330
1242
1133
1045
950
893
811
782
673
620
608
576
494
393
240
139
57
37
63
145
240
341
466
609
734
835
930
1018
1067
1192
1317
1399
1552
1634
1705
1787
1858
1849
1811
1740
1639
1610
1598
1557
1519
1533
1535
1545
1516
1487
1516
1554
1576
1596
1608
1646
1678
1719
1753
1775
1782
1787
1782
1808
1865
1936
1985
2042
2108
2196
2230
2268
2350
2372
2373
2444
2515
2549
2594
2626
2664
2705
2719
2697
2742
2766
2832
2873
2907
2893
2913
2913
2918
2952
2928
2919
3001
3062
3086
3098
3089
3090
3081
3115
3156
3130
3085
3047
3079
3055
3054
3013
3018
2980
3006
2974
2972
2984
2990
3022
3025
3020
3077
3070
3127
3145
3131
3117
3135
3155
3126
3138
3114
3088
3090
3064
3026
2938
2912
2883
2812
2741
2659
2683
2669
2568
2143
1598
1245
870
417
-65
-339
-410
-386
-364
-315
-249
-173
39
280
454
530
716
841
1039
1051
740
-2
-951
-1790
-2215
-2310
-2201
-2058
-2167
-2566
-2965
-3418
-3675
-3949
-3994
-4043
-4588
-5205
-5558
-5711
-5336
-4883
-4685
-4444
-4489
-4482
-4516
-4659
-3961
-3305
-2466
-1768
-1692
-1317
-804
-671
-614
-553
-794
-1247
-1622
-1953
-2284
-2595
-2906
-3237
-3478
-3676
-4007
-4264
-4521
-4654
-4680
-4704
-4780
-4905
-5000
-5095
-5057
-4956
-4782
-4570
-4344
-4158
-3960
-3786
-3633
-3459
-3296
-3133
-2970
-2837
-2712
-2569
-2460
-2372
-2311
-2125
-2043
-2014
-1881
-1832
-1707
-1631
-1506
-1449
-1378
-1269
-1160
-1065
-948
-899
-811
-694
-593
-505
-404
-295
-152
-64
-26
45
133
250
359
460
531
569
645
706
782
858
924
1012
1061
1194
1276
1352
1447
1529
1638
1739
1755
1864
1909
1943
2052
2057
2102
2147
2156
2227
2232
2194
2051
1810
1715
1606
1535
1459
1398
1380
1451
1512
1565
1594
1610
1515
1420
1354
1436
1502
1578
1776
1939
2072
2205
2330
2463
2626
2642
2660
2638
2556
2447
2338
2250
2174
2092
2035
1990
1956
1940
1945
1998
2030
2101
2142
2136
2156
2182
2196
2230
2252
2266
2337
2408
2465
2499
2528
2589
2642
2699
2719
2735
2751
2773
2830
2825
2830
2829
2788
2781
2736
2698
2684
2658
2657
2679
2705
2758
2803
2819
2845
2850
2801
2575
2222
1891
1634
1448
1360
1315
1293
1286
1339
1421
1478
1490
1419
1348
1430
1593
1805
2031
2217
2360
2586
2749
2912
3110
3186
3115
3006
2853
2667
2542
2417
2274
2186
2104
2063
2073
2107
2098
2041
2025
1987
1878
1796
1751
1694
1656
1603
1615
1605
1599
1670
1665
1699
1706
1701
1750
1807
1889
1938
1987
1971
2028
2116
2177
2230
2268
2329
2382
2411
2391
2440
2506
2582
2620
2611
2629
2641
2559
2450
2349
2240
2145
2057
2023
1989
1913
1856
1807
1754
1705
1685
1590
1378
1269
1285
1286
1304
1365
1490
1551
1604
1670
1803
1920
1969
2045
2090
2151
2227
2280
2300
2361
2437
2471
2516
2510
2532
2581
2615
2647
2657
2673
2726
2783
2836
2826
2828
2762
2713
2637
2528
2385
2314
2243
2167
2114
2043
2019
1948
1914
1921
1860
1822
1898
1903
1786
1704
1647
1708
1734
1795
1802
1873
1939
2048
2077
2067
2069
2135
2155
2164
2148
2136
2154
2170
2129
2103
2160
2122
1896
1471
1096
765
491
328
185
109
8
-93
-154
-230
-214
-119
67
466
740
966
1164
1297
1554
1728
1871
1932
1952
1843
1586
1374
1063
851
665
502
377
289
228
179
211
212
211
243
360
448
519
585
626
743
838
895
888
941
1017
1039
1127
1113
1064
1121
1155
1189
1169
1162
1200
1209
1229
1241
1286
1291
1269
1283
1288
1322
1344
1337
1398
1372
1356
1417
1462
1440
1364
1319
1253
1136
1091
1015
958
897
836
824
758
717
656
632
620
567
479
473
487
503
500
505
510
528
552
597
607
612
646
691
757
828
894
960
1036
1107
1148
