-388
-433
-455
-537
-566
-528
-550
-645
-716
-715
-681
-697
-659
-550
-407
-274
-192
-121
-20
75
176
301
444
520
569
603
606
540
479
495
552
576
554
497
504
478
421
360
322
256
232
166
41
-76
-96
-91
-148
-236
-324
-385
-473
-502
-476
-419
-318
-247
-285
-291
-294
-323
-321
-260
-215
-260
-284
-250
-224
-273
-344
-291
-246
-264
-346
-395
-471
-532
-544
-522
-496
-447
-314
-151
-63
-6
10
-47
-123
-266
-452
-561
-637
-703
-744
-797
-792
-791
-805
-819
-807
-821
-850
-857
-775
-751
-783
-809
-806
-772
-734
-677
-576
-433
-259
-183
-126
-17
44
66
61
27
-49
-110
-122
-113
-75
-55
-37
-23
-61
-149
-347
-559
-745
-862
-963
-1080
-1197
-1330
-1473
-1598
-1664
-1696
-1672
-1596
-1598
-1647
-1700
-1734
-1752
-1766
-1823
-1824
-1758
-1682
-1650
-1691
-1748
-1746
-1734
-1677
-1606
-1545
-1555
-1557
-1486
-1410
-1339
-1244
-1168
-1154
-1154
-1116
-1087
-1049
-1008
-986
-968
-915
-844
-820
-779
-741
-723
-714
-763
-765
-743
-742
-791
-844
-815
-682
-581
-543
-569
-622
-648
-577
-444
-232
-20
178
273
291
303
319
376
485
628
771
805
767
729
747
767
745
719
729
751
789
784
702
607
506
363
254
145
104
122
204
292
247
190
168
156
201
258
375
518
643
725
820
849
767
666
584
475
263
138
77
28
-13
-45
-121
-130
-156
-209
-275
-328
-314
-269
-264
-273
-232
-115
-39
-7
-23
-61
-75
-95
-127
-172
-182
-170
-53
145
298
472
560
574
545
436
327
256
168
86
41
43
34
-75
-218
-335
-436
-512
-530
-413
-360
-392
-418
-416
-430
-450
-432
-423
-366
-271
-162
-53
-55
-62
-69
-31
70
213
376
471
466
417
300
212
146
58
-18
-59
-85
-114
-167
-208
-269
-370
-533
-745
-1037
-1329
-1527
-1636
-1753
-1896
-1978
-1996
-1998
-2039
-2027
-2017
-1968
-1873
-1807
-1805
-1887
-1969
-1967
-1866
-1741
-1640
-1620
-1634
-1625
-1666
-1673
-1628
-1519
-1333
-1147
-1052
-986
-937
-866
-723
-628
-503
-360
-235
-186
-145
-133
-51
66
142
124
36
-81
-214
-267
-305
-329
-297
-244
-162
-96
-14
-5
-100
-217
-305
-350
-351
-373
-418
-489
-496
-467
-485
-586
-681
-747
-776
-675
-512
-286
-177
-106
-18
0
-26
-92
-217
-251
-225
-237
-298
-343
-327
-336
-407
-560
-703
-774
-725
-637
-561
-561
-627
-620
-598
-576
-570
-611
-601
-544
-503
-501
-572
-613
-614
-582
-560
-642
-718
-819
-936
-1031
-1076
-1058
-982
-881
-859
-864
-890
-891
-920
-908
-894
-960
-989
-1011
-950
-874
-765
-716
-704
-690
-706
-767
-808
-853
-948
-997
-983
-858
-809
-721
-596
-543
-472
-363
-220
-111
-29
-7
-14
10
71
124
190
247
304
318
252
143
18
-77
-153
-224
-269
-216
-134
-160
-209
-231
-182
-194
-216
-287
-404
-465
-463
-520
-573
-566
-517
-464
-398
-316
-278
-246
-197
-156
-103
-71
-89
-113
-103
-164
-281
-382
-416
-404
-303
-262
-221
-145
-135
-223
-386
-529
-551
-490
-464
-444
-468
-509
-575
-670
-771
-797
-779
-797
-819
-848
-874
-867
-843
-823
-774
-796
-787
-738
-779
-922
-1065
-1103
-1071
-1022
-973
-891
-853
-782
-733
-688
-656
-751
-827
-859
-843
-877
-965
-1074
-1162
-1244
-1212
-1190
-1174
-1133
-1099
-990
-889
-801
-763
-792
-893
-981
-1042
-1047
-1054
-1120
-1126
-1117
-1097
-1111
-1137
-1105
-1081
-1052
-1030
-1030
-1054
-1060
-1034
-1005
-967
-896
-753
-677
-624
-592
-583
-530
-405
-242
-79
16
-109
-401
-826
-1225
-1482
-1564
-1463
-1222
-965
-791
-617
-431
-417
-493
-679
-842
-937
-998
-1047
-1096
-1091
-1042
-985
-936
-879
-797
-823
-932
-1106
-1259
-1376
-1464
-1493
-1471
-1520
-1552
-1534
-1512
-1463
-1410
-1384
-1318
-1311
-1377
-1472
-1554
-1607
-1546
-1445
-1344
-1243
-1182
-1191
-1300
-1443
-1576
-1658
-1629
-1534
-1473
-1447
-1465
-1451
-1402
-1420
-1436
-1379
-1254
-1270
-1444
-1670
-1787
-1730
-1518
-1355
-1289
-1251
-1219
-1239
-1273
-1330
-1412
-1407
-1254
-997
-854
-979
-1236
-1510
-1673
-1707
-1625
-1472
-1371
-1333
-1257
-1114
-873
-599
-401
-276
-223
-178
-149
-73
44
187
413
566
449
138
-154
-116
82
235
261
256
290
443
552
685
818
875
901
939
944
918
902
984
1093
1181
1186
1176
1233
1334
1416
1394
1269
1012
701
515
506
480
337
266
298
380
446
437
554
707
606
295
3
-85
-28
158
370
479
397
156
-7
27
9
0
16
98
186
220
221
145
57
52
52
20
-33
-134
-229
-382
-623
-880
-951
-894
-853
-1027
-1380
-1637
-1571
-1589
-1722
-1896
-1978
-1971
-1910
-1955
-2118
-2235
-2201
-2076
-1913
-1739
-1657
-1752
-1861
-1914
-1909
-1938
-1912
-1896
-1941
-2012
-2061
-2099
-2070
-2056
-2024
-1915
-1798
-1655
-1538
-1429
-1320
-1211
-1102
-1031
-943
-905
-958
-982
-980
-960
-934
-952
-1164
-1235
-1164
-1119
-1137
-1103
-1050
-949
-786
-725
-763
-801
-719
-556
-358
-257
-271
-388
-586
-772
-779
-718
-692
-702
-697
-850
-1076
-1229
-1141
-967
-793
-660
-584
-431
-298
-336
-437
-349
-196
-53
80
51
-102
-235
-159
-88
-27
11
-90
-156
-103
6
180
343
357
312
365
394
397
473
636
848
877
636
410
386
511
697
588
189
-68
-23
94
189
271
372
443
414
261
87
-14
18
171
151
106
65
-133
-444
-607
-716
-890
-1033
-1166
-1261
-1322
-1344
-1283
-1166
-1215
-1378
-1369
-1216
-1107
-1012
-917
-919
-1020
-1145
-1150
-1116
-1117
-1170
-1313
-1466
-1484
-1375
-1334
-1363
-1362
-1400
-1476
-1490
-1365
-1167
-1004
-909
-808
-691
-625
-956
-1501
-1589
-1332
-1040
-877
-782
-619
-421
-320
-865
-1290
-1147
-1030
-856
-693
-568
-523
-447
-359
-359
-533
-621
-533
-370
-184
-113
-287
-499
-531
-540
-611
-502
-497
-789
-1100
-1051
-990
-1004
-1018
-942
-809
-738
-716
-634
-377
-234
-300
-425
-491
-529
-558
-449
-275
-158
-101
-162
-146
40
165
210
248
210
242
283
408
561
537
351
310
392
487
620
702
249
-449
-417
-106
37
94
165
274
383
359
48
-327
-202
173
371
524
612
657
540
248
166
65
-98
-116
-165
-210
-134
-63
-124
-267
-465
-628
-802
-693
-576
-652
-661
-590
-489
-346
-183
91
422
608
410
57
-44
197
340
441
512
517
243
45
121
307
373
349
340
269
28
-67
58
221
338
262
248
489
800
888
647
461
527
622
688
749
912
983
709
196
22
220
363
516
494
69
-242
-252
-395
-444
-362
-267
-262
-395
-520
-663
-685
-624
-529
-396
-308
-309
-452
-709
-804
-687
-728
-881
-895
-948
-936
-902
-864
-755
-654
-609
-484
-298
-145
67
293
436
545
670
803
742
450
238
85
-172
-127
-61
-95
-248
-647
-1000
-1095
-1107
-1136
-1489
-1800
-1729
-1700
-1701
-1613
-1512
-1338
-1229
-1270
-1413
-1495
-1386
-1352
-1351
-1188
-1189
-1415
-1578
-1852
-2005
-1842
-1601
-1567
-1605
-1529
-1497
-1511
-1450
-1384
-1198
-773
-420
-545
-837
-919
-678
-367
-204
-128
-11
38
-115
-356
-432
-220
72
167
110
-53
-294
-520
-558
-529
-463
-402
-451
-489
-577
-751
-868
-735
-610
-636
-753
-779
-646
-649
-847
-831
-668
-592
-621
-754
-887
-689
-236
56
58
201
458
529
484
402
490
716
914
940
787
721
792
955
1118
1080
963
830
573
528
573
622
765
831
478
280
231
229
261
283
524
687
554
297
164
190
291
392
463
572
629
417
143
72
181
355
437
294
37
-274
-391
-303
-237
-236
-93
32
-69
-400
-359
-161
-79
-65
-218
-220
-111
-117
-291
-262
-323
-432
-361
-383
-454
-464
-650
-942
-1075
-1128
-1142
-1166
-1329
-1297
-986
-823
-774
-783
-803
-617
-474
-672
-1154
-1149
-1390
-1345
-1171
-1139
-1022
-1093
-1279
-1328
-1203
-1060
-989
-944
-989
-1163
-1129
-903
-677
-693
-818
-852
-818
-757
-795
-713
-527
-478
-549
-702
-827
-718
-617
-591
-777
-1051
-950
-1016
-1169
-1230
-1428
-1460
-1399
-1201
-1119
-1236
-1324
-1406
-1455
-1346
-1193
-1117
-1103
-1089
-1107
-1078
-1187
-1312
-1388
-1437
-1525
-1650
-1616
-1623
-1711
-1723
-1768
-1768
-1680
-1702
-1682
-1783
-1892
-1878
-1869
-1874
-1852
-1826
-1814
-1761
-1775
-1632
-1575
-1559
-1604
-1605
-1517
-1416
-1263
-1175
-1114
-1057
-1012
-917
-808
-726
-787
-773
-712
-724
-671
-655
-708
-753
-896
-991
-1015
-1076
-1027
-974
-1000
-1117
-1218
-1289
-1260
-1074
-998
-997
-1068
-1015
-954
-974
-788
-671
-637
-542
-558
-615
-520
-565
-641
-612
-524
-500
-545
-492
-359
-271
-281
-330
-304
-365
-539
-664
-648
-672
-717
-751
-804
-967
-1008
-959
-888
-920
-981
-1015
-1027
-1068
-1139
-1073
-1028
-999
-985
-971
-993
-922
-789
-718
-652
-618
-485
-397
-473
-181
-80
-168
-161
-112
-55
-56
-144
-56
77
263
380
468
473
232
261
394
476
505
473
526
579
545
469
570
611
620
638
513
350
241
358
359
196
53
48
24
2
-12
-36
-60
-161
-232
-285
-386
-352
-286
-225
-149
-148
-53
-39
22
165
167
50
-59
-160
-119
-10
72
129
167
176
81
-1
-33
-104
-9
92
104
133
138
67
38
6
-47
-27
2
-36
-16
60
74
156
182
87
53
50
84
113
95
46
-49
-106
-194
-357
-369
-398
-464
-484
-389
-396
-513
-601
-662
-609
-552
-574
-536
-504
-522
-440
-493
-588
-527
-537
-539
-386
-233
-108
-13
-89
-160
-180
-237
-298
-216
-167
-155
-187
-296
-291
-305
-414
-463
-431
-465
-531
-565
-489
-448
-468
-497
-592
-653
-627
-502
-420
-461
-562
-619
-653
-694
-760
-855
-916
-918
-785
-690
-619
-510
-434
-301
-138
-191
-292
-263
-253
-208
-137
-61
5
76
71
-17
-83
-154
-263
-324
-395
-466
-561
-747
-933
-1058
-1167
-1249
-1325
-1442
-1524
-1565
-1563
-1565
-1566
-1537
-1555
-1573
-1430
-1277
-1211
-1199
-1150
-1089
-994
-999
-1056
-1050
-941
-755
-630
-631
-643
-704
-638
-614
-731
-792
-780
-818
-847
-827
-732
-615
-549
-492
-553
-614
-671
-814
-819
-666
-634
-625
-530
-469
-455
-487
-503
-370
-184
-41
-7
118
261
299
156
-7
-29
66
90
151
171
83
12
-26
-114
-247
-342
-437
-538
-421
-268
-173
-85
-3
23
94
139
107
145
240
269
307
302
347
400
267
166
227
247
186
168
107
19
1
-94
-211
-216
-254
-292
-282
-343
-496
-520
-444
-327
-194
-137
-20
123
164
55
-33
-94
-143
-148
-157
-228
-273
-305
-448
-557
-645
-711
-654
-634
-660
-589
-507
-595
-661
-573
-574
-669
-624
-662
-787
-721
-719
-785
-668
-634
-618
-565
-524
-448
-274
-192
-131
2
78
81
49
-8
-40
-33
-150
-283
-344
-487
-685
-786
-874
-923
-921
-926
-960
-1042
-1130
-1187
-1236
-1318
-1389
-1434
-1396
-1314
-1309
-1315
-1397
-1485
-1551
-1612
-1661
-1544
-1411
-1237
-1104
-1075
-1055
-1006
-940
-839
-751
-767
-672
-601
-600
-578
-679
-645
-569
-481
-356
-318
-273
-255
-237
-142
-176
-158
-87
-46
-17
-22
35
44
60
161
199
211
208
217
305
331
334
358
475
638
650
624
583
574
623
574
594
533
472
488
526
488
406
447
471
414
313
196
220
273
268
270
217
156
217
146
120
108
47
57
-9
11
93
36
30
25
-16
-87
-136
-142
-110
-151
-222
-238
-218
-152
-118
-138
-209
-250
-197
-185
-190
-216
-269
-224
-153
-159
-164
-221
-303
-352
-418
-416
-428
-499
-533
-571
-632
-614
-561
-520
-494
-516
-455
-312
-286
-304
-421
-497
-436
-348
-277
-168
-115
-44
-6
-12
-53
-106
-188
-154
-93
-92
-121
-137
-203
-252
-313
-345
-354
-395
-417
-391
-309
-285
-297
-263
-262
-323
-389
-438
-462
-507
-595
-652
-664
-644
-583
-526
-417
-308
-165
-40
-20
4
-10
-92
-133
-242
-337
-432
-514
-498
-518
-550
-621
-738
-762
-761
-716
-690
-710
-703
-705
-830
-955
-979
-846
-758
-657
-586
-548
-385
-290
-278
-281
-290
-233
-230
-318
-336
-354
-380
-370
-375
-441
-370
-309
-233
-157
-183
-244
-273
-289
-350
-451
-512
-538
-493
-546
-679
-720
-749
-815
-781
-780
-727
-584
-483
-388
-322
-323
-285
-273
-334
-400
-488
-495
-352
-219
-21
96
58
-59
-108
-196
-267
-258
-268
-230
-192
-131
-36
17
88
22
-49
-39
-49
-23
-28
-16
79
124
112
124
112
115
66
-59
-112
-200
-325
-396
-521
-609
-685
-767
-781
-747
-752
-740
-737
-753
-715
-689
-692
-668
-661
-675
-622
-546
-501
-440
-411
-389
-344
-347
-376
-373
-372
-315
-299
-281
-199
-215
-193
-122
-127
-66
-9
32
52
-24
-125
-201
-310
-371
-389
-398
-378
-321
-359
-420
-442
-418
-430
-427
-393
-352
-307
-295
-292
-349
-337
-305
-291
-225
-154
-59
104
175
146
112
36
-30
-48
-60
-177
-259
-237
-196
-176
-293
-388
-343
-309
-291
-293
-309
-297
-287
-336
-393
-488
-526
-516
-530
-525
-468
-488
-529
-590
-666
-654
-663
-708
-682
-716
-748
-660
-603
-612
-700
-809
-870
-888
-910
-904
-898
-810
-685
-576
-602
-651
-653
-677
-753
-775
-776
-750
-701
-702
-743
-781
-783
-734
-663
-651
-580
-504
-459
-421
-339
-346
-407
-436
-433
-504
-575
-553
-539
-473
-385
-340
-428
-614
-757
-810
-790
-802
-834
-808
-732
-710
-734
-822
-823
-706
-563
-506
-405
-329
-284
-243
-245
-290
-391
-448
-514
-639
-782
-811
-745
-736
-781
-857
-891
-838
-789
-728
-708
-742
-787
-821
-916
-942
-954
-988
-968
-843
-742
-716
-696
-571
-446
-329
-253
-144
-68
-34
-72
-98
-66
-76
-117
-199
-294
-306
-218
-177
-176
-138
-106
-77
24
58
-67
-184
-160
-131
-202
-273
-299
-270
-336
-593
-736
-774
-745
-725
-757
-818
-747
-652
-599
-579
-588
-570
-548
-549
-650
-691
-638
-664
-717
-712
-674
-665
-710
-798
-951
-1046
-1064
-1030
-897
-821
-755
-622
-489
-372
-271
-176
-131
-102
-108
-153
-206
-224
-163
-81
-86
-181
-334
-532
-706
-788
-864
-997
-1150
-1207
-1154
-1078
-1092
-1141
-1167
-1176
-1196
-1267
-1316
-1271
-1200
-1147
-1094
-999
-975
-951
-869
-849
-848
-760
-678
-692
-724
-692
-631
-617
-643
-681
-703
-627
-441
-278
-183
-163
-185
-223
-261
-343
-460
-486
-460
-415
-333
-280
-309
-350
-407
-489
-489
-451
-394
-345
-386
-431
-417
-407
-400
-291
-209
-215
-247
-292
-318
-273
-275
-336
-431
-548
-630
-739
-864
-989
-1060
-1117
-1111
-1029
-947
-996
-1121
-1150
-1121
-1039
-978
-958
-917
-888
-876
-838
-833
-878
-879
-791
-674
-586
-515
-454
-434
-412
-438
-533
-562
-557
-645
-631
-536
-393
-136
38
-50
-224
-277
-245
-169
-36
-18
-100
-51
58
134
191
211
264
302
214
89
-64
-238
-291
-203
-60
-86
-124
-110
-78
-98
-69
2
119
252
255
69
-84
-110
-1
152
269
318
406
477
472
456
432
307
212
141
-2
-145
-288
-413
-368
-280
-280
-275
-237
-390
-553
-519
-410
-285
-122
-84
-108
-102
-163
-172
-123
-161
-195
-166
-117
-91
-179
-312
-429
-524
-553
-465
-356
-350
-328
-203
-40
134
179
182
368
542
568
515
427
345
342
301
168
25
-51
-77
-138
-183
-217
-191
-150
-166
-182
-204
-233
-267
-233
-90
-37
-32
-61
-170
-236
-160
-146
-148
-214
-331
-419
-419
-353
-379
-385
-347
-404
-424
-412
-412
-453
-502
-495
-424
-323
-299
-375
-441
-558
-683
-642
-541
-536
-487
-596
-794
-927
-939
-961
-860
-735
-694
-660
-551
-550
-574
-529
-434
-333
-135
-18
58
111
137
49
-12
20
8
13
-44
-97
-102
-31
-164
-438
-624
-741
-858
-907
-909
-909
-868
-751
-680
-658
-576
-443
-377
-332
-333
-442
-474
-429
-397
-363
-349
-344
-415
-540
-601
-662
-700
-647
-627
-611
-605
-629
-700
-714
-661
-552
-389
-191
-48
-3
68
163
264
274
315
324
223
211
320
311
186
-40
-351
-643
-709
-621
-533
-499
-501
-527
-561
-627
-574
-431
-365
-304
-278
-273
-307
-424
-577
-686
-654
-601
-563
-651
-849
-1061
-1214
-1323
-1332
-1310
-1253
-1258
-1170
-1007
-973
-897
-711
-525
-424
-299
-198
-227
-261
-258
-280
-341
-363
-334
-451
-576
-590
-831
-1162
-1279
-1191
-1090
-937
-763
-654
-588
-559
-585
-591
-482
-329
-276
-252
-243
-240
-202
-153
-155
-177
-209
-310
-376
-382
-376
-319
-380
-672
-946
-1003
-850
-687
-544
-468
-380
-292
-175
-32
-6
-35
-80
-175
-241
-180
-92
-16
-159
-584
-858
-805
-579
-470
-399
-225
-130
-135
-211
-397
-530
-498
-365
-222
-177
-259
-368
-434
-458
-397
-368
-367
-373
-335
-274
-331
-332
-398
-414
-388
-364
-507
-781
-788
-602
-404
-303
-186
-77
-1
48
28
-21
-9
73
236
379
420
375
330
235
9
-79
3
166
291
117
-336
-534
-468
-367
-266
-141
33
176
293
319
281
282
311
382
477
602
507
215
72
90
70
41
70
80
19
-57
-128
-125
-30
19
-10
-44
-110
-136
-95
-104
-101
-48
-57
-12
-30
-405
-804
-870
-852
-764
-742
-830
-896
-884
-850
-855
-779
-718
-657
-569
-493
-368
-286
-257
-295
-356
-481
-679
-750
-851
-908
-892
-863
-875
-873
-939
-980
-973
-935
-840
-769
-660
-535
-453
-443
-405
-344
-132
125
213
80
-29
-82
-280
-292
-221
-259
-304
-284
-294
-447
-704
-902
-886
-700
-474
-288
-200
-83
-30
-75
-184
-241
-238
-237
-223
-166
-41
-39
27
93
52
-101
-254
-349
-431
-451
-439
-390
-366
-321
-178
-15
94
176
252
242
89
-286
-597
-750
-838
-845
-774
-754
-678
-535
-402
-249
-106
27
144
220
296
255
69
-330
-604
-737
-786
-874
-999
-1197
-1383
-1383
-1220
-1077
-952
-789
-646
-585
-503
-421
-339
-325
-316
-240
-256
-409
-562
-760
-972
-1067
-1155
-1298
-1308
-1199
-1138
-1043
-910
-712
-438
-264
-182
-144
-185
-205
-234
-260
-234
-177
-116
-104
-205
-446
-672
-704
-506
-232
-99
99
524
977
920
222
-617
-1130
-1461
-1404
-1347
-1276
-1035
-778
-615
-562
-521
-420
-325
-284
-302
-397
-492
-416
-315
-337
-321
-370
-471
-370
-325
-349
-383
-392
-351
-218
-32
85
194
311
349
367
347
246
158
87
-46
-258
-421
-482
-458
-295
-162
-86
-157
-383
-595
-748
-857
-866
-800
-729
-576
-433
-351
-302
-264
-176
-2
20
-123
-434
-765
-841
-724
-591
-542
-454
-486
-531
-430
-277
-160
-184
-218
-177
-120
-118
-261
-414
-577
-775
-832
-810
-851
-1037
-1294
-1320
-1279
-1432
-1706
-1839
-1738
-1575
-1422
-1369
-1364
-1335
-1226
-1101
-1030
-985
-936
-835
-726
-563
-525
-578
-584
-555
-412
-214
-81
7
108
294
506
582
408
77
-197
-168
-171
-114
-5
158
332
449
502
578
649
750
821
623
312
429
478
280
68
-263
-426
-293
-585
-842
-895
-621
-423
-225
-92
-10
39
100
209
342
443
465
566
729
915
968
939
930
920
863
863
889
923
947
976
1033
1142
1230
1279
1267
1287
1265
1318
1400
1445
1459
1414
1365
1316
1130
819
508
155
-119
-360
-601
-744
-643
-386
-188
-112
-237
-332
-385
-434
-425
-409
-421
-435
-560
-734
-775
-549
-174
-57
-210
-281
-293
-294
-199
-13
173
274
383
444
493
569
598
603
637
678
700
701
719
703
741
790
878
1152
1577
1888
1755
1356
517
-28
29
3
-171
-169
-257
-514
-726
-924
-1087
-1099
-1050
-809
-635
-461
-490
-476
-492
-553
-515
-603
-532
-379
-216
-4
182
356
417
499
600
682
716
736
754
744
703
650
618
589
540
502
484
502
445
344
283
267
241
203
146
114
126
117
88
43
-14
-80
-354
-779
-1090
-892
0
949
1112
-1111
-3080
-3189
-2836
-2579
-2204
-1691
-1146
-664
-311
-85
-56
-132
-285
-351
-408
-442
-299
12
269
412
575
832
848
473
162
-24
47
221
395
512
583
726
900
1112
1286
1374
1383
1373
1385
1356
1330
1348
1386
1452
1364
1315
1172
915
604
251
-148
-422
-210
272
725
842
847
334
-805
-1461
-1390
-1257
-1148
-936
-695
-483
-271
-218
-263
-279
-250
-174
-136
-137
-66
-32
17
55
81
113
129
134
172
198
247
313
295
304
342
380
418
425
447
542
643
696
762
776
800
838
904
1005
1039
1053
1124
1195
1244
1238
1156
1099
1252
1164
833
-116
-2339
-3347
-3356
-3247
-3073
-2762
-2280
-1969
-1677
-1451
-1334
-1252
-1281
-1467
-1641
-1736
-1789
-1769
-1674
-1598
-1557
-1486
-1433
-1367
-1266
-1092
-906
-753
-610
-457
-271
-128
5
93
131
157
162
178
158
63
-25
-66
-54
-61
-95
-93
-79
-155
-381
-756
-1048
-1173
-1347
-1442
-1131
-342
111
-587
-2440
-3727
-3711
-3380
-2981
-2582
-2207
-1808
-1383
-958
-605
-331
-145
8
-41
-158
-399
-562
-679
-681
-680
-658
-692
-710
-705
-746
-799
-777
-624
-383
-171
-18
115
268
442
585
651
689
765
831
913
935
934
950
897
809
727
553
178
-275
-650
-721
-874
-779
-266
476
674
-115
-1660
-2552
-2464
-2290
-2104
-1878
-1652
-1395
-1121
-909
-735
-653
-627
-722
-934
-1146
-1320
-1437
-1399
-1373
-1418
-1432
-1473
-1464
-1355
-1169
-971
-785
-511
-270
-127
16
159
276
329
307
275
246
208
224
219
162
9
-265
-576
-833
-1074
-1300
-1280
-969
-180
892
1245
-608
-3274
-3930
-3673
-3447
-3155
-2863
-2464
-2039
-1640
-1287
-956
-645
-371
-208
-120
-25
76
219
248
85
-340
-920
-1295
-1493
-1559
-1347
-1135
-710
182
607
474
-894
-2033
-1932
-1450
-1075
-801
-627
-526
-481
-557
-645
-886
-1285
-1638
-2013
-1984
-1585
-929
-37
705
507
-282
-980
-1105
-907
-774
-641
-498
-335
-161
13
79
155
155
121
60
-22
-131
-284
-437
-498
-559
-577
-551
-498
-445
-328
-116
47
148
281
406
507
560
586
588
641
679
732
718
680
609
643
649
710
798
665
373
62
-249
-523
-834
-777
-446
171
624
249
-1038
-2782
-3264
-3176
-2919
-2608
-2277
-1985
-1711
-1499
-1346
-1308
-1403
-1589
-1752
-1915
-2032
-2066
-1933
-1770
-1627
-1647
-1650
-1628
-1571
-1297
-966
-754
-580
-354
-97
129
246
347
442
437
449
383
345
257
114
38
52
-73
-526
-925
-1217
-1262
-1395
-1669
-1701
-1084
-76
255
-694
-2786
-4073
-4404
-4218
-3907
-3482
-3000
-2518
-2065
-1612
-1213
-860
-549
-396
-222
-89
28
104
130
-33
-344
-719
-1011
-1035
-997
-686
-648
-905
-923
-870
-870
-794
-568
-425
-251
-118
-1
-62
-179
-342
-540
-814
-1055
-1408
-1649
-1611
-1186
-347
725
813
-136
-2105
-2944
-2903
-2677
-2366
-1913
-1400
-975
-701
-348
-37
126
243
217
116
113
166
200
301
303
364
452
528
514
473
478
504
530
575
537
542
587
669
722
710
672
638
652
666
707
713
725
834
977
1094
1084
792
535
204
-149
-574
-640
-309
116
733
632
-66
-1277
-1894
-1806
-1532
-1240
-983
-771
-646
-662
-591
-596
-739
-827
-928
-952
-993
-922
-821
-647
-504
-395
-313
-268
-290
-181
-56
77
220
329
430
479
550
611
699
623
411
119
-138
-469
-780
-1054
-1217
-1208
-967
-614
-261
-190
-482
-1224
-2116
-2357
-2398
-2310
-2124
-1832
-1479
-1126
-852
-595
-513
-460
-389
-177
64
19
-255
-529
-755
-941
-1036
-948
-839
-757
-681
-610
-398
-273
-235
-306
-423
-556
-605
-658
-570
-461
-344
-227
-41
30
25
-16
-77
-91
-75
-41
-9
203
602
1027
1076
378
-571
-3237
-4245
-4019
-3537
-3412
-3120
-2667
-2154
-1729
-1376
-1135
-909
-711
-437
-211
46
258
359
234
-248
-793
-1275
-1174
-661
81
412
13
-776
-1565
-1918
-1817
-1486
-1245
-953
-779
-538
-437
-304
-209
-285
-323
-262
-213
-189
-132
-44
99
297
523
611
616
587
582
581
563
492
404
430
506
518
538
626
735
852
909
933
945
990
992
982
900
851
785
728
657
608
574
525
493
581
569
487
467
391
134
-197
-1408
-2300
-2998
-2982
-2690
-2208
-1726
-1301
-1127
-1122
-1127
-1093
-1142
-1368
-1531
-1529
-1317
-1119
-933
-923
-870
-927
-845
-744
-611
-468
-343
-242
-147
-125
-149
-131
-102
-70
-76
-108
-82
6
77
122
183
259
368
485
580
637
686
787
816
848
864
925
926
942
935
894
785
652
603
542
330
144
-42
-216
-402
-341
-30
8
-417
-1556
-2069
-1960
-1797
-1556
-1330
-1056
-830
-632
-458
-341
-394
-396
-478
-464
-473
-447
-471
-466
-523
-576
-671
-780
-868
-921
-883
-857
-845
-736
-583
-466
-390
-345
-182
59
245
362
330
229
168
80
81
43
17
88
149
78
40
39
-6
-139
-234
-283
-575
-1057
-1368
-1580
-1471
-1532
-1730
-1775
-1699
-1628
-1599
-1538
-1429
-1255
-1112
-1030
-856
-682
-616
-640
-693
-690
-645
-633
-576
-542
-441
-332
-199
-66
-17
1
-4
28
104
145
129
182
220
281
290
324
348
334
312
195
21
-11
-174
-549
-974
-1285
-1295
-1054
-743
-230
223
-152
-1697
-2984
-3497
-3448
-3156
-2674
-2094
-1612
-1187
-812
-520
-294
-161
-44
-32
-6
32
35
80
-21
-247
-622
-997
-1350
-1438
-1377
-1024
-649
-737
-963
-1116
-1233
-1386
-1519
-1601
-1650
-1907
-1960
-1911
-1816
-1559
-1347
-1318
-1324
-1290
-1147
-961
-860
-674
-541
-315
-117
0
57
174
203
285
386
427
459
465
404
295
234
202
136
91
105
187
219
264
188
164
158
-28
-381
-834
-1126
-1088
-831
-432
185
667
336
-1118
-2405
-2736
-2603
-2311
-1912
-1487
-1034
-635
-378
-137
-42
-28
25
113
246
347
490
599
752
834
816
542
29
-713
-1226
-1279
-1197
-1109
-923
-725
-484
-59
366
540
452
160
-420
-1000
-1292
-1333
-1421
-1304
-1141
-884
-573
-316
-234
-367
-338
-221
-201
-198
-323
-341
-198
-73
3
64
121
187
187
153
92
-3
-156
-213
-229
-392
-509
-480
-398
-310
-292
-274
-186
-148
-95
-34
32
108
217
288
293
315
274
240
191
167
66
-67
-155
-341
-740
-914
-751
-171
668
979
362
-1006
-1704
-1738
-1540
-1299
-1007
-676
-277
76
239
310
363
372
323
318
321
416
482
583
628
677
639
590
473
330
221
192
180
209
214
219
237
196
120
-33
-150
-324
-457
-600
-786
-1097
-1522
-2004
-2315
-2214
-1815
-1390
-1015
-789
-1015
-1390
-1765
-1670
-1507
-1281
-1069
-795
-538
-413
-304
-222
-161
-18
-16
-30
-56
-113
-118
-219
-344
-382
-416
-448
-395
-377
-401
-377
-306
-173
-48
105
230
355
508
590
699
873
1026
1143
1142
1183
1249
1258
1290
1252
1290
1285
1197
1088
955
624
367
272
86
-171
-428
-702
-1127
-1172
-880
-639
-427
-229
-134
-1
70
158
192
221
205
173
132
103
129
135
125
-8
-90
-99
-93
-102
-120
-98
-60
35
106
177
230
204
224
273
406
472
525
626
769
878
944
935
926
838
729
576
390
237
112
134
129
-45
-376
-729
-882
-656
-364
-231
-182
-283
-288
4
315
589
801
877
978
990
1004
933
915
870
809
812
792
716
583
549
515
499
438
397
363
314
248
253
255
388
476
502
603
644
726
758
840
889
867
838
806
745
704
628
590
437
263
65
-147
-458
-940
-1393
-1746
-1717
-1425
-1199
-1082
-1029
-1063
-1089
-946
-654
-362
-70
55
116
128
90
41
3
-35
-42
-4
28
34
-19
-60
-161
-162
-211
-182
-137
-49
76
177
302
384
441
434
487
449
275
18
-239
-273
-322
-322
-189
-284
-615
-990
-1035
-823
-341
84
358
195
-230
-605
-879
-754
-497
-166
287
640
951
1114
1239
1340
1335
1210
1176
1142
1054
1020
967
872
747
638
537
404
279
208
174
154
66
21
-32
-33
-74
-150
-275
-449
-780
-1262
-1715
-2007
-2150
-1987
-1634
-1181
-806
-847
-1045
-1590
-1831
-1749
-1523
-1098
-824
-550
-258
-149
-108
35
96
58
74
135
164
213
142
54
1
-152
-277
-338
-347
-388
-408
-442
-495
-486
-527
-522
-519
-485
-546
-663
-920
-1212
-1504
-1647
-1602
-1663
-1889
-2264
-2276
-2050
-1568
-1086
-661
-449
-423
-635
-723
-780
-814
-689
-491
-293
-140
-58
-34
-27
-13
58
64
69
83
178
200
234
222
127
139
221
176
131
74
25
-24
58
129
178
107
46
-71
-496
-949
-1280
-1537
-1638
-1485
-1228
-917
-542
-489
-888
-1313
-1712
-1630
-1255
-856
-525
-214
185
411
609
752
818
817
779
636
575
601
589
601
556
530
464
462
428
379
278
153
-10
-51
-51
-27
11
112
55
-276
-651
-1004
-1230
-1331
-1297
-1040
-766
-455
-243
-368
-660
-846
-1157
-1245
-1128
-930
-599
-358
-47
179
377
563
577
599
575
530
477
352
332
271
162
117
-57
-210
-281
-310
-351
-468
-506
-540
-589
-518
-447
-529
-654
-817
-1170
-1501
-1727
-1753
-1692
-1418
-936
-605
-379
-488
-819
-1244
-1518
-1513
-1396
-1155
-844
-513
-202
-16
117
122
96
95
42
-67
-143
-260
-301
-301
-296
-290
-276
-279
-230
-208
-142
-25
92
235
269
307
356
368
259
198
81
-93
-256
-409
-321
-276
-533
-1078
-1623
-1766
-1554
-1201
-776
-465
-404
-355
-472
-567
-628
-666
-578
-483
-438
-439
-484
-522
-579
-704
-829
-886
-931
-1040
-1111
-1082
-1016
-1025
-980
-954
-801
-730
-577
-548
-495
-413
-280
-192
-67
76
177
286
429
495
513
460
517
555
621
576
494
406
394
241
-158
-533
-864
-1377
-1776
-2432
-2503
-1990
-1041
-149
304
490
551
684
925
1111
1125
1107
1129
1182
1227
1186
1091
982
894
833
680
517
331
188
122
93
75
43
-45
-98
-139
-192
-237
-253
-233
-294
-291
-253
-235
-292
-425
-542
-799
-1011
-1342
-1795
-2451
-2850
-2741
-2388
-1771
-1154
-641
-242
15
60
-93
-202
-303
-420
-440
-528
-629
-638
-562
-501
-430
-313
-212
-111
-45
37
119
214
280
309
309
280
329
395
440
497
519
585
710
798
822
808
830
818
655
469
195
-97
-260
-413
-744
-1001
-1118
-1023
-898
-724
-107
682
1262
1488
1456
1390
1273
1120
1094
1065
970
869
760
659
564
431
314
248
177
182
116
28
-97
-192
-241
-358
-453
-462
-480
-492
-463
-402
-357
-256
-168
-107
-129
-190
-243
-368
-566
-632
-544
-677
-1030
-1455
-1543
-1118
-605
-123
302
576
750
875
857
843
761
700
686
795
813
808
806
740
645
557
462
367
279
234
71
-82
-170
-152
-128
-144
-170
-154
-83
-67
-33
-45
-52
49
131
219
216
304
326
244
135
-91
-303
-477
-852
-1183
-1424
-1533
-1380
-1106
-731
-278
-66
77
76
-122
-396
-462
-345
-119
34
159
216
204
213
104
3
-106
-140
-142
-122
-119
-190
-256
-351
-484
-572
-673
-774
-875
-846
-824
-753
-750
-705
-660
-636
-570
-494
-456
-440
-446
-430
-450
-538
-736
-1111
-1593
-1968
-2225
-2201
-1944
-1591
-1280
-1039
-922
-877
-714
-561
-349
-151
90
199
265
341
292
268
215
197
168
127
66
0
-29
-74
-100
-88
-93
-138
-179
-228
-242
-256
-344
-366
-354
-352
-326
-201
-148
-72
-63
-51
-112
-183
-240
-335
-468
-843
-1325
-1750
-1838
-1546
-1093
-611
-98
301
513
711
709
566
465
412
311
216
73
-15
-31
-102
-131
-136
-237
-313
-414
-523
-697
-675
-641
-643
-641
-596
-530
-496
-572
-601
-592
-680
-789
-799
-779
-832
-1044
-1301
-1612
-1729
-1653
-1714
-2045
-2231
-1957
-1412
-756
-58
273
349
196
43
-110
-198
-264
-417
-499
-575
-450
-307
-236
-160
-99
-96
-43
-29
-3
63
124
212
265
353
391
432
477
530
525
484
367
272
-20
-277
-420
-1118
-2010
-2555
-2698
-2512
-2459
-2371
-2159
-1579
-740
-42
383
385
332
223
60
-103
-301
-499
-652
-709
-664
-588
-547
-629
-674
-783
-765
-683
-689
-601
-492
-391
-309
-293
-277
-326
-344
-318
-371
-437
-419
-358
-225
-191
-177
-206
-392
-578
-889
-1181
-1422
-1547
-1629
-1298
-967
-514
-32
421
662
703
744
770
784
782
706
520
387
385
260
172
131
74
52
109
141
109
150
221
292
318
306
235
164
47
-19
-114
-209
-266
-315
-353
-385
-394
-410
-519
-705
-1016
-1415
-1840
-2097
-2075
-1877
-1724
-1591
-1334
-935
-279
266
691
865
998
1080
1098
1022
1006
930
797
680
537
412
295
246
214
143
140
181
213
227
259
330
455
580
646
639
613
651
585
547
476
473
391
228
75
-68
-144
-356
-519
-745
-1144
-1342
-1475
-1557
-1743
-1917
-1764
-1433
-735
-382
43
335
498
574
590
581
571
476
375
149
-92
-235
-323
-440
-474
-436
-434
-358
-215
-149
-32
-10
-5
-138
-255
-350
-725
-982
-1135
-1184
-1189
-1180
-1281
-1406
-1559
-1450
-1158
-783
-472
-97
234
377
391
296
179
172
77
-76
-262
-436
-512
-637
-708
-728
-667
-633
-609
-564
-463
-330
-248
-243
-118
-123
-41
41
129
178
254
307
287
186
91
3
-308
-964
-1581
-1873
-1839
-1940
-2152
-2261
-1862
-1206
-550
-68
263
594
925
1151
1304
1342
1281
1205
1031
819
666
425
168
15
-118
-243
-325
-386
-348
-338
-387
-405
-421
-470
-461
-477
-451
-350
-225
-27
147
321
397
407
452
407
-173
-790
-988
-863
-818
-1044
-1318
-1284
-771
-191
291
666
852
961
900
783
620
289
-3
-136
-310
-411
-499
-487
-513
-475
-434
-416
-299
-228
-223
-264
-298
-274
-198
-132
-66
-80
-39
-40
-34
-105
-166
-364
-789
-1242
-1516
-1847
-2059
-2073
-1985
-2017
-2066
-1995
-1769
-1287
-976
-833
-804
-788
-826
-951
-1022
-1234
-1491
-1717
-1880
-2078
-2252
-2334
-2391
-2440
-2469
-2518
-2461
-2452
-2399
-2354
-2266
-2190
-2081
-1972
-1952
-2005
-2106
-2215
-2340
-2473
-2647
-2723
-2749
-2759
-2788
-2826
-2935
-2984
-3147
-3404
-3661
-3620
-3309
-2611
-1869
-1080
-806
-689
-503
-360
-365
-482
-599
-762
-871
-1014
-1123
-1113
-1133
-1151
-1119
-1099
-1089
-1023
-906
-805
-796
-708
-655
-664
-678
-590
-651
-784
-743
-677
-524
-250
7
124
71
0
-49
-120
-346
-558
-744
-744
-345
137
429
828
1026
1267
1441
1441
1365
1073
799
587
361
149
-25
-74
-115
-81
-71
30
125
207
324
373
434
608
696
784
713
679
546
580
697
850
1013
1047
965
927
911
840
666
480
268
-107
-620
-1133
-1286
-955
-442
11
410
596
705
754
803
732
569
343
-32
-273
-485
-697
-895
-1038
-1114
-1202
-1193
-1177
-1148
-1186
-1202
-1263
-1345
-1390
-1456
-1522
-1510
-1519
-1564
-1526
-1579
-1563
-1577
-1630
-1871
-2097
-2496
-2921
-3038
-2781
-2790
-2976
-2843
-2187
-1398
-742
-86
289
298
155
-176
-629
-921
-1095
-1204
-1159
-1077
-1020
-895
-863
-738
-722
-627
-551
-434
-271
-210
-93
-52
14
8
46
112
194
251
190
37
-126
-400
-1056
-1387
-1113
-901
-703
-462
20
419
645
607
421
223
-108
-382
-453
-427
-294
-212
-124
-29
157
383
595
712
807
873
939
938
877
851
775
851
848
854
801
872
921
914
826
750
649
567
355
-20
-502
-1082
-1535
-1698
-1861
-1408
-1009
-610
7
489
842
924
761
408
-74
-527
-902
-1194
-1380
-1566
-1699
-1781
-1803
-1771
-1745
-1696
-1670
-1632
-1658
-1729
-1824
-1919
-1919
-1976
-2071
-2204
-2305
-2438
-2664
-2876
-3229
-3742
-3983
-3652
-3139
-2764
-1975
-1186
-530
-131
81
55
-6
-139
-302
-465
-497
-452
-443
-488
-485
-475
-551
-533
-476
-381
-305
-152
-51
102
288
486
712
865
998
1018
957
904
771
689
594
541
488
443
488
464
509
533
527
609
734
822
825
870
941
1167
1408
1582
1487
1034
489
-56
-330
-483
-492
-367
-93
60
542
1240
1938
2594
3211
3542
3659
3621
3539
3247
2955
2644
2269
1894
1495
1221
964
790
578
435
394
408
313
150
25
-201
-427
-668
-880
-1092
-1255
-1289
-1223
-1247
-1473
-1685
-1926
-2279
-2859
-3116
-2890
-2345
-1765
-1023
-541
-166
75
80
54
-17
-78
-160
-186
-137
-115
-33
5
-48
-124
-277
-330
-320
-249
-173
-20
206
517
715
868
939
878
821
739
719
653
587
478
475
453
371
359
271
253
235
217
156
61
55
180
241
184
410
636
810
457
-285
-1124
-1780
-1978
-1966
-1674
-1249
-460
489
1381
2037
2436
2677
2730
2669
2457
2165
1683
1258
927
552
221
-132
-406
-647
-821
-1019
-1136
-1137
-1115
-1070
-999
-1033
-1142
-1191
-1334
-1435
-1552
-1532
-1423
-1445
-1619
-1793
-2019
-2501
-3118
-3235
-2943
-2490
-1792
-1247
-894
-653
-608
-751
-925
-1111
-1160
-1154
-1029
-866
-832
-794
-847
-881
-1055
-1121
-1209
-1285
-1160
-1035
-823
-625
-384
-186
-33
38
64
38
54
-12
0
-82
-153
-167
-238
-314
-257
-181
-355
-541
-852
-1641
-1882
-1571
-1196
-771
-115
465
840
834
781
761
575
450
412
565
763
961
1018
1021
933
808
691
517
472
329
268
42
-144
-277
-420
-508
-651
-814
-915
-947
-1013
-1035
-1088
-1097
-1092
-1089
-1088
-1112
-1098
-1093
-1122
-1217
-1274
-1399
-1524
-1698
-2073
-2862
-3315
-2962
-2382
-1765
-1109
-367
58
72
-23
-89
-442
-734
-897
-921
-812
-687
-621
-539
-542
-471
-614
-757
-852
-923
-897
-852
-751
-669
-698
-710
-792
-808
-817
-858
-953
-1062
-1205
-1300
-1259
-1291
-1357
-1325
-1341
-1436
-1710
-2063
-2516
-3258
-4207
-3832
-2760
-1688
-899
-60
520
794
780
756
623
498
300
88
98
60
234
432
575
676
698
653
596
495
386
285
263
120
-54
-228
-454
-640
-881
-1155
-1429
-1603
-1652
-1753
-1787
-1828
-1828
-1806
-1753
-1715
-1693
-1598
-1586
-1566
-1580
-1723
-1866
-2019
-2120
-2245
-2537
-3050
-3792
-3945
-3400
-2658
-1869
-1080
-338
144
269
220
95
-117
-205
-322
-269
-12
162
238
299
344
432
508
479
391
334
252
78
-39
-172
-335
-488
-589
-732
-833
-942
-971
-1020
-1091
-1152
-1186
-1154
-1263
-1594
-1886
-1854
-1372
-583
206
862
1287
1430
1321
1212
1049
896
655
579
661
794
957
1010
1081
986
833
680
517
319
202
28
-115
-278
-395
-548
-636
-731
-832
-870
-892
-860
-851
-810
-798
-816
-728
-748
-666
-590
-549
-511
-499
-616
-725
-858
-934
-1029
-1203
-1514
-2170
-2462
-1882
-1226
-528
261
1050
1563
1761
1708
1583
1450
1389
1418
1369
1355
1329
1220
1095
1019
918
912
846
817
741
736
635
472
246
-11
-364
-739
-1050
-1236
-1369
-1312
-1290
-1245
-1150
-1134
-1320
-1396
-1727
-2425
-2239
-1583
-966
-349
133
444
505
362
31
-112
-200
-363
-506
-507
-419
-374
-321
-307
-308
-409
-504
-702
-876
-985
-1080
-1205
-1300
-1349
-1431
-1425
-1359
-1327
-1261
-1204
-1249
-1281
-1330
-1362
-1415
-1516
-1521
-1553
-1635
-1667
-1653
-1671
-1788
-1808
-1809
-1850
-1926
-1971
-2516
-2969
-2313
-1474
-929
-90
490
1070
1469
1551
1583
1517
1343
1032
846
751
577
444
335
259
126
17
-54
-86
-57
-37
20
49
44
-51
-184
-255
-321
-422
-475
-524
-625
-678
-664
-593
-602
-573
-578
-544
-487
-521
-587
-648
-587
-530
-683
-895
-1058
-1603
-2148
-1874
-1176
-663
-238
215
697
895
1012
996
685
310
-43
-374
-548
-711
-874
-1048
-1322
-1596
-1837
-1954
-2049
-2075
-1950
-1825
-1627
-1429
-1296
-1208
-1201
-1250
-1288
-1354
-1420
-1449
-1467
-1350
-1225
-1137
-1149
-1258
-1569
-2022
-2421
-3119
-3180
-2288
-1216
-518
62
718
1071
1188
1093
1032
907
615
341
284
341
390
345
352
286
191
96
70
17
1
35
123
172
254
320
408
403
346
301
213
112
92
-17
-112
-255
-326
-340
-369
-403
-398
-376
-410
-405
-568
-731
-832
-826
-883
-1095
-1258
-1771
-2427
-2398
-1853
-1371
-791
-135
378
619
633
671
538
395
154
21
26
64
35
-108
-294
-468
-601
-710
-681
-605
-472
-286
-100
63
289
291
313
342
320
232
191
115
49
0
-53
-129
-182
-243
-172
-148
-301
-372
-296
-413
-514
-845
-1390
-1682
-1329
-930
-274
382
835
988
1121
1216
1428
1523
1561
1549
1483
1388
1339
1307
1109
835
594
396
279
203
40
-1
-83
-124
-42
-118
-77
-1
-62
-9
-134
-267
-362
-505
-648
-801
-902
-1019
-1064
-1113
-1230
-1416
-1602
-1711
-1695
-1646
-1799
-1916
-2142
-2798
-3223
-2798
-2253
-1597
-980
-435
-36
205
322
367
258
141
46
179
261
349
267
104
-59
-257
-352
-428
-516
-528
-452
-376
-300
-218
-335
-396
-472
-646
-903
-1129
-1238
-1371
-1442
-1442
-1452
-1518
-1893
-2134
-2616
-2842
-2003
-1111
-322
334
951
1304
1405
1193
995
797
654
593
710
819
822
840
841
788
731
643
518
484
367
258
95
0
-61
-122
-156
-111
-73
-35
36
131
197
314
390
408
453
441
365
316
361
393
405
458
448
382
281
24
-250
-279
-396
-559
-984
-1682
-2195
-1842
-950
58
1007
1749
2202
2428
2591
2575
2422
2297
2040
1828
1642
1509
1392
1229
1017
831
645
459
350
217
217
193
231
260
265
227
118
-7
-150
-461
-772
-958
-1091
-1192
-1176
-1119
-1093
-1061
-898
-765
-818
-832
-1124
-1322
-1011
-612
-130
383
782
1023
1197
1423
1489
1380
1217
1092
866
680
598
473
385
232
20
-113
-189
-265
-398
-507
-517
-588
-581
-619
-657
-648
-577
-532
-431
-397
-272
-190
-149
-178
-188
-198
-195
-240
-252
-284
-393
-579
-636
-645
-669
-751
-812
-1123
-1779
-1722
-1066
-486
-87
458
1038
1618
1949
2020
1822
1491
1116
805
593
407
306
120
-54
-266
-464
-662
-771
-896
-1029
-1100
-1078
-1040
-1097
-1168
-1250
-1367
-1608
-1794
-1980
-2029
-1972
-1890
-1781
-1595
-1397
-1415
-1790
-2121
-2496
-2510
-1618
-610
179
578
1003
1260
1257
1277
1410
1212
881
550
151
-75
-287
-579
-712
-845
-988
-1121
-1246
-1444
-1630
-1706
-1711
-1733
-1782
-1820
-1802
-1714
-1719
-1610
-1557
-1481
-1476
-1494
-1506
-1572
-1660
-1680
-1585
-1599
-1558
-1509
-1376
-1233
-1204
-1172
-1198
-1097
-996
-967
-891
-1089
-1127
-1580
-1872
-1419
-802
-289
224
841
1172
1625
1682
1456
1103
678
279
-52
-326
-583
-781
-1055
-1267
-1392
-1487
-1482
-1365
-1232
-1034
-848
-674
-549
-554
-583
-624
-648
-730
-779
-755
-679
-562
-467
-358
-305
-307
-321
-272
-163
-245
-398
-459
-1298
-1461
-916
-563
-289
22
42
283
495
648
616
430
267
81
-131
-232
-385
-559
-712
-794
-919
-1014
-1157
-1258
-1359
-1397
-1463
-1346
-1237
-1039
-765
-553
-420
-303
-221
-164
-217
-262
-363
-412
-483
-554
-588
-633
-621
-641
-617
-742
-722
-760
-703
-691
-800
-1057
-1243
-1788
-2368
-2259
-1679
-1197
-715
27
683
1300
1574
1748
1672
1361
1030
719
478
315
162
-79
-371
-628
-869
-1126
-1251
-1360
-1469
-1578
-1721
-1947
-2110
-2235
-2235
-2249
-2208
-2199
-2294
-2382
-2499
-2652
-3005
-3487
-3969
-4549
-4542
-3800
-2961
-2219
-1866
-1513
-1221
-1278
-1504
-1599
-1593
-1646
-1832
-1870
-1856
-1747
-1594
-1568
-1544
-1499
-1454
-1448
-1565
-1594
-1655
-1764
-1802
-1714
-1528
-1446
-1345
-1182
-1073
-940
-879
-845
-911
-1006
-1077
-1159
-1260
-1309
-1426
-1455
-1449
-1429
-1500
-1557
-1562
-1580
-1594
-1553
-1543
-1604
-1543
-1835
-2288
-2314
-2003
-1386
-547
402
982
1495
1752
1885
1917
1764
1663
1554
1530
1442
1244
1135
923
798
624
438
197
80
-94
-103
-185
-302
-334
-335
-278
-229
-180
-168
-142
-128
-189
-363
-472
-658
-821
-866
-942
-999
-846
-751
-914
-985
-1602
-1843
-1263
-646
-293
106
459
700
795
734
668
607
575
466
400
347
429
478
460
389
373
411
366
344
262
257
277
245
257
345
427
461
532
554
509
400
283
158
57
4
-84
-18
0
76
117
29
90
264
182
121
-254
-585
-411
-170
16
369
744
1075
1261
1260
1074
888
647
504
387
286
12
-151
-304
-615
-907
-1105
-1458
-1715
-1901
-2142
-2340
-2389
-2405
-2434
-2516
-2532
-2466
-2357
-2248
-2050
-1968
-1873
-1832
-1965
-2074
-2183
-2284
-2458
-2451
-2406
-2305
-2204
-2071
-1814
-1814
-2026
-2060
-2573
-2605
-1863
-1246
-1020
-645
-132
566
965
1031
878
604
205
-170
-481
-644
-701
-802
-911
-1036
-1118
-1243
-1325
-1345
-1284
-1167
-1014
-802
-649
-554
-380
-217
-146
-64
-15
46
141
190
272
274
340
352
350
289
223
194
141
112
237
227
161
206
182
-59
-757
-955
-2094
-2750
-2008
-1116
-691
-111
469
951
1114
1196
1158
866
441
167
-107
-250
-393
-454
-628
-737
-911
-1054
-1120
-1165
-1185
-1124
-1125
-1096
-1162
-1167
-1151
-1113
-1004
-887
-873
-812
-878
-849
-958
-1250
-1732
-2277
-2730
-2971
-2315
-1423
-806
-495
-394
-231
-5
287
461
449
263
-11
-285
-428
-591
-686
-692
-718
-756
-699
-661
-762
-794
-772
-817
-751
-765
-704
-551
-463
-368
-235
-126
-1
100
138
93
77
115
49
-52
-72
-81
-20
97
250
393
567
585
551
388
-229
-971
-1424
-2792
-2858
-2116
-1763
-1600
-1247
-794
-441
-346
-407
-468
-725
-937
-1100
-1263
-1489
-1614
-1757
-1858
-2070
-2171
-2216
-2333
-2355
-2364
-2311
-2289
-2251
-2249
-2229
-2274
-2369
-2502
-2611
-2797
-2898
-2969
-3195
-3227
-3401
-3483
-3471
-3437
-3434
-3396
-3497
-3415
-3290
-3195
-3740
-4285
-3705
-2813
-2331
-1786
-1044
-464
49
323
399
298
124
-150
-391
-603
-844
-987
-1069
-1186
-1303
-1348
-1457
-1523
-1594
-1643
-1688
-1647
-1586
-1615
-1676
-1650
-1549
-1363
-1210
-984
-710
-547
-430
-267
-218
-192
-39
235
492
593
468
-14
-496
-1076
-1501
-956
116
1255
1997
2577
2888
2941
2946
2962
2905
2664
2211
1594
896
198
-419
-1036
-1518
-1871
-2270
-2623
-3022
-3353
-3579
-3680
-3768
-3667
-3493
-3307
-3154
-3059
-3077
-3001
-2884
-2796
-2814
-2859
-3071
-3328
-3841
-4133
-3959
-3379
-2307
-1415
-798
-373
-187
-240
-532
-789
-1214
-1759
-2134
-2277
-2359
-2400
-2424
-2425
-2445
-2511
-2737
-2963
-3175
-3308
-3451
-3413
-3435
-3464
-3388
-3489
-3542
-3566
-3484
-3359
-3306
-3197
-3131
-3078
-2892
-2775
-2766
-2740
-2687
-2653
-2675
-2709
-2834
-3008
-3151
-3408
-3582
-3780
-4006
-4094
-4147
-4208
-4208
-4179
-4091
-4082
-4207
-4419
-4711
-4885
-5002
-5090
-5364
-4747
-3739
-2847
-2008
-1266
-649
-250
-149
-312
-687
-1267
-1780
-2006
-2218
-2430
-2687
-2928
-3154
-3366
-3467
-3576
-3592
-3590
-3473
-3340
-3335
-3430
-3483
-3438
-3458
-3417
-3364
-3413
-3419
-3421
-3296
-3084
-2967
-3020
-3277
-3759
-4000
-4545
-4856
-3848
-2956
-2411
-1898
-1242
-662
-209
190
402
373
175
-99
-311
-464
-463
-429
-217
-19
193
405
716
817
950
1113
1276
1502
1597
1565
1597
1646
1763
1896
2094
2195
2381
2469
2453
2352
2318
2106
2030
1929
1872
1755
1684
1567
1424
1315
1182
1106
963
854
729
437
-45
-743
-1532
-2112
-2657
-2855
-1214
427
1499
2391
3230
3928
4353
4506
4430
4189
3915
3717
3685
3522
3413
3288
3135
3002
2877
2859
2873
2930
2948
2903
2906
2886
2943
3031
3140
3197
3268
3242
3220
3087
2954
2768
2605
2510
2520
2438
2226
1934
1693
1644
1418
1301
756
-33
806
1755
2012
2343
2742
2968
3069
2993
2682
2307
1794
1341
1030
756
381
169
-57
-331
-572
-758
-921
-923
-857
-800
-712
-741
-874
-1048
-1136
-1185
-1090
-1045
-1116
-1134
-1033
-995
-878
-927
-1070
-1311
-1764
-2462
-3160
-3740
-4051
-3262
-2190
-1182
-526
-73
-24
150
424
495
492
329
-24
-316
-425
-501
-687
-758
-749
-648
-587
-558
-611
-625
-659
-704
-720
-587
-538
-375
-189
-15
159
292
326
367
366
305
260
313
401
587
720
906
1031
1156
1244
1387
1520
1577
1622
1656
1661
1528
1385
1187
812
114
-628
-1520
-2592
-2139
-47
2045
3117
3570
3862
4088
4091
3938
3697
3386
2987
2612
2400
2174
2021
1896
1787
1601
1484
1493
1340
1364
1440
1549
1735
1976
2109
2154
2148
2193
2148
2162
2162
2096
2039
1930
1842
1679
1546
1413
1227
802
146
-399
-1188
-1480
-824
-207
5
191
232
-79
-222
-127
-188
-362
-761
-1160
-1535
-1934
-2287
-2561
-2853
-3164
-3563
-3789
-3922
-4023
-4041
-4112
-4086
-4068
-4015
-3977
-3959
-3966
-3905
-3921
-3868
-3906
-3903
-3815
-3672
-3547
-3414
-3251
-3118
-2861
-2736
-2583
-2590
-2589
-2540
-2622
-2527
-2539
-2534
-2510
-2496
-2541
-2650
-2688
-2783
-3009
-3462
-4354
-4580
-3508
-2221
-1432
-887
-270
275
788
951
1000
962
874
881
840
820
754
759
758
697
602
549
547
613
642
759
884
1070
1282
1539
1751
3843
14524
15363
14881
14428
13915
13402
13071
12976
12985
13171
13482
13739
13777
13378
12370
12196
12985
13565
13791
14017
14170
14109
13852
13541
13059
12442
11825
11169
10552
10070
9617
9306
9032
8721
8390
8079
7881
7655
7502
7261
7049
6875
6689
6526
6393
6292
6251
6185
6103
6042
5816
5604
5312
5071
4760
4335
3882
3429
3004
2459
2034
1521
1190
737
-102
-844
-5
1282
2231
2973
3671
4096
4407
4681
4730
4728
4487
4275
4241
4067
3934
3791
3638
3529
3412
3317
3208
3113
3064
3052
3018
2893
2784
2667
2493
2307
2133
1935
1802
1528
1342
1130
944
781
638
505
331
214
97
-12
-121
-209
-334
-560
-661
-824
-1050
-1248
-1336
-1461
-1635
-1927
-2219
-2572
-2601
-3146
-2793
-1582
-793
-462
-221
90
401
599
600
562
321
80
-21
-130
-247
-335
-334
-387
-436
-518
-452
-411
-237
94
469
844
1155
1429
1582
1602
1599
1550
1364
1276
1123
1028
1033
1067
1192
1390
1456
1395
1138
656
143
-256
-548
241
1452
2739
3878
4886
5368
4969
4949
5280
5611
5712
5741
5812
5921
6054
6020
5877
5789
5771
5710
5593
5484
5321
5301
5219
5131
5006
4980
4935
4921
4872
4852
4847
4831
4811
4787
4787
4705
4687
4634
4622
4622
4581
4540
4569
4516
4450
4341
4327
4226
4221
4176
4154
4097
4071
4128
4052
4023
3989
3815
3774
3708
3626
3509
3400
3143
2630
1841
892
-180
-1467
-850
361
1433
2505
3716
4665
4996
4833
4434
4059
3767
3436
2983
2584
2185
1732
1307
996
704
430
244
3
-140
-228
-273
-291
-294
-395
-520
-761
-1092
-1333
-1644
-1936
-2148
-2281
-2467
-2759
-3184
-3801
-4346
-5002
-4549
-3262
-2051
-1159
-417
200
531
619
502
228
-171
-482
-723
-876
-1009
-1097
-1168
-1311
-1523
-1676
-1888
-1997
-2106
-2201
-2334
-2467
-2516
-2545
-2594
-2670
-2708
-2730
-2669
-2612
-2563
-2541
-2440
-2323
-2206
-2135
-2026
-1925
-1837
-1755
-1689
-1673
-1702
-1845
-1954
-2211
-2724
-3237
-3719
-4232
-4657
-5237
-5380
-4898
-3949
-2877
-1509
-222
850
1275
1272
1074
833
647
421
164
-128
-420
-677
-934
-1097
-1198
-1384
-1472
-1525
-1468
-1494
-1532
-1520
-1515
-1433
-1392
-1418
-1471
-1566
-1675
-1784
-1833
-1862
-2025
-2107
-2112
-2017
-1946
-1829
-1753
-1696
-1762
-2003
-2485
-3065
-3763
-3589
-2847
-2058
-1605
-1152
-799
-794
-1219
-1174
-976
-958
-1144
-1297
-1358
-1132
-946
-978
-1031
-1148
-1281
-1390
-1507
-1650
-1824
-1987
-2096
-2259
-2384
-2445
-2454
-2425
-2393
-2336
-2327
-2376
-2319
-2395
-2490
-2615
-2644
-2682
-2637
-2555
-2402
-2239
-2027
-1853
-1700
-1567
-1587
-1632
-1670
-1868
-2066
-2252
-2950
-3739
-4481
-5137
-5717
-5929
-5349
-4560
-3421
-2134
-847
-8
249
23
-203
-444
-630
-961
-1336
-1735
-2110
-2351
-2726
-3000
-3375
-3706
-3963
-4274
-4369
-4440
-4395
-4354
-4345
-4351
-4452
-4534
-4651
-4733
-4866
-4991
-5134
-5200
-5301
-5346
-5544
-5801
-6254
-6767
-7606
-8614
-8989
-8150
-6782
-5943
-5326
-4434
-3362
-2523
-2041
-1908
-1934
-2108
-2400
-2775
-3174
-3505
-3816
-3969
-4210
-4363
-4472
-4573
-4639
-4705
-4685
-4624
-4658
-4605
-4599
-4511
-4462
-4472
-4390
-4337
-4271
-4200
-4112
-3926
-3801
-3658
-3587
-3492
-3410
-3267
-3124
-3036
-2948
-2831
-2619
-2476
-2388
-2271
-2085
-1976
-1923
-1828
-1844
-1889
-1880
-1889
-1938
-1950
-2007
-2048
-2114
-2247
-2348
-2074
-2300
-2675
-3464
-4536
-5375
-6267
-6226
-5646
-5193
-4244
-3033
-1894
-1152
-535
-261
-293
-410
-684
-941
-1272
-1583
-1914
-2225
-2578
-2819
-2914
-3067
-3149
-3155
-3114
-3048
-2905
-2904
-2953
-3019
-3311
-3664
-4146
-4599
-5052
-5597
-5908
-6041
-6029
-5876
-5788
-5951
-5576
-4437
-3365
-2667
-2154
-2011
-1991
-1942
-2116
-2373
-2704
-2916
-3114
-3123
-3132
-3094
-3114
-3159
-3071
-2962
-2874
-2850
-2812
-2741
-2659
-2645
-2536
-2527
-2515
-2517
-2514
-2571
-2600
-2688
-2612
-2567
-2558
-2546
-2480
-2371
-2412
-2669
-3000
-3656
-4728
-5800
-6749
-7262
-6564
-5196
-3909
-2901
-1952
-1003
-386
-94
49
87
-66
-340
-739
-1192
-1433
-1619
-1631
-1680
-1781
-1810
-1778
-1839
-1790
-1657
-1612
-1459
-1358
-1132
-946
-829
-720
-654
-707
-778
-798
-864
-981
-1076
-1114
-1112
-1100
-1093
-1017
-941
-816
-828
-873
-855
-817
-756
-742
-747
-808
-869
-895
-842
-868
-969
-1167
-1393
-1746
-2326
-3024
-3355
-3612
-3737
-3949
-4302
-4273
-4164
-4082
-4191
-3838
-3221
-2523
-1631
-623
326
1218
1643
1714
1403
890
408
33
-392
-723
-1015
-1289
-1563
-1761
-1935
-2001
-1884
-1672
-1415
-1229
-1031
-790
-549
-386
-406
-580
-854
-1229
-1604
-1979
-2354
-2729
-3021
-3332
-3643
-4018
-4563
-5180
-6019
-7158
-8369
-8440
-7072
-5785
-4996
-4207
-3509
-2811
-2298
-1873
-1632
-1648
-1705
-1758
-1736
-1660
-1662
-1671
-1662
-1574
-1498
-1574
-1600
-1491
-1409
-1431
-1413
-1375
-1309
-1227
-1118
-1052
-899
-842
-754
-678
-607
-525
-480
-496
-497
-585
-783
-946
-1071
-1159
-1357
-1555
-1767
-2142
-2759
-3970
-5424
-5777
-4828
-3617
-2725
-2027
-1238
-399
83
375
728
785
690
527
353
167
-90
-264
-427
-515
-560
-550
-468
-305
-252
-290
-296
-264
-263
-168
-111
-2
141
353
419
536
679
865
998
1151
1192
1135
1192
1147
1169
1124
1023
974
936
931
860
751
680
579
534
446
337
220
77
-254
-707
-1189
-1887
-2543
-2800
-2543
-1926
-1309
-653
-108
184
241
286
439
394
220
8
-284
-541
-658
-801
-1027
-1109
-1162
-1136
-1124
-938
-764
-578
-517
-343
-131
81
480
2224
2966
3391
3766
4191
4736
5392
6009
5971
5618
5243
4818
4336
3756
2864
1725
586
104
361
786
1442
2281
3289
3869
3986
3877
3452
3211
3162
3238
3243
3325
3293
3232
3214
3148
3134
3105
3023
2941
2961
3018
3052
2999
2961
2999
3052
3250
3603
3934
4245
4576
4868
5080
5189
5182
5125
4962
4837
4788
4810
5121
5666
5840
5949
6006
9401
11370
11158
10884
10839
11013
11287
11598
11973
12372
12664
12905
13131
13248
13277
13293
13255
13173
12932
12276
11384
10642
9803
8964
8451
8477
8902
9794
10933
11941
12639
13121
13395
13357
13171
12746
12129
11512
10770
10153
9455
8838
8325
7780
7327
6928
6617
6376
6065
5824
5493
5182
4984
4772
4639
4441
4267
4179
4026
3901
3703
3491
3138
2785
2386
1904
1505
1130
799
488
262
-49
-402
-947
-1300
-1224
-742
97
1169
1867
2412
2598
2199
1360
780
617
585
544
411
248
22
-121
-203
-346
-441
-494
-603
-736
-670
-702
-724
-629
-431
-157
55
267
441
550
599
575
543
544
495
407
378
277
168
51
-82
-131
-294
-492
-891
-1471
-2260
-3152
-3577
-3476
-3023
-2541
-1752
-913
-368
-194
-525
-856
-957
-1110
-1053
-987
-973
-1126
-1175
-1361
-1449
-1566
-1600
-1512
-1463
-1406
-1281
-1252
-1309
-1331
-1369
-1486
-1629
-1730
-1855
-1850
-1926
-2069
-2194
-2337
-2432
-2477
-2594
-2806
-3047
-3304
-3679
-3990
-4301
-4499
-4404
-4029
-3190
-2298
-1556
-1074
-848
-991
-1504
-1986
-2361
-3103
-3204
-2963
-2632
-2301
-2060
-1897
-1836
-1693
-1592
-1439
-1344
-1256
-1258
-1248
-1268
-1284
-1427
-1552
-1677
-1810
-1892
-1937
-2062
-2163
-2296
-2397
-2550
-2566
-2637
-2657
-2714
-2721
-2797
-2781
-2797
-2802
-2773
-2656
-2709
-2735
-2742
-2676
-2610
-2569
-2503
-2465
-2443
-2467
-2568
-2621
-2612
-2617
-2595
-2617
-2593
-2587
-2599
-2652
-2713
-2745
-2733
-2695
-2748
-2703
-2735
-2933
-3264
-3639
-4152
-4850
-5592
-6431
-6976
-6905
-6679
-6304
-5296
-3842
-2388
-1101
-588
-535
-688
-999
-1310
-1522
-1708
-1965
-2177
-2389
-2663
-2904
-3145
-3419
-3730
-4004
-4230
-4442
-4567
-4616
-4613
-4689
-4601
-4654
-4736
-4797
-4731
-4598
-4372
-4247
-4372
-4558
-4869
-5567
-6516
-6941
-7029
-6772
-6319
-5866
-5384
-4642
-3944
-3687
-3758
-3778
-3796
-3867
-3943
-4076
-4193
-4227
-4166
-4134
-4085
-4156
-4232
-4191
-4074
-3965
-3960
-3960
-3961
-3967
-3951
-4017
-4066
-4191
-4292
-4368
-4594
-4925
-5300
-5845
-6587
-7204
-7603
-7178
-6339
-5390
-4382
-3433
-2691
-2338
-2256
-2497
-3153
-3578
-3703
-3477
-3185
-2973
-2787
-2662
-2450
-2209
-2011
-1929
-1868
-1780
-1719
-1757
-1789
-1952
-2077
-2210
-2335
-2319
-2293
-2244
-2119
-2099
-2123
-2172
-2281
-2272
-2298
-2272
-2163
-2000
-1918
-1869
-1812
-1711
-1629
-1534
-1477
-1406
-1311
-1250
-1149
-1137
-1028
-1006
-974
-908
-842
-808
-742
-641
-498
-437
-417
-410
-334
-346
-324
-263
-214
-157
69
194
93
-133
-390
-647
-735
-852
-928
-887
-805
-900
-1231
-1811
-2760
-3899
-4230
-3919
-3339
-2641
-1899
-1386
-1439
-1613
-1560
-1459
-1350
-1403
-1695
-1907
-2181
-2252
-2119
-2002
-1877
-1776
-1715
-1699
-1824
-1977
-2163
-2375
-2538
-2812
-3069
-3194
-3295
-3333
-3324
-3283
-3242
-3247
-3190
-3299
-3462
-3975
-4555
-5394
-6533
-7275
-7230
-6685
-6105
-5266
-4258
-3250
-2358
-1813
-1639
-1970
-2369
-2768
-2901
-2883
-3008
-2951
-2983
-3007
-3007
-3095
-3133
-3228
-3216
-3083
-2885
-2768
-2643
-2500
-2434
-2456
-2490
-2357
-2171
-1945
-1733
-1680
-1571
-1454
-1301
-1230
-1067
-1022
-921
-883
-730
-669
-483
-309
-97
89
315
489
675
887
911
816
575
222
-177
-794
-1247
-1521
-2034
-2823
-2706
-2126
-1546
-1033
-141
808
1425
1651
1696
1484
1272
941
459
-23
-376
-668
-960
-1313
-1587
-1918
-2210
-2436
-2610
-2743
-2729
-2811
-2831
-2843
-2777
-2716
-2645
-2569
-2595
-2524
-2442
-2385
-2314
-2226
-2233
-2172
-2047
-1904
-1816
-1740
-1577
-1414
-1376
-1300
-1259
-1210
-1198
-1351
-1563
-1837
-2190
-2672
-3289
-4078
-4917
-5209
-4997
-4380
-3431
-2733
-2280
-1881
-1428
-1504
-1637
-1494
-1183
-926
-700
-426
-152
11
174
307
225
137
20
20
-123
-415
-627
-744
-869
-994
-1095
-1133
-1045
-1011
-923
-926
-952
-1040
-1157
-1290
-1356
-1481
-1606
-1677
-1753
-1862
-1979
-2205
-2479
-2832
-3488
-4144
-4597
-4854
-4842
-5005
-5404
-5465
-5267
-4993
-4376
-3304
-2017
-878
-180
77
-5
-246
-520
-851
-1204
-1557
-1888
-2145
-2386
-2643
-2817
-3003
-3023
-3025
-2987
-2899
-2861
-2795
-2766
-2759
-2664
-2588
-2600
-2566
-2595
-2590
-2533
-2359
-2085
-1774
-1631
-1593
-1615
-1620
-1729
-2242
-3031
-3870
-4269
-4289
-3500
-2492
-1794
-845
227
1235
1977
2557
2618
2509
2252
1770
1288
889
536
137
-137
-411
-564
-697
-806
-867
-962
-1023
-1009
-1014
-1009
-1050
-941
-832
-750
-633
-490
-452
-376
-251
-198
-178
-69
7
95
90
116
249
412
555
718
835
888
929
1024
1030
1096
1080
1077
1109
1138
1255
1308
1374
1435
1476
1415
1383
1401
1413
1393
1240
1054
701
45
-963
-1971
-2424
-2469
-2545
-2837
-3579
-4321
-4507
-4333
-3788
-2896
-1685
-317
894
1683
2136
2467
2524
2523
2360
2148
1773
1398
1124
961
763
654
529
396
484
464
505
648
801
1027
1170
1167
1050
864
769
703
550
258
-195
-740
-1396
-2185
-2802
-3284
-3393
-3427
-3264
-2566
-1777
-769
-113
262
350
301
127
-130
-342
-516
-641
-804
-990
-1202
-1345
-1478
-1554
-1607
-1664
-1759
-1835
-1906
-1988
-2022
-1990
-1941
-1921
-1845
-1750
-1655
-1512
-1417
-1329
-1305
-1252
-1272
-1313
-1310
-1319
-1360
-1461
-1485
-1492
-1447
-1394
-1443
-1576
-1685
-1883
-2069
-2222
-2317
-2412
-2441
-2409
-2368
-2243
-2194
-2295
-2536
-3081
-3870
-4762
-5601
-4984
-3616
-2248
-794
493
1565
2078
2077
1820
1421
1022
597
198
-201
-600
-953
-1328
-1639
-1950
-2261
-2424
-2525
-2607
-2648
-2653
-2698
-2712
-2769
-2772
-2671
-2528
-2395
-2242
-2079
-1984
-1851
-1763
-1662
-1636
-1707
-1919
-2230
-2655
-3137
-3590
-3591
-3466
-3357
-3354
-3399
-3470
-3508
-3706
-4323
-4805
-3856
-2488
-1034
-195
350
681
922
1065
1051
934
825
682
519
245
19
-106
-172
-238
-241
-229
-134
9
162
403
677
969
1210
1353
1470
1558
1653
1719
1743
1672
1519
1410
1277
1091
834
560
348
162
96
-57
-102
-76
165
457
788
1141
1516
1808
2161
2453
2651
2877
3089
3263
3437
3546
3655
3726
3752
3772
3771
3787
3753
3644
3535
3382
3219
3056
2913
2770
2637
2528
2440
2331
2260
2189
1991
1699
1368
823
81
-991
-2359
-3431
-4048
-4274
-4186
-3787
-2838
-1384
70
1209
1662
1586
1294
1131
1043
900
688
447
136
-217
-570
-827
-1101
-1526
-1857
-2149
-2375
-2476
-2547
-2552
-2514
-2480
-2385
-2173
-1961
-1763
-1577
-1414
-1394
-1406
-1501
-1687
-1775
-1763
-1896
-2170
-2595
-2906
-3132
-3116
-2691
-2434
-2363
-2177
-1936
-1583
-1208
-967
-858
-887
-969
-1014
-1096
-1162
-1215
-1286
-1403
-1528
-1726
-1869
-1986
-2012
-2061
-2099
-2165
-2290
-2328
-2362
-2391
-2444
-2470
-2531
-2632
-2685
-2848
-3089
-3464
-4044
-4624
-5106
-4894
-4314
-3475
-2686
-1988
-1535
-1182
-956
-1142
-1840
-2496
-2949
-3147
-3115
-3033
-3009
-2892
-2749
-2596
-2285
-1993
-1767
-1679
-1603
-1515
-1414
-1357
-1345
-1398
-1332
-1341
-1265
-1177
-1060
-1086
-1004
-928
-833
-621
-545
-428
-416
-340
-320
-249
-154
-45
98
261
424
557
666
704
749
723
733
662
529
404
241
203
174
200
206
180
162
223
225
286
295
481
856
1209
1466
1629
1827
2013
2176
2350
2536
2653
2827
2960
3036
3065
3012
2738
2285
1668
1051
212
-627
-1325
-1617
-1529
-984
-502
11
753
1542
2159
2704
3249
3648
3905
3950
3807
3476
3023
2570
2145
1746
1321
922
523
170
17
-181
-276
-401
-439
-444
-378
-312
-187
-44
57
118
118
17
-209
-483
-882
-1335
-1952
-2434
-2675
-2641
-2580
-2354
-2097
-1205
-416
-105
-206
-359
-133
53
227
501
832
1124
1398
1773
2226
2708
3039
3202
3131
2978
2890
2716
2599
2401
2175
2022
1889
1746
1701
1727
1751
1756
1756
1703
1665
1633
1607
1621
1605
1666
1659
1627
1570
1556
1551
1510
1517
1510
1510
1539
1561
1627
1647
1742
1895
1933
1978
2039
2121
2182
2283
2182
2196
2214
2214
2271
2424
2636
2789
2914
2948
3057
3118
3142
3133
3076
2975
2904
2838
2750
2607
2395
2209
1935
1560
1015
226
-1518
-2972
-3714
-4067
-4265
-4336
-4183
-3701
-3045
-1906
-538
1103
2314
2931
2870
2517
2004
1522
1040
527
74
-301
-654
-1029
-1360
-1586
-1798
-1972
-2125
-2242
-2343
-2452
-2490
-2441
-2278
-2177
-2034
-1703
-1429
-1137
-994
-953
-924
-886
-931
-1013
-1114
-1277
-1503
-1814
-2296
-2952
-3650
-4049
-4448
-4347
-3922
-3547
-3494
-3268
-2723
-2067
-1411
-1058
-949
-998
-1099
-1038
-943
-955
-1056
-1181
-1276
-1409
-1720
-2073
-2404
-2661
-2918
-2956
-2997
-2952
-2789
-2515
-2116
-1691
-1266
-784
-385
68
443
818
1110
1441
1627
1780
1905
2058
2183
2308
2365
2460
2501
2519
2524
2515
2470
2450
2355
2362
2301
2315
2315
2305
2271
2272
2215
2106
1989
2007
1978
1883
1730
1489
1007
554
-285
-1293
-1668
-1709
-1797
-2009
-2384
-2737
-3029
-3192
-3091
-2917
-2660
-2448
-2049
-1504
-1212
-1000
-1003
-954
-791
-460
282
1290
2429
3046
3052
2677
2252
1877
1452
1053
742
468
93
-181
-473
-699
-873
-939
-930
-842
-808
-846
-878
-966
-998
-995
-971
-870
-578
-304
-47
151
252
405
476
502
431
349
278
169
-142
-541
-1023
-1476
-1521
-1445
-1204
-893
-836
-937
-871
-630
-783
-844
-743
-610
-501
-392
-354
-221
-104
29
138
233
221
183
95
13
-82
-225
-263
-304
-386
-415
-433
-395
-357
-286
-286
-312
-306
-338
-376
-458
-429
-453
-427
-389
-280
-246
-185
-159
-71
-93
-93
-61
-66
-42
-13
-1
25
66
104
165
266
367
449
510
598
655
731
884
985
1118
1213
1279
1340
1381
1419
1528
1538
1681
1738
1770
1811
1877
1915
1903
1877
1918
1925
1945
1963
1934
1852
1678
1437
1145
904
678
421
68
-285
-1496
-2388
-2586
-2360
-2251
-2384
-2715
-2927
-2670
-2245
-1763
-1471
-1160
-761
-181
301
957
1537
1868
1956
1942
1893
1848
1897
2189
2588
2941
3233
3366
3271
3014
2683
2284
1909
1556
1203
892
517
186
-167
-393
-685
-977
-1163
-1272
-1317
-1317
-1216
-1073
-972
-863
-802
-776
-771
-842
-1005
-1297
-1628
-2081
-2626
-3282
-3980
-4525
-4723
-4718
-4293
-3918
-3587
-3074
-2285
-1772
-1655
-1660
-1646
-1580
-1394
-1312
-1179
-887
-595
-354
-1
256
332
420
481
461
366
317
184
-14
-177
-259
-325
-347
-338
-267
-134
-46
-8
45
127
153
96
128
162
200
216
248
266
304
251
249
106
-3
-112
-255
-512
-786
-1161
-1643
-2156
-2609
-2901
-2877
-2260
-1368
-360
712
1292
1106
707
433
247
253
348
443
496
694
847
990
1164
1338
1414
1409
1246
1234
1287
1363
1281
1232
1183
1326
1314
1219
1272
1498
1772
1810
1701
1584
1513
1574
1650
1726
1733
1765
1694
1645
1619
1631
1632
1642
1676
1635
1606
1601
1639
1668
1646
1662
1644
1662
1676
1660
1640
1654
1666
1669
1628
1677
1653
1624
1612
1567
1547
1513
1484
1472
1465
1424
1426
1252
1176
1131
1145
1044
1034
1014
1139
1205
1239
1114
888
375
-367
-1259
-2546
-3833
-4346
-4463
-4551
-4563
-3614
-2160
-706
505
1397
1822
1996
1964
1863
1746
1572
1419
1145
792
481
170
-87
-313
-476
-564
-625
-663
-734
-720
-691
-505
-372
-271
-154
-132
-112
-105
-114
-143
-184
-213
-142
-108
-99
-216
-349
-680
-1378
-2386
-3597
-4669
-5249
-5624
-5461
-5036
-4583
-4252
-3921
-3376
-3310
-3084
-2685
-2105
-1623
-1248
-735
-282
-8
266
452
615
946
1172
1243
1211
1048
862
664
478
292
175
-11
-106
-177
-230
-301
-307
-241
-180
-135
-69
-98
-69
-76
-47
-81
-80
-94
-151
-246
-399
-585
-842
-1241
-1754
-2496
-3335
-4033
-4578
-4870
-4596
-3807
-2799
-1588
-696
-579
-1124
-1669
-2000
-2007
-1854
-1701
-1503
-1386
-1188
-1150
-1156
-1111
-1135
-1223
-1289
-1309
-1248
-1199
-1133
-1095
-1144
-1220
-1269
-1279
-1336
-1350
-1355
-1346
-1258
-1192
-1168
-1174
-1079
-905
-742
-710
-577
-424
-315
-227
-145
-107
56
165
282
425
534
659
768
839
892
963
1072
1197
1242
1313
1370
1392
1380
1375
1326
1238
1064
772
441
-139
-1278
-1823
-1872
-1729
-1715
-1832
-2030
-2512
-2865
-2960
-3021
-3219
-3272
-3206
-3168
-3380
-3513
-3272
-2727
-2214
-1940
-1458
-386
825
1774
2199
2046
1501
884
339
-174
-656
-967
-1259
-1551
-1808
-2006
-2169
-2264
-2359
-2397
-2388
-2412
-2359
-2341
-2327
-2311
-2229
-2066
-1903
-1760
-1548
-1291
-1017
-805
-642
-525
-503
-442
-366
-321
-370
-556
-830
-1161
-1586
-2011
-2667
-3323
-3868
-4142
-4108
-3595
-2939
-2457
-2452
-2426
-2228
-2111
-2228
-2316
-2345
-2398
-2447
-2471
-2472
-2377
-2306
-2205
-1931
-1778
-1677
-1611
-1486
-1229
-955
-663
-451
-265
-79
74
199
397
583
857
1114
1371
1557
1743
1896
1922
1923
1907
1782
1681
1632
1556
1490
1489
1469
1451
1437
1463
1485
1509
1543
1581
1536
1475
1404
1390
1364
1335
1264
1261
1287
1305
1276
1227
1215
1231
1205
1110
1022
889
756
674
654
695
777
878
923
1086
1174
1275
1384
1547
1642
1718
1730
1710
1615
1490
1316
1090
849
575
-564
-1456
-1855
-2067
-2549
-2924
-3006
-2957
-2759
-2561
-2444
-2203
-2005
-1764
-1251
-412
875
1947
2896
3108
2755
2273
1820
1275
762
217
-182
-557
-849
-1047
-1172
-1315
-1541
-1872
-2203
-2477
-2689
-2842
-2930
-2912
-2836
-2683
-2520
-2334
-2201
-2003
-1791
-1579
-1478
-1544
-1661
-1873
-2099
-2311
-2537
-2811
-3186
-3668
-4213
-4830
-5016
-4591
-3974
-3492
-2836
-2138
-1558
-1551
-2004
-2357
-2319
-2202
-1990
-1857
-1791
-1867
-2041
-2142
-2120
-1934
-1693
-1540
-1499
-1346
-1237
-1112
-1024
-915
-889
-836
-858
-919
-941
-943
-921
-804
-592
-467
-334
-233
-100
43
138
271
309
208
91
9
-86
-284
-558
-756
-1048
-1246
-1444
-1577
-1702
-1709
-1608
-1422
-1091
-760
-407
46
471
924
1437
1919
2372
2747
3039
3225
3437
3590
3678
3677
3636
3612
3586
3554
3497
3440
3387
3342
3271
3233
3211
3162
3101
3025
2930
2787
2742
2704
2666
2584
2489
2401
2335
2234
2101
1984
1902
1807
1706
1573
1387
1244
1091
1030
1029
1090
1223
1386
1560
1685
1848
1973
2049
2192
2287
2363
2420
2491
2491
2403
2177
1695
1039
-33
-1777
-2616
-2790
-2907
-3181
-3761
-4503
-4760
-4503
-4291
-4128
-4033
-3741
-3288
-2671
-2091
-1435
-646
10
435
766
940
940
777
503
78
-467
-980
-1379
-1591
-1708
-1790
-1891
-2008
-2049
-2131
-2169
-2240
-2341
-2346
-2391
-2565
-2718
-2851
-3025
-3317
-3648
-4023
-4297
-4414
-4398
-4376
-4335
-4274
-4303
-4412
-4575
-4801
-4817
-4486
-4033
-3520
-3145
-3079
-3167
-3187
-2961
-2669
-2428
-2242
-2222
-2251
-2271
-2380
-2421
-2278
-2183
-2058
-1905
-1788
-1635
-1574
-1565
-1545
-1521
-1480
-1385
-1319
-1253
-1165
-1032
-915
-798
-645
-471
-400
-275
-142
-17
12
38
95
117
16
-101
-162
-228
-353
-486
-672
-835
-968
-1166
-1329
-1438
-1450
-1438
-1295
-1021
-622
-223
176
374
435
469
360
7
-392
-767
-941
-667
-50
495
848
1247
1433
1351
1452
1407
1274
1186
1077
934
809
714
561
418
361
456
482
444
349
224
91
-62
-260
-446
-620
-783
-878
-944
-1032
-1038
-1054
-1066
-1095
-1102
-1014
-861
-663
-451
-298
-124
117
391
648
874
1017
1150
1251
1333
1404
1418
1444
1464
1502
1509
1527
1520
1558
1568
1609
1670
1765
1918
2013
2058
2096
2134
2168
2123
2047
1946
1829
1712
1617
1529
1420
1344
1273
1140
966
674
-218
-1290
-1907
-1931
-1860
-1822
-1955
-2266
-2846
-3426
-3569
-3545
-3602
-3514
-3302
-3149
-3127
-3098
-2886
-2433
-1920
-1694
-1585
-1468
-1367
-1141
-915
-762
-363
217
730
1155
1396
1362
1229
854
455
124
-207
-538
-869
-1180
-1454
-1728
-1985
-2197
-2330
-2425
-2550
-2683
-2744
-2793
-2798
-2741
-2624
-2481
-2269
-2071
-1954
-2049
-2380
-2833
-3258
-3550
-3588
-3500
-3326
-3173
-3056
-2931
-2886
-2866
-2825
-2942
-3295
-3626
-3714
-3912
-3295
-2156
-1207
-509
-283
-9
-25
-400
-471
-285
-11
215
348
436
470
482
531
619
736
837
882
887
855
806
730
642
525
362
176
51
2
-55
-108
-169
-210
-226
-217
-215
-244
-258
-246
-214
-228
-240
-316
-328
-299
-261
-249
-192
-59
127
260
385
559
785
971
1169
1343
1452
1518
1579
1545
1525
1518
1544
1582
1648
1736
1807
1878
1995
2148
2301
2372
2413
2401
2340
2252
2143
2061
2004
1933
1838
1729
1586
1453
1310
999
624
-448
-1902
-2794
-3247
-3622
-3808
-4049
-4015
-3533
-2988
-2535
-2136
-1761
-1598
-1516
-1514
-1438
-1305
-1217
-792
47
1186
2194
2739
2701
2326
1813
1300
847
302
-180
-579
-910
-1184
-1396
-1582
-1707
-1832
-1920
-1986
-2031
-2013
-1904
-1741
-1500
-1288
-1102
-928
-785
-676
-543
-345
-104
207
433
542
524
429
276
50
-261
-660
-1059
-1484
-2140
-2979
-3987
-4729
-5021
-4926
-4473
-3775
-3033
-2580
-2589
-2577
-2124
-1579
-1180
-805
-474
-262
-109
-99
-97
77
230
393
556
651
746
755
612
426
283
174
79
-22
-83
-103
-117
-129
-200
-282
-331
-380
-437
-475
-470
-467
-426
-400
-395
-342
-289
-213
-156
-111
-85
-75
-22
39
44
70
99
144
139
86
-9
-110
-148
-134
-125
-122
-56
77
202
335
498
599
644
673
678
727
768
786
881
934
1010
1127
1228
1262
1236
1073
799
468
-188
-1260
-1840
-2215
-2546
-2971
-3627
-4109
-4234
-4193
-3862
-3463
-3010
-2718
-2506
-2153
-1411
-339
800
1808
2388
2417
1992
1336
791
309
-144
-497
-828
-1139
-1380
-1606
-1780
-1943
-2052
-2161
-2359
-2600
-2874
-3027
-3072
-3072
-3043
-2967
-2781
-2583
-2272
-1919
-1588
-1362
-1209
-1066
-984
-966
-952
-981
-1010
-1067
-1155
-1280
-1397
-1560
-1746
-1944
-2218
-2510
-2821
-3132
-3406
-3663
-3920
-4063
-3877
-3221
-2329
-1712
-1381
-1286
-1315
-1172
-747
-322
-423
-1003
-1659
-2012
-2343
-1944
-1288
-671
-340
-207
-229
-392
-590
-882
-1108
-1349
-1535
-1668
-1854
-1997
-2085
-2071
-2033
-1992
-1954
-1883
-1822
-1756
-1668
-1597
-1509
-1400
-1299
-1211
-1145
-1036
-903
-778
-645
-459
-306
-132
11
112
229
311
406
494
570
631
697
763
845
911
943
1000
1057
1077
1087
1090
1104
1088
1059
1041
1000
988
1017
1046
1060
1080
1104
1118
1150
1160
1140
1135
1180
1214
1234
1218
1232
1252
1276
1262
1240
1254
1288
1314
1288
1163
989
678
303
-277
-1116
-2008
-2706
-3495
-4284
-4437
-4225
-4278
-4431
-4233
-3902
-3801
-3867
-3556
-2717
-1430
-219
673
885
532
50
-375
-649
-792
-925
-1099
-1262
-1363
-1370
-1341
-1216
-1107
-1025
-930
-813
-731
-721
-759
-876
-1088
-1274
-1437
-1580
-1743
-1792
-1704
-1638
-1597
-1496
-1395
-1262
-1224
-1295
-1290
-1104
-793
-482
-208
-83
-226
-651
-1196
-1813
-2295
-2552
-2695
-2700
-2547
-2481
-2644
-2997
-3150
-2909
-2484
-2002
-1728
-1595
-1529
-1472
-1529
-1630
-1696
-1698
-1597
-1434
-1309
-1287
-1249
-1196
-1101
-1040
-1034
-1034
-1087
-1116
-1187
-1269
-1335
-1401
-1446
-1458
-1476
-1537
-1646
-1779
-1965
-2177
-2552
-3097
-3642
-4067
-4138
-3985
-3586
-3073
-2591
-2379
-2216
-2159
-1902
-1876
-2421
-3077
-3657
-3968
-4006
-3961
-3787
-3561
-3387
-3292
-3129
-2976
-2875
-2830
-2862
-2891
-2834
-2785
-2747
-2709
-2715
-2744
-2832
-2927
-2988
-3000
-2929
-2841
-2698
-2512
-2255
-1924
-1549
-1150
-697
-244
209
562
836
1147
1388
1600
1774
1899
1965
2066
2127
2149
2175
2166
2146
2128
2099
2023
1962
1924
1886
1820
1719
1556
1393
1276
1200
1129
1123
1180
1241
1294
1351
1385
1395
1411
1379
1291
1196
1095
1007
919
794
693
652
666
737
862
987
1088
1197
1298
1369
1418
1436
1437
1423
1399
1370
1321
1280
1219
1170
1117
1046
1005
952
911
835
747
652
607
498
373
210
47
-165
-496
-978
-1523
-2891
-4102
-4647
-5160
-5777
-6433
-7089
-7150
-6997
-6823
-6649
-6375
-6134
-5735
-5222
-4677
-4302
-4139
-4140
-4181
-4186
-4235
-4301
-4089
-3347
-2398
-1700
-1301
-1235
-1492
-1867
-2412
-2957
-3574
-4191
-4771
-5196
-5437
-5611
-5754
-5855
-5916
-5987
-5921
-5747
-5521
-5168
-4743
-4368
-3993
-3594
-3141
-2659
-2306
-2080
-1947
-1865
-1770
-1732
-1737
-1832
-1985
-2171
-2428
-2803
-3256
-3769
-4080
-4039
-3827
-3402
-2920
-2521
-2505
-2816
-3108
-3261
-3160
-2934
-2760
-2665
-2583
-2538
-2526
-2583
-2840
-3026
-3024
-2871
-2673
-2499
-2287
-2013
-1772
-1531
-1357
-1224
-1026
-769
-438
-63
135
236
331
432
565
718
861
994
1095
1204
1305
1400
1509
1634
1743
1838
1909
2018
2135
2260
2321
2392
2437
2498
2586
2643
2688
2745
2755
2793
2842
2824
2831
2830
2856
2856
2799
2717
2646
2564
2488
2387
2286
2210
2165
2108
2020
1925
1859
1810
1757
1725
1664
1611
1577
1545
1496
1470
1417
1356
1247
1138
952
711
336
-177
-722
-1561
-2453
-3151
-3604
-4086
-4631
-5420
-5773
-5499
-5225
-4984
-4439
-3783
-3127
-2471
-1891
-1346
-648
360
1647
2858
3647
3729
3247
2549
1807
1018
276
-341
-794
-1051
-1214
-1280
-1254
-1252
-1274
-1284
-1246
-1137
-1004
-851
-750
-668
-580
-514
-524
-625
-707
-756
-732
-758
-883
-1008
-1125
-1250
-1332
-1398
-1451
-1594
-1792
-1990
-2231
-2374
-2491
-2624
-2604
-2229
-1716
-1442
-1256
-1139
-1006
-843
-532
-19
637
1254
1440
958
-114
-1253
-2202
-2494
-2485
-2436
-2162
-1950
-1787
-1763
-1761
-1644
-1535
-1453
-1427
-1411
-1379
-1382
-1400
-1402
-1436
-1437
-1419
-1370
-1294
-1249
-1244
-1276
-1317
-1362
-1403
-1394
-1403
-1365
-1353
-1315
-1172
-1084
-1023
-1003
-902
-831
-760
-715
-686
-620
-477
-382
-325
-309
-331
-331
-369
-430
-531
-565
-512
-424
-307
-164
-47
151
462
793
1146
1521
1920
2273
2584
2841
3098
3339
3525
3688
3770
3773
3771
3700
3647
3546
3421
3320
3203
3108
2999
2882
2781
2680
2579
2491
2382
2265
2112
1838
1413
757
101
-971
-2043
-2785
-3441
-4280
-5172
-5182
-4890
-4737
-4551
-4176
-3751
-3398
-3067
-3035
-2910
-2457
-1715
-576
563
1219
1228
775
230
-350
-832
-1231
-1542
-1685
-1897
-2071
-2188
-2264
-2346
-2417
-2368
-2243
-2100
-1991
-1915
-1839
-1768
-1790
-1899
-2062
-2319
-2611
-2903
-3144
-3342
-3418
-3357
-3224
-3061
-2928
-2875
-2818
-2709
-2556
-2413
-2260
-2117
-1984
-1821
-1792
-1787
-1832
-1927
-2168
-2567
-2992
-3323
-3776
-4033
-3759
-3334
-3148
-3039
-2853
-2898
-3443
-3552
-3354
-3180
-3017
-2892
-2854
-2997
-3150
-3179
-3084
-2858
-2632
-2375
-2242
-2189
-2155
-2038
-1812
-1571
-1218
-865
-554
-243
49
341
582
839
1170
1356
1509
1618
1671
1766
1788
1750
1701
1663
1677
1715
1744
1742
1742
1818
1879
1920
1952
2018
2119
2228
2299
2311
2360
2417
2426
2420
2303
2215
2154
2207
2308
2374
2475
2563
2585
2591
2596
2590
2580
2579
2617
2639
2696
2870
3013
3199
3411
3609
3807
3993
4205
4403
4479
4545
4565
4562
4513
4370
4113
3821
3368
2823
2081
1242
544
-73
-815
-1654
-2662
-3115
-2952
-2876
-2910
-2599
-2174
-1775
-1464
-1252
-1066
-641
101
1050
1942
2395
2329
1784
1042
344
-398
-1054
-1567
-2020
-2533
-2908
-3283
-3540
-3665
-3627
-3518
-3375
-3222
-3048
-2862
-2791
-2715
-2689
-2689
-2682
-2716
-2787
-2912
-3138
-3491
-3844
-4219
-4320
-4157
-3931
-3757
-3604
-3509
-3366
-3074
-2721
-2296
-1783
-1203
-721
-322
-48
193
485
638
562
336
95
-304
-729
-758
-466
-313
-362
-403
-629
-1082
-1595
-1821
-1862
-1853
-1824
-1804
-1870
-2003
-2104
-2072
-1909
-1776
-1659
-1506
-1343
-1255
-1202
-1149
-1150
-1203
-1285
-1394
-1511
-1628
-1704
-1786
-1839
-1859
-1852
-1814
-1761
-1729
-1684
-1631
-1586
-1560
-1534
-1477
-1411
-1323
-1214
-1081
-895
-732
-623
-490
-357
-224
-81
44
177
320
463
616
779
991
1203
1429
1670
1833
1966
2067
2200
2343
2460
2561
2627
2698
2780
2821
2839
2827
2847
2876
2867
2841
2775
2737
2742
2745
2743
2721
2716
2736
2762
2771
2718
2593
2395
2154
1755
1330
674
-68
-648
-1130
-1872
-2661
-3359
-3242
-2985
-2914
-2781
-2507
-2108
-1834
-1648
-1356
-843
-101
791
1630
2083
1930
1417
761
216
-297
-750
-1149
-1502
-1901
-2383
-2963
-3445
-3844
-4118
-4281
-4272
-4109
-3897
-3723
-3525
-3313
-3150
-2987
-2886
-2891
-2967
-2953
-2912
-2914
-2996
-2920
-2838
-2675
-2322
-1969
-1638
-1307
-932
-601
-389
-215
-17
209
421
530
540
506
435
310
98
-277
-702
-1013
-1412
-1957
-2310
-2386
-2304
-2030
-1577
-1202
-1284
-1637
-1849
-1732
-1569
-1328
-1195
-1171
-1383
-1675
-1887
-1928
-1875
-1830
-1729
-1517
-1291
-1105
-931
-745
-636
-575
-546
-566
-600
-629
-663
-666
-640
-620
-582
-544
-478
-390
-314
-243
-182
-87
22
139
272
381
506
659
747
848
943
1031
1148
1230
1325
1426
1514
1609
1710
1792
1849
1937
1998
2051
2104
2153
2194
2255
2304
2330
2362
2388
2422
2420
2391
2386
2395
2429
2478
2498
2489
2513
2551
2537
2488
2363
2297
2268
2302
2347
2361
2327
2322
2383
2500
2633
2776
2901
3044
3153
3296
3482
3625
3851
4077
4303
4489
4652
4815
4876
4819
4508
3995
3513
2564
1556
858
505
106
-376
-993
-1649
-2305
-2616
-2759
-2725
-2643
-2561
-2186
-1530
-913
-368
-434
-675
-666
-213
404
1146
1888
2370
2253
1597
758
-31
-820
-1400
-1825
-2117
-2234
-2205
-2139
-2107
-2058
-2044
-1935
-1802
-1685
-1651
-1746
-1899
-2042
-2159
-2247
-2288
-2413
-2599
-2583
-2440
-2199
-1888
-1647
-1473
-1402
-1420
-1473
-1568
-1731
-1929
-2260
-2377
-2136
-1805
-1564
-1447
-1304
-1063
-865
-756
-603
-470
-375
-250
-149
-32
34
58
32
-21
-116
-233
-366
-578
-931
-1476
-2218
-2874
-3249
-3602
-3690
-3315
-2735
-2079
-1566
-1403
-1358
-1483
-1724
-2016
-2202
-2255
-2316
-2361
-2427
-2461
-2477
-2526
-2552
-2568
-2625
-2691
-2713
-2701
-2777
-2886
-3039
-3121
-3116
-3063
-2992
-2954
-2853
-2736
-2611
-2458
-2260
-1949
-1618
-1265
-912
-601
-270
61
414
745
1037
1311
1537
1711
1828
1916
1957
1981
1986
1960
1894
1806
1735
1682
1662
1644
1658
1640
1689
1713
1727
1721
1745
1769
1807
1833
1867
1908
1942
1976
1974
1936
1939
1915
1910
1839
1751
1675
1609
1580
1548
1472
1384
1283
1188
1071
1000
929
863
792
726
665
631
665
753
848
930
987
1075
1200
1295
1361
1422
1510
1619
1736
1922
2163
2420
2694
2880
2997
3073
3155
3280
3389
3460
3480
3489
3494
3482
3437
3349
3283
3245
3169
3093
3011
2962
2924
2886
2837
2755
2679
2597
2480
2268
2011
1612
1187
607
-938
-2077
-2916
-3614
-3967
-4449
-4780
-4719
-4631
-4488
-4302
-4116
-4015
-3882
-3684
-3373
-3062
-2770
-2544
-2358
-2241
-2140
-2124
-2381
-2712
-2559
-1942
-1200
-775
-577
-584
-701
-927
-1280
-1705
-2187
-2732
-3185
-3638
-3991
-4232
-4375
-4508
-4682
-4825
-5178
-5795
-6340
-6765
-7118
-7206
-6932
-6450
-5661
-4769
-3980
-3324
-2811
-2412
-2101
-1809
-1517
-1276
-1035
-823
-649
-524
-442
-430
-454
-507
-552
-618
-667
-693
-703
-687
-685
-680
-685
-687
-665
-636
-614
-605
-571
-500
-459
-427
-449
-490
-506
-528
-560
-589
-609
-621
-612
-610
-628
-662
-703
-741
-794
-889
-960
-958
-913
-842
-741
-588
-376
-190
-57
106
207
324
477
630
804
947
1090
1264
1450
1613
1738
1863
1972
2033
2086
2115
2176
2252
2305
2289
2269
2263
2241
2175
2118
2057
1986
1925
1859
1758
1670
1599
1523
1462
1396
1355
1294
1245
1236
1262
1253
1244
1241
1246
1249
1244
1220
1191
1159
1110
1028
957
848
772
684
486
111
-314
-1206
-2574
-3646
-4485
-5030
-5193
-5546
-5877
-5795
-5746
-5658
-5417
-5219
-5170
-5188
-4931
-4578
-4225
-4124
-4042
-3768
-3223
-2798
-2716
-2690
-2337
-1720
-978
-398
-106
-77
-289
-642
-973
-1284
-1576
-1774
-1907
-1893
-1805
-1672
-1460
-1274
-1242
-1416
-1769
-2168
-2521
-2896
-3153
-3104
-2863
-2571
-2240
-1865
-1653
-1544
-1515
-1535
-1580
-1587
-1561
-1516
-1459
-1410
-1412
-1378
-1352
-1311
-1229
-1147
-1046
-945
-328
217
278
280
264
193
84
-90
-382
-735
-1046
-1287
-1473
-1685
-1942
-2168
-2366
-2390
-2164
-1811
-1412
-1013
-638
-346
-72
154
380
566
778
1070
1445
1776
1950
1905
1594
1112
567
-131
-644
-830
-875
-1008
-1300
-1382
-1249
-1223
-1249
-1132
-1318
-1743
-1844
-1727
-1564
-1290
-1147
-1200
-1295
-1412
-1537
-1559
-1450
-1317
-1200
-1002
-804
-618
-598
-636
-745
-898
-1155
-1466
-1777
-2034
-2220
-2302
-2276
-2215
-2170
-2099
-2033
-1980
-1904
-1787
-1711
-1610
-1477
-1352
-1243
-1155
-1117
-1076
-1038
-1035
-1023
-1001
-969
-960
-938
-918
-894
-889
-844
-832
-856
-863
-720
-619
-605
-556
-439
-314
-181
5
246
557
910
1241
1533
1807
2081
2307
2533
2707
2860
2955
3012
3050
3068
3056
3024
2958
2897
2809
2708
2607
2512
2474
2458
2401
2319
2231
2122
2013
1870
1753
1652
1570
1509
1460
1359
1277
1195
1119
1085
1028
990
945
919
890
833
772
727
686
637
561
452
364
231
114
19
-106
-215
-281
-347
-448
-501
-494
-449
-340
-252
-151
-26
75
192
378
604
802
1059
1285
1459
1633
1776
1939
2102
2276
2439
2564
2630
2627
2532
2450
2379
2270
2117
1905
1648
1273
999
-9
-1377
-2449
-3288
-3770
-4081
-4534
-4591
-4534
-4425
-4251
-4039
-3876
-3723
-3635
-3482
-3270
-3044
-2911
-2758
-2713
-2762
-2803
-2715
-2768
-2980
-2939
-2486
-1647
-858
-278
-21
-7
-248
-647
-1100
-1582
-2064
-2517
-2942
-3295
-3536
-3762
-4019
-4311
-4736
-5218
-5763
-6188
-6587
-6879
-6908
-6826
-6663
-6389
-6132
-5875
-5564
-5401
-5313
-5072
-4741
-4449
-4157
-3782
-3329
-2816
-2303
-1821
-1368
-915
-433
49
448
801
1058
1315
1501
1675
1784
1850
1874
1856
1832
1707
1564
1455
1330
1213
1125
1076
1044
1042
1022
993
917
822
756
674
541
416
242
79
-84
-310
-602
-913
-1205
-1479
-1691
-1917
-2080
-2197
-2306
-2388
-2464
-2565
-2614
-2619
-2641
-2648
-2595
-2557
-2535
-2469
-2403
-2381
-2386
-2402
-2440
-2466
-2484
-2522
-2542
-2580
-2641
-2690
-2581
-2448
-2236
-1995
-1769
-1583
-1420
-1287
-1124
-938
-775
-518
-261
-20
166
364
517
660
742
780
794
795
779
718
609
466
323
241
116
-70
-268
-431
-548
-722
-920
-1251
-1562
-2218
-3505
-4397
-5095
-5640
-5826
-6137
-6468
-6454
-6525
-6511
-6325
-6014
-5683
-5550
-5376
-5213
-5137
-5140
-5164
-5031
-4857
-4671
-4485
-4273
-3848
-3473
-3439
-3390
-3247
-2894
-2314
-1697
-1117
-825
-799
-1056
-1481
-2061
-2606
-3059
-3412
-3653
-3827
-4001
-4175
-4486
-4968
-5513
-5966
-6258
-6589
-6690
-6537
-6296
-6004
-5605
-5313
-5170
-5053
-4867
-4669
-4412
-4120
-3745
-3292
-2810
-2328
-1846
-1393
-968
-486
-61
314
645
956
1248
1489
1715
1868
1985
2026
2006
1982
1933
1895
1834
1812
1809
1785
1767
1762
1800
1853
1867
1870
1848
1822
1796
1725
1637
1608
1547
1465
1412
1371
1351
1290
1264
1244
1226
1242
1213
1184
1089
980
879
791
715
639
610
615
716
914
1126
1338
1536
1699
1842
1985
2138
2324
2536
2762
2925
3111
3236
3379
3480
3541
3607
3608
3613
3647
3676
3647
3609
3533
3480
3404
3279
3105
3010
2901
2852
2814
2705
2542
2399
2256
2093
1907
1709
1511
1270
939
564
-275
-1414
-2156
-2773
-3226
-3335
-3646
-3977
-3968
-3902
-3864
-3747
-3521
-3146
-2835
-2637
-2520
-2475
-2507
-2650
-2670
-2496
-2298
-2100
-1789
-1577
-1202
-849
-773
-1047
-1245
-1136
-737
-192
261
487
563
510
218
-181
-694
-1274
-1756
-2181
-2512
-2753
-3045
-3376
-3751
-4204
-4784
-5297
-5628
-5840
-5752
-5399
-4917
-4372
-3755
-3210
-2757
-2332
-1979
-1626
-1273
-981
-724
-526
-328
-116
1
67
87
116
150
128
67
-28
-73
-93
-94
-123
-130
-114
-38
3
23
43
100
176
237
319
407
478
523
568
625
639
646
666
715
737
749
761
814
909
966
990
978
964
973
973
971
997
1038
1064
1109
1147
1125
1037
966
925
982
1077
1251
1463
1675
1949
2223
2515
2846
3199
3473
3747
3910
4043
4144
4156
4130
4085
4099
4065
4012
3930
3821
3720
3638
3485
3322
3136
3041
2988
2893
2798
2645
2550
2441
2288
2076
1701
1444
931
-141
-1033
-1613
-1988
-2006
-1972
-2081
-2138
-2013
-1850
-1903
-2160
-2559
-2851
-2984
-3093
-3005
-2862
-2780
-2671
-2397
-1915
-1540
-1299
-1025
-784
-572
-419
-256
-419
-901
-1518
-1716
-1442
-862
-206
276
321
95
-216
-473
-784
-1076
-1333
-1559
-1800
-2026
-2212
-2386
-2572
-2705
-2639
-2453
-2241
-2088
-1963
-1875
-1750
-1576
-1402
-1239
-1114
-1032
-971
-939
-901
-856
-866
-895
-893
-893
-891
-900
-920
-922
-917
-885
-853
-800
-762
-717
-651
-619
-607
-578
-517
-422
-313
-218
-123
-57
31
119
190
235
301
358
453
535
601
654
703
764
802
840
864
930
964
990
989
996
1041
1117
1170
1215
1253
1306
1372
1417
1458
1496
1537
1578
1635
1684
1725
1770
1831
1892
1930
1942
1960
2017
2046
2064
2070
2090
2106
2122
2131
2138
2122
2104
2103
2065
1983
1882
1800
1705
1610
1565
1549
1448
1274
1173
1112
1086
1168
1263
1416
1614
1840
2151
2425
2611
2764
3005
3262
3536
3810
4067
4230
4312
4338
4309
4233
4108
3991
3866
3733
3616
3491
3390
3372
3311
3186
2733
1944
733
-1011
-1903
-2089
-1956
-1730
-1750
-1867
-1791
-1480
-1169
-1124
-1416
-2033
-2822
-3714
-4370
-4361
-4149
-3875
-3330
-2955
-2917
-2774
-2443
-1863
-1410
-1079
-654
-229
-3
50
-103
-502
-1015
-1560
-1985
-2360
-2691
-2854
-2892
-2899
-2897
-2929
-3141
-3472
-3803
-4077
-4220
-4353
-4454
-4345
-4147
-3855
-3629
-3431
-3233
-3070
-2937
-2820
-2732
-2623
-2552
-2451
-2363
-2246
-2121
-2004
-1903
-1808
-1713
-1588
-1479
-1370
-1245
-1150
-1033
-924
-829
-728
-640
-539
-451
-380
-309
-233
-145
-84
-39
27
93
159
216
232
270
304
326
302
309
297
285
251
217
176
127
56
-39
-100
-90
-24
119
272
397
540
628
689
669
683
721
750
936
1228
1539
1914
2245
2556
2848
3105
3331
3529
3715
3848
3973
4034
4039
3957
3869
3752
3609
3456
3323
3170
3037
2912
2803
2670
2527
2374
2200
2037
1894
1806
1753
1687
1578
1469
1336
1193
1098
1027
910
785
611
448
382
341
336
377
430
491
529
509
456
415
344
338
364
355
317
317
337
378
416
371
159
-386
-1278
-2823
-4191
-4502
-4304
-3929
-3672
-3643
-3609
-3397
-3105
-2879
-2903
-3234
-3890
-4679
-5377
-5752
-5554
-5129
-4549
-3851
-3369
-3157
-2971
-2489
-1791
-1135
-518
-5
269
422
388
147
-306
-851
-1364
-1877
-2359
-2812
-3143
-3384
-3570
-3713
-3822
-4034
-4345
-4656
-5055
-5430
-5671
-5883
-5826
-5515
-5062
-4482
-3902
-3246
-2666
-2184
-1702
-1249
-796
-443
-112
219
493
705
903
1056
1230
1355
1408
1437
1482
1558
1640
1697
1715
1764
1825
1847
1806
1761
1679
1570
1525
1468
1423
1374
1336
1283
1230
1181
1105
1060
1036
1010
981
982
958
897
815
744
678
583
501
413
356
280
192
131
93
93
154
249
358
491
616
733
858
991
1124
1287
1404
1537
1700
1825
1886
1943
1937
1963
1989
2011
2040
2024
2017
2026
2023
1982
1921
1860
1826
1800
1705
1610
1509
1438
1362
1286
1220
1163
1102
1102
1068
1019
953
844
711
568
435
390
337
284
196
71
-38
-147
-248
-391
-554
-671
-753
-794
-785
-767
-672
-577
-501
-448
-416
-445
-479
-491
-473
-461
-475
-509
-591
-673
-755
-787
-828
-848
-1159
-1776
-2915
-4460
-4913
-4922
-4611
-4129
-3855
-3563
-3110
-2493
-1948
-1722
-1839
-2264
-2777
-3108
-2834
-2352
-1735
-993
-413
-139
-101
-30
196
571
970
1281
1656
1868
1985
1932
1706
1307
794
214
-442
-987
-1440
-1815
-2107
-2270
-2444
-2701
-3032
-3385
-3760
-4071
-4245
-4443
-4596
-4578
-4425
-4262
-4050
-3876
-3713
-3625
-3516
-3407
-3306
-3245
-3169
-3120
-3059
-2950
-2833
-2732
-2644
-2470
-2353
-2252
-2135
-2059
-1916
-1815
-1652
-1581
-1448
-1366
-1203
-1108
-1037
-966
-884
-767
-812
-817
-643
-561
-408
-265
-148
-130
-69
26
151
363
620
973
1348
1773
2065
2339
2596
2888
3129
3303
3436
3545
3688
3737
3727
3711
3720
3700
3643
3582
3511
3477
3483
3465
3445
3445
3413
3408
3367
3322
3284
3239
3207
3162
3117
3064
3026
2950
2901
2856
2785
2709
2689
2618
2536
2475
2393
2344
2287
2199
2146
2037
1928
1887
1816
1715
1598
1522
1465
1389
1288
1171
1038
864
652
466
303
313
325
254
209
175
66
-97
-323
-634
-891
-1132
-1306
-1423
-1417
-1308
-1051
-794
-502
-245
-92
94
405
758
1111
1486
1911
2264
2575
2867
3141
3353
3441
3200
2583
1511
-233
-1182
-1277
-1114
-761
-618
-561
-500
-495
-494
-647
-1192
-1981
-2873
-3529
-3567
-3214
-2839
-2294
-1781
-1555
-1502
-1496
-1353
-1200
-974
-549
-96
90
102
26
-266
-641
-1094
-1576
-2089
-2669
-3151
-3526
-3837
-4063
-4188
-4297
-4398
-4541
-4684
-4847
-4956
-5022
-5028
-5010
-4949
-4883
-4807
-4741
-4659
-4598
-4497
-4388
-4279
-4154
-4037
-3996
-3871
-3795
-3694
-3577
-3460
-3378
-3290
-3202
-3059
-2977
-2868
-2743
-2642
-2566
-2484
-2408
-2291
-2196
-2087
-2011
-1929
-1863
-1829
-1803
-1817
-1826
-1832
-1806
-1768
-1739
-1757
-1771
-1805
-1843
-1865
-1867
-1855
-1862
-1871
-1839
-1845
-1821
-1787
-1705
-1676
-1600
-1534
-1439
-1390
-1324
-1223
-1135
-1040
-931
-822
-689
-580
-455
-360
-251
-190
-119
-31
51
139
184
272
325
370
404
457
491
567
624
695
766
848
909
997
1085
1119
1151
1227
1261
1314
1355
1314
1276
1314
1447
1610
1619
1543
1565
1653
1816
2002
2214
2589
2942
3395
3794
4125
4278
4490
4716
4914
5067
5099
5028
4940
4831
4633
4459
4261
4075
3877
3691
3538
3405
3323
3252
3211
3058
2915
2752
2609
2492
2359
2234
2071
1983
1917
1856
1803
1791
1703
1429
849
-43
-1684
-2971
-3197
-3054
-2601
-2248
-2007
-2001
-1935
-1818
-1840
-2265
-2963
-3705
-4187
-4044
-3531
-3132
-2619
-2039
-1664
-1582
-1408
-1196
-939
-776
-445
-46
307
564
602
390
79
-374
-827
-1202
-1577
-2002
-2401
-2712
-2953
-3086
-3181
-3344
-3487
-3596
-3729
-3838
-3955
-4016
-4065
-4055
-4033
-3967
-3896
-3835
-3759
-3642
-3576
-3451
-3350
-3233
-3151
-3034
-2917
-2800
-2712
-2559
-2477
-2352
-2243
-2118
-1985
-1884
-1710
-1609
-1500
-1357
-1269
-1126
-1025
-900
-791
-682
-633
-516
-455
-410
-376
-402
-401
-427
-366
-334
-308
-353
-385
-411
-412
-396
-420
-440
-443
-443
-414
-394
-337
-321
-312
-255
-160
-107
-54
7
56
122
163
220
329
462
550
603
669
764
798
847
892
941
1066
1115
1139
1161
1249
1275
1277
1289
1292
1353
1377
1386
1374
1408
1449
1531
1592
1594
1632
1658
1687
1649
1561
1508
1455
1414
1490
1599
1565
1412
1380
1446
1620
1806
2098
2429
2828
3253
3652
3983
4240
4349
4437
4525
4699
4752
4691
4634
4539
4298
4112
3914
3702
3428
3216
3030
2913
2852
2811
2797
2781
2720
2522
2336
2150
2049
2020
1944
1801
1684
1567
1479
1403
1302
1231
1114
715
17
-1055
-2799
-3871
-4014
-3861
-3486
-3155
-2981
-2924
-2842
-2880
-3191
-3808
-4597
-5339
-5525
-5150
-4637
-4092
-3512
-2999
-2758
-2692
-2451
-2140
-1687
-1489
-1232
-1131
-1014
-861
-899
-1097
-1428
-1702
-2055
-2408
-2761
-3072
-3403
-3660
-3901
-4075
-4163
-4264
-4397
-4479
-4580
-4602
-4593
-4598
-4569
-4540
-4514
-4461
-4352
-4281
-4172
-4077
-3914
-3761
-3618
-3465
-3332
-3146
-3013
-2896
-2763
-2620
-2495
-2362
-2199
-2082
-1981
-1838
-1652
-1489
-1356
-1203
-1060
-907
-754
-637
-528
-419
-331
-249
-256
-255
-304
-313
-275
-299
-337
-361
-366
-388
-437
-478
-516
-561
-602
-651
-727
-753
-777
-801
-817
-816
-830
-796
-725
-668
-642
-589
-536
-498
-460
-453
-460
-378
-307
-293
-291
-291
-277
-224
-186
-152
-147
-121
-50
21
37
36
52
123
224
333
466
523
564
586
577
495
413
331
293
269
212
180
221
270
352
440
626
779
1053
1345
1656
1967
2298
2673
3126
3525
3900
4275
4628
4939
5165
5351
5494
5565
5456
5182
4829
4572
4331
4020
3645
3314
3003
2692
2361
1986
1675
1383
1197
1072
971
846
785
797
752
664
521
420
354
328
340
322
293
279
253
291
291
250
205
31
-482
-1321
-2775
-3986
-4139
-4051
-3652
-3253
-2942
-2701
-2515
-2433
-2515
-2890
-3507
-4205
-4446
-4093
-3395
-2778
-2233
-1720
-1345
-1236
-1093
-801
-448
-49
376
668
793
846
713
382
7
-392
-874
-1387
-1812
-2237
-2590
-2965
-3257
-3455
-3526
-3587
-3636
-3707
-3745
-3790
-3843
-3872
-3901
-3927
-3947
-3909
-3827
-3761
-3712
-3659
-3542
-3389
-3272
-3147
-3038
-2943
-2826
-2701
-2606
-2497
-2409
-2327
-2239
-2163
-2156
-2080
-2035
-1982
-1900
-1757
-1559
-1373
-1248
-1160
-1078
-953
-779
-581
-307
4
403
856
1255
1547
1804
2096
2308
2433
2494
2449
2396
2320
2254
2145
2020
1925
1849
1815
1795
1783
1726
1726
1708
1642
1566
1490
1458
1397
1331
1270
1236
1265
1318
1311
1285
1278
1296
1316
1382
1400
1399
1411
1385
1353
1327
1251
1233
1180
1127
1070
1021
983
945
907
885
856
830
842
820
798
776
771
714
740
702
699
638
631
657
608
579
588
562
586
560
534
531
505
523
532
530
473
453
435
403
332
287
261
256
227
201
140
141
129
91
20
-97
-428
-614
-739
-768
-869
-1012
-1155
-1367
-1510
-1684
-1809
-1885
-1967
-1976
-2000
-1994
-1869
-1683
-1574
-1513
-1547
-1481
-1393
-1292
-1268
-1252
-1249
-1200
-1147
-1129
-1080
-1014
-965
-991
-1366
-2022
-3161
-4529
-4928
-4916
-4605
-4152
-3727
-3416
-3291
-3262
-3291
-3565
-4110
-4852
-5334
-5363
-4783
-3994
-3296
-2679
-2134
-1803
-1605
-1252
-899
-474
-121
232
430
414
413
318
193
-5
-231
-394
-482
-583
-757
-858
-991
-1048
-1019
-931
-886
-952
-1069
-1164
-1297
-1440
-1603
-1712
-1807
-1908
-1990
-2072
-2160
-2221
-2230
-2221
-2233
-2195
-2142
-2085
-1976
-1881
-1786
-1698
-1581
-1528
-1440
-1358
-1257
-1156
-1013
-925
-808
-707
-564
-488
-406
-335
-247
-171
-114
-90
-37
-11
42
66
75
55
39
-86
-187
-236
-210
-188
-200
-295
-390
-461
-522
-583
-636
-712
-788
-826
-844
-862
-874
-879
-884
-862
-844
-843
-849
-851
-798
-732
-661
-590
-514
-453
-392
-291
-209
-143
-67
21
116
177
259
384
517
588
705
776
877
953
1048
1165
1194
1243
1368
1444
1505
1525
1586
1624
1656
1688
1708
1686
1752
1805
1793
1817
1829
1820
1832
1787
1730
1642
1604
1570
1529
1476
1419
1457
1510
1500
1443
1438
1428
1410
1388
1343
1234
1109
984
913
831
840
839
871
916
961
1037
1075
1170
1252
1385
1446
1499
1642
1730
1812
1828
1802
1824
1840
1808
1755
1706
1705
1743
1753
1746
1697
1673
1659
1675
1630
1585
1468
1211
812
481
283
195
-3
-260
-552
-883
-1236
-1462
-1615
-1697
-1779
-1803
-1803
-1708
-1583
-1512
-1430
-1401
-1335
-1253
-1237
-1269
-1281
-1276
-1244
-1235
-1211
-1173
-1020
-975
-966
-1075
-1500
-2242
-3696
-4907
-5218
-5263
-4910
-4457
-4126
-3815
-3652
-3535
-3630
-3941
-4521
-5034
-5159
-4806
-4150
-3533
-3020
-2440
-2129
-2020
-1925
-1739
-1513
-1350
-1334
-1289
-1398
-1655
-2054
-2567
-2942
-3253
-3479
-3720
-3961
-4056
-4127
-4172
-4172
-4225
-4199
-4161
-4073
-3964
-3821
-3688
-3514
-3371
-3228
-3075
-2922
-2821
-2733
-2590
-2427
-2215
-2052
-1878
-1735
-1549
-1351
-1153
-1000
-826
-614
-461
-328
-185
-11
142
285
410
498
543
631
665
718
756
765
772
790
768
767
710
639
568
548
514
419
353
348
332
250
168
73
35
-6
-47
-148
-193
-222
-248
-282
-284
-293
-259
-257
-237
-208
-163
-154
-128
-57
14
115
197
263
316
348
436
518
567
649
683
697
773
818
828
854
866
837
863
897
904
890
914
930
948
922
908
920
925
932
939
936
962
974
968
950
912
907
909
893
887
887
896
922
931
941
982
981
1007
1033
1043
1042
1071
1153
1171
1200
1209
1223
1268
1274
1264
1280
1292
1321
1378
1423
1418
1408
1409
1406
1409
1375
1353
1406
1477
1484
1508
1507
1505
1496
1522
1510
1476
1438
1420
1420
1371
1351
1331
1313
1287
1288
1266
1260
1276
1294
1300
1297
1302
1355
1346
1384
1364
1359
1356
1372
1363
1358
1340
1324
1306
1288
1256
1211
1140
1087
1053
987
934
877
843
690
265
-188
-519
-662
-860
-1171
-1502
-1813
-2105
-2362
-2536
-2661
-2743
-2763
-2741
-2659
-2564
-2476
-2388
-2343
-2286
-2210
-2157
-2081
-1993
-1948
-1953
-1941
-1936
-1883
-1854
-1805
-1808
-1909
-2284
-3026
-4394
-5466
-5740
-5752
-5377
-4832
-4433
-4176
-3964
-3790
-3816
-4042
-4441
-4816
-4917
-4606
-4153
-3640
-3215
-2702
-2249
-2086
-1953
-1779
-1626
-1473
-1561
-1714
-1940
-2315
-2714
-3196
-3678
-4053
-4452
-4664
-4789
-4834
-4883
-4928
-4948
-4934
-4905
-4881
-4840
-4814
-4765
-4731
-4655
-4589
-4480
-4371
-4276
-4159
-4026
-3901
-3792
-3704
-3609
-3484
-3396
-3314
-3232
-3137
-3092
-3068
-2967
-2858
-2725
-2616
-2483
-2395
-2329
-2241
-2116
-2034
-1981
-1972
-1911
-1802
-1685
-1590
-1495
-1434
-1339
-1230
-1173
-1078
-996
-895
-813
-725
-643
-602
-541
-480
-427
-366
-305
-217
-129
-12
64
140
222
283
371
466
492
593
646
707
773
787
763
757
708
737
715
729
767
772
860
865
867
826
769
708
713
718
704
695
697
659
606
580
614
646
644
650
656
634
625
613
620
673
657
702
778
887
988
1089
1177
1243
1281
1338
1404
1449
1510
1551
1589
1630
1696
1718
1700
1690
1674
1681
1682
1668
1642
1656
1663
1666
1654
1620
1617
1619
1631
1597
1568
1536
1536
1558
1509
1487
1449
1392
1354
1301
1235
1186
1148
1132
1120
1086
1020
887
713
625
587
567
491
374
286
237
149
61
23
-3
-41
-50
-55
-58
-52
-30
-8
80
162
184
196
184
158
136
104
107
112
146
158
203
274
323
399
487
528
610
659
704
745
816
828
828
842
841
821
821
809
799
785
769
783
767
753
798
780
798
812
811
811
805
821
811
808
782
792
833
840
834
831
836
841
823
741
696
579
416
299
238
250
241
180
119
74
21
-11
-77
-99
-115
-121
-130
-179
-236
-234
-189
-128
-106
-84
-58
-96
-62
-63
3
35
47
81
169
278
335
401
462
519
553
587
561
566
586
579
588
554
551
561
577
584
560
555
593
609
629
607
609
571
542
513
475
422
427
415
386
360
326
317
285
288
286
229
191
217
188
100
34
-19
-5
-34
-50
-79
-59
-73
-35
-76
-137
-175
-175
-193
-202
-263
-297
-299
-305
-371
-514
-771
-1082
-1280
-1413
-1466
-1629
-1803
-1904
-2078
-2276
-2462
-2595
-2748
-2819
-2895
-2924
-2950
-2841
-2780
-2766
-2713
-2719
-2678
-2669
-2671
-2691
-2650
-2609
-2602
-2531
-2515
-2433
-2332
-2215
-2120
-2032
-1961
-1860
-1735
-1647
-1576
-1505
-1410
-1334
-1273
-1235
-1221
-1168
-1146
-1132
-1185
-1182
-1162
-1188
-1154
-1188
-1233
-1221
-1231
-1231
-1269
-1303
-1296
-1286
-1312
-1369
-1383
-1380
-1400
-1445
-1533
-1615
-1710
-1819
-1829
-1895
-1983
-2071
-2166
-2168
-2165
-2083
-2083
-2149
-2167
-2212
-2226
-2233
-2245
-2207
-2204
-2184
-2206
-2209
-2164
-2103
-2058
-1997
-1975
-1941
-1888
-1879
-1870
-1829
-1784
-1731
-1690
-1641
-1565
-1494
-1412
-1359
-1302
-1249
-1196
-1143
-1098
