-1300
-1409
-1387
-1342
-1344
-1343
-1344
-1461
-1527
-1518
-1417
-1379
-1450
-1462
-1299
-1087
-934
-889
-860
-863
-834
-725
-468
-256
-82
-11
15
-30
-125
-220
-277
-275
-166
-49
22
88
102
-41
-215
-281
-295
-336
-412
-422
-428
-494
-637
-762
-915
-901
-830
-764
-793
-784
-750
-674
-617
-619
-574
-503
-437
-461
-537
-662
-771
-770
-704
-692
-647
-641
-774
-907
-854
-711
-623
-528
-457
-473
-407
-274
-131
-49
-47
-85
-138
-156
-194
-204
-180
-218
-300
-357
-308
-191
-58
-48
-136
-162
-153
-150
-126
-65
-16
-4
-36
-124
-133
-76
-10
19
-38
-95
-69
32
165
363
480
533
484
427
332
169
-57
-210
-343
-541
-727
-852
-1026
-1189
-1284
-1360
-1413
-1445
-1562
-1695
-1717
-1731
-1840
-1973
-2090
-2161
-2227
-2256
-2230
-2232
-2252
-2236
-2231
-2165
-2147
-2200
-2232
-2248
-2246
-2299
-2352
-2264
-2131
-2160
-2166
-2084
-1996
-1935
-1897
-1859
-1734
-1536
-1310
-1157
-1116
-1192
-1249
-1237
-1203
-1185
-1159
-1093
-1036
-873
-824
-844
-810
-685
-552
-470
-432
-350
-321
-397
-407
-298
-210
-77
66
137
119
93
55
-78
-160
-119
-10
164
246
230
148
95
104
70
32
41
90
178
173
132
208
211
158
151
171
105
64
38
-50
-138
-179
-161
-294
-382
-287
-278
-344
-432
-477
-499
-600
-786
-862
-796
-663
-510
-481
-547
-596
-584
-513
-437
-411
-370
-427
-515
-501
-448
-407
-264
-163
-239
-413
-501
-515
-541
-586
-560
-478
-402
-455
-512
-524
-453
-352
-320
-321
-299
-279
-230
-212
-257
-186
-61
-23
-64
-189
-298
-380
-456
-522
-598
-574
-486
-462
-452
-476
-471
-473
-479
-430
-377
-426
-492
-558
-667
-691
-625
-572
-570
-641
-619
-537
-412
-279
-154
-37
-27
14
-18
-127
-184
-222
-263
-243
-253
-269
-345
-440
-603
-756
-805
-789
-707
-768
-869
-1012
-1113
-1230
-1275
-1234
-1163
-1158
-1120
-1208
-1261
-1283
-1324
-1419
-1457
-1369
-1298
-1374
-1423
-1403
-1394
-1323
-1228
-1183
-1122
-989
-901
-844
-773
-741
-741
-751
-783
-785
-775
-776
-719
-576
-488
-462
-503
-612
-678
-698
-769
-840
-916
-987
-1028
-1161
-1187
-1099
-966
-780
-617
-419
-207
-54
12
6
-28
-34
75
208
309
315
220
57
-155
-308
-337
-382
-545
-654
-797
-914
-826
-628
-442
-317
-192
-29
134
235
186
43
-58
-159
-292
-345
-470
-579
-545
-333
-200
-261
-349
-378
-253
-90
-14
-85
-167
-205
-330
-528
-671
-824
-941
-932
-906
-963
-992
-1101
-1287
-1440
-1666
-1878
-1931
-1929
-1967
-1953
-1836
-1650
-1497
-1481
-1519
-1524
-1483
-1465
-1628
-1771
-1842
-1785
-1807
-1819
-1793
-1798
-1732
-1661
-1632
-1606
-1577
-1532
-1461
-1360
-1336
-1374
-1423
-1489
-1483
-1340
-1223
-1128
-1003
-886
-777
-676
-523
-414
-369
-430
-431
-322
-256
-256
-218
-263
-316
-433
-509
-566
-683
-836
-881
-810
-765
-774
-798
-824
-890
-991
-1144
-1330
-1406
-1380
-1331
-1324
-1290
-1258
-1232
-1115
-972
-786
-545
-333
-135
-40
-56
-97
-131
-160
-231
-394
-592
-701
-750
-705
-689
-698
-672
-717
-762
-838
-914
-813
-688
-535
-382
-333
-328
-502
-645
-665
-639
-522
-484
-510
-500
-399
-350
-395
-436
-379
-308
-259
-247
-335
-509
-626
-697
-773
-779
-769
-745
-763
-816
-898
-932
-1049
-1174
-1212
-1294
-1365
-1508
-1590
-1508
-1413
-1288
-1135
-1053
-1044
-1062
-1005
-888
-843
-833
-751
-642
-456
-313
-180
-131
-172
-175
-137
-88
-66
-40
-81
-90
-64
-38
15
148
273
326
360
186
23
105
379
553
487
438
454
430
483
549
500
509
597
809
1035
1036
975
1004
1065
1081
1065
1055
1112
1124
1023
1039
1084
1062
974
821
647
514
476
367
250
201
58
-154
-307
-329
-247
-186
-188
-229
-305
-346
-417
-423
-374
-469
-643
-841
-974
-1031
-1140
-1228
-1250
-1230
-1148
-1066
-949
-796
-701
-660
-578
-502
-540
-593
-586
-627
-698
-786
-887
-932
-973
-1049
-1158
-1246
-1303
-1327
-1289
-1315
-1448
-1565
-1568
-1562
-1557
-1610
-1628
-1627
-1715
-1832
-1903
-1881
-1857
-1819
-1853
-1891
-1907
-1881
-1780
-1731
-1725
-1703
-1615
-1544
-1381
-1155
-1022
-951
-777
-689
-703
-732
-687
-570
-427
-326
-217
-100
33
142
118
102
101
96
70
136
145
50
-45
-146
-137
-55
16
34
116
217
207
204
236
318
344
227
118
113
230
363
488
564
569
598
553
529
458
387
375
304
233
145
-8
-194
-347
-588
-829
-972
-1115
-1240
-1285
-1269
-1136
-973
-920
-965
-933
-899
-875
-758
-670
-609
-612
-641
-690
-876
-1088
-1164
-1140
-1140
-1102
-1102
-1173
-1211
-1272
-1458
-1591
-1673
-1666
-1621
-1670
-1813
-1922
-2031
-2107
-2125
-2072
-2101
-2183
-2236
-2361
-2443
-2472
-2501
-2567
-2593
-2602
-2545
-2359
-2250
-2224
-2273
-2244
-2178
-2179
-2174
-2140
-2091
-1990
-1945
-1946
-1893
-1760
-1597
-1454
-1438
-1428
-1346
-1312
-1263
-1181
-1115
-998
-903
-846
-855
-843
-875
-941
-907
-774
-686
-637
-663
-675
-566
-471
-542
-554
-552
-586
-577
-563
-553
-624
-627
-618
-694
-716
-687
-716
-645
-536
-495
-515
-603
-685
-730
-748
-724
-636
-587
-582
-606
-688
-733
-709
-648
-622
-631
-649
-532
-358
-320
-271
-262
-278
-349
-329
-311
-266
-190
-168
-111
-40
-128
-216
-245
-231
-249
-320
-381
-490
-572
-586
-579
-470
-394
-220
-77
-32
-77
-115
-106
-92
-114
-209
-352
-461
-578
-649
-629
-609
-625
-649
-690
-739
-856
-1019
-1128
-1194
-1204
-1163
-1161
-1294
-1382
-1416
-1457
-1600
-1774
-1831
-1860
-1831
-1770
-1752
-1730
-1669
-1603
-1532
-1498
-1532
-1633
-1742
-1733
-1624
-1542
-1537
-1598
-1537
-1420
-1402
-1378
-1349
-1350
-1350
-1309
-1248
-1224
-1136
-1003
-962
-961
-1086
-1152
-1051
-865
-712
-686
-676
-605
-523
-452
-403
-358
-419
-480
-605
-662
-601
-438
-252
-207
-193
-159
-125
-105
-29
20
22
117
155
89
107
98
72
113
230
291
315
403
469
360
307
408
541
598
669
620
525
472
543
644
658
642
676
850
1062
1215
1133
990
919
919
810
598
386
261
166
78
-55
-180
-246
-197
-121
-83
-38
57
158
199
104
47
96
167
172
77
-5
36
93
22
-79
-204
-299
-394
-439
-471
-493
-479
-455
-402
-307
-258
-209
-121
-99
-108
-26
62
163
179
150
134
187
296
397
479
463
434
529
630
606
489
475
584
666
715
714
653
571
526
438
295
238
172
115
89
65
81
99
4
-62
-57
-28
-116
-211
-245
-283
-295
-298
-374
-445
-486
-474
-456
-456
-465
-481
-505
-576
-633
-609
-599
-732
-918
-1116
-1290
-1476
-1717
-1943
-2019
-2136
-2269
-2378
-2404
-2366
-2375
-2381
-2264
-2139
-2051
-2013
-2022
-2002
-1926
-1825
-1639
-1347
-1121
-1004
-947
-961
-935
-869
-864
-902
-1003
-1128
-1245
-1354
-1425
-1486
-1539
-1584
-1660
-1755
-1793
-1888
-1976
-2101
-2299
-2424
-2436
-2424
-2485
-2561
-2610
-2592
-2580
-2574
-2598
-2636
-2612
-2541
-2424
-2329
-2196
-2095
-2057
-2052
-2050
-2044
-2097
-2075
-2046
-2112
-2183
-2236
-2289
-2294
-2274
-2203
-2005
-1779
-1654
-1468
-1351
-1310
-1319
-1333
-1323
-1301
-1219
-1137
-1084
-1081
-1072
-963
-820
-771
-733
-632
-566
-490
-461
-522
-639
-688
-704
-757
-806
-780
-768
-825
-870
-873
-930
-983
-1032
-1114
-1185
-1294
-1370
-1350
-1262
-1145
-919
-645
-419
-256
-190
-129
-20
133
296
314
265
224
186
200
166
150
159
235
264
240
328
344
312
263
241
192
59
-29
-19
38
87
53
129
195
227
189
101
-32
-98
-143
-153
-262
-405
-419
-399
-419
-514
-530
-504
-504
-403
-354
-399
-419
-374
-292
-226
-160
66
199
196
291
336
389
450
484
479
326
163
75
101
150
132
103
109
64
-31
-76
-77
-93
-154
-151
-154
-157
-177
-209
-266
-315
-227
-186
-166
-132
-148
-107
-109
-27
98
174
121
130
48
68
92
-41
-123
-94
-49
12
53
162
336
479
508
399
282
331
464
540
495
490
510
524
490
395
346
317
235
186
104
16
-66
-75
-22
-40
-46
-40
-28
1
42
66
86
85
95
50
12
-10
47
156
213
80
-106
-304
-457
-574
-737
-832
-820
-782
-823
-830
-748
-562
-453
-396
-295
-307
-341
-346
-428
-489
-413
-296
-258
-290
-378
-449
-498
-518
-527
-529
-463
-422
-523
-552
-486
-385
-252
-232
-187
-86
-76
-177
-351
-476
-502
-568
-754
-917
-999
-1065
-1085
-1107
-1208
-1351
-1494
-1627
-1722
-1656
-1590
-1588
-1659
-1760
-1707
-1662
-1624
-1515
-1382
-1273
-1239
-1186
-1104
-1022
-1004
-1028
-1018
-998
-945
-904
-906
-868
-950
-1059
-1057
-1019
-978
-1027
-1068
-1125
-1220
-1252
-1334
-1416
-1541
-1666
-1640
-1602
-1553
-1465
-1377
-1328
-1319
-1266
-1178
-1129
-1141
-1207
-1260
-1305
-1229
-1158
-1132
-1075
-999
-946
-845
-779
-626
-550
-534
-528
-529
-484
-418
-309
-208
-91
72
284
458
644
842
975
1024
1125
1186
1192
1176
1115
1089
1073
1039
1048
1010
857
645
388
131
-81
-105
-150
-199
-217
-176
-198
-216
-73
153
286
302
297
329
330
342
293
222
198
269
291
298
336
365
289
327
415
383
354
449
487
399
328
344
273
191
150
159
193
302
347
342
285
176
23
-86
-86
9
9
-144
-287
-375
-463
-470
-361
-273
-259
-335
-384
-364
-263
-320
-445
-413
-337
-303
-277
-291
-275
-274
-315
-310
-298
-312
-334
-263
-264
-313
-389
-442
-466
-475
-501
-525
-430
-277
-211
-206
-232
-244
-195
-211
-260
-278
-312
-330
-337
-328
-322
-334
-372
-311
-235
-206
-208
-246
-262
-338
-420
-344
-249
-188
-139
-127
-133
-159
-168
-119
-180
-229
-191
-150
-176
-258
-334
-258
-125
-76
-50
-9
86
203
336
445
486
557
589
528
483
412
371
314
332
310
177
120
49
-17
-62
-236
-448
-565
-636
-693
-788
-974
-1062
-1157
-1252
-1318
-1363
-1351
-1325
-1322
-1388
-1459
-1459
-1358
-1263
-1281
-1228
-1133
-1095
-1038
-1016
-1014
-957
-814
-640
-545
-646
-668
-623
-641
-565
-508
-486
-470
-523
-572
-566
-544
-589
-684
-793
-956
-1099
-1165
-1108
-1007
-1007
-1027
-986
-968
-1050
-1203
-1377
-1438
-1389
-1177
-936
-750
-641
-524
-399
-317
-346
-384
-335
-334
-277
-216
-257
-420
-537
-670
-868
-1011
-1025
-908
-783
-674
-531
-368
-182
-39
114
196
143
72
56
3
-98
-207
-308
-361
-422
-340
-142
-9
-27
-93
-236
-379
-496
-613
-701
-663
-520
-367
-285
-259
-237
-240
-297
-422
-547
-648
-657
-562
-453
-300
11
303
398
432
379
246
121
50
-21
-66
-142
-199
-104
21
-3
-74
-108
-165
-206
-267
-349
-523
-721
-874
-975
-1063
-954
-713
-501
-338
-185
-11
142
187
236
307
408
474
569
566
478
377
276
215
133
0
-174
-291
-348
-449
-537
-603
-629
-631
-707
-860
-1058
-1115
-1006
-957
-1023
-1089
-1079
-1022
-969
-928
-948
-950
-884
-796
-643
-490
-304
-92
82
183
165
133
72
15
-67
-155
-250
-284
-304
-301
-279
-281
-291
-242
-181
-115
-70
6
88
129
195
271
316
382
416
434
483
540
606
655
708
734
710
724
683
612
541
480
468
550
607
652
697
726
704
686
654
572
506
453
473
526
627
636
527
461
366
295
333
458
529
590
635
634
656
694
755
733
684
694
720
761
745
657
628
610
501
358
344
354
338
306
315
239
210
165
56
-87
-220
-302
-293
-283
-317
-383
-417
-405
-383
-317
-351
-427
-493
-581
-669
-681
-605
-585
-656
-654
-660
-748
-865
-926
-971
-1012
-1038
-1054
-1080
-1162
-1223
-1237
-1128
-965
-877
-874
-886
-864
-852
-764
-698
-684
-658
-664
-690
-699
-781
-857
-1000
-1109
-1180
-1275
-1257
-1212
-1178
-1168
-1086
-1020
-994
-877
-891
-929
-872
-801
-791
-862
-957
-952
-886
-820
-832
-846
-703
-529
-404
-438
-445
-486
-468
-446
-499
-642
-743
-860
-977
-1043
-1109
-1185
-1251
-1296
-1267
-1124
-1071
-1128
-1199
-1240
-1249
-1281
-1271
-1162
-1080
-955
-854
-721
-509
-335
-210
-161
-181
-178
-200
-226
-314
-380
-400
-424
-446
-491
-540
-522
-446
-313
-225
-176
-167
-141
2
63
47
9
10
19
-22
-98
-108
-76
-74
-13
11
77
202
247
300
395
471
532
593
569
493
398
404
465
574
748
843
790
616
453
279
126
88
117
143
184
279
396
491
540
549
581
601
592
547
471
383
326
332
393
427
426
392
316
191
48
-69
-145
-233
-309
-366
-448
-460
-466
-519
-628
-745
-777
-745
-669
-620
-632
-698
-712
-663
-622
-608
-613
-564
-463
-406
-407
-460
-542
-556
-522
-544
-506
-381
-299
-290
-281
-326
-387
-346
-301
-306
-372
-467
-592
-717
-783
-871
-897
-885
-851
-785
-814
-875
-853
-787
-805
-831
-802
-828
-862
-861
-832
-854
-845
-859
-869
-828
-752
-657
-604
-471
-395
-490
-702
-747
-781
-857
-918
-950
-928
-922
-1004
-1042
-985
-976
-956
-965
-1006
-980
-966
-917
-872
-831
-828
-860
-931
-932
-939
-913
-962
-1015
-958
-948
-993
-1017
-1031
-1029
-1100
-1153
-1162
-1215
-1316
-1479
-1632
-1703
-1820
-1953
-2086
-2187
-2199
-2098
-1989
-1836
-1703
-1677
-1711
-1635
-1540
-1487
-1478
-1452
-1430
-1456
-1581
-1638
-1626
-1538
-1395
-1262
-1153
-1020
-971
-965
-1053
-1098
-1104
-1055
-1079
-1180
-1289
-1422
-1555
-1600
-1661
-1737
-1738
-1656
-1574
-1486
-1496
-1545
-1527
-1439
-1344
-1353
-1410
-1401
-1258
-1095
-932
-769
-616
-571
-533
-472
-419
-507
-595
-677
-810
-963
-1072
-1215
-1413
-1639
-1813
-1858
-1826
-1673
-1520
-1494
-1495
-1424
-1410
-1442
-1513
-1570
-1577
-1524
-1519
-1497
-1509
-1533
-1416
-1283
-1195
-1062
-980
-923
-806
-705
-700
-680
-714
-740
-903
-1066
-1175
-1197
-1115
-1014
-1040
-1089
-1018
-909
-821
-720
-682
-702
-763
-795
-734
-705
-700
-809
-972
-1089
-1121
-1064
-1062
-1157
-1252
-1293
-1222
-1193
-1227
-1245
-1184
-1168
-1111
-1091
-1140
-1201
-1250
-1295
-1333
-1390
-1404
-1366
-1371
-1424
-1390
-1341
-1265
-1189
-1151
-1042
-909
-776
-623
-506
-405
-356
-380
-331
-230
-185
-286
-368
-400
-378
-340
-538
-724
-738
-760
-813
-884
-1009
-1207
-1350
-1483
-1616
-1725
-1770
-1865
-1966
-2119
-2305
-2468
-2556
-2522
-2546
-2451
-2177
-1778
-1486
-1502
-1619
-1728
-1902
-2143
-2400
-2598
-2674
-2541
-2230
-1877
-1478
-1053
-654
-578
-711
-923
-1197
-1550
-1881
-2055
-2208
-2279
-2116
-1785
-1493
-1436
-1634
-1908
-2106
-2215
-2247
-2267
-2392
-2566
-2699
-2787
-2730
-2659
-2542
-2368
-2315
-2333
-2374
-2362
-2280
-2318
-2435
-2501
-2533
-2567
-2491
-2425
-2411
-2487
-2575
-2636
-2610
-2493
-2267
-2069
-2051
-2152
-2277
-2420
-2583
-2809
-3007
-3078
-2996
-2833
-2700
-2624
-2529
-2420
-2338
-2213
-2137
-2088
-2059
-1971
-1854
-1766
-1657
-1471
-1245
-1033
-847
-704
-579
-426
-377
-448
-557
-618
-663
-704
-736
-899
-1125
-1268
-1234
-1091
-1003
-974
-952
-1009
-1085
-1167
-1300
-1376
-1352
-1189
-897
-522
-230
-32
50
82
100
141
167
224
238
181
140
174
227
344
507
705
917
1091
1200
1203
1142
1047
922
797
664
555
546
570
594
670
727
765
739
657
524
371
262
221
189
175
185
124
67
76
42
33
7
-118
-200
-222
-231
-236
-214
-165
-83
-45
-35
-17
-1
8
57
106
163
179
108
51
100
118
17
-108
-113
-151
-268
-377
-465
-598
-715
-749
-825
-999
-1273
-1565
-1698
-1657
-1633
-1619
-1494
-1423
-1341
-1259
-1225
-1243
-1234
-1283
-1217
-1043
-900
-839
-798
-749
-717
-739
-792
-716
-573
-512
-467
-508
-596
-628
-716
-798
-851
-846
-887
-958
-1029
-1105
-1193
-1281
-1382
-1470
-1465
-1364
-1288
-1272
-1304
-1203
-1017
-843
-726
-708
-663
-631
-590
-561
-583
-665
-736
-837
-913
-1001
-1027
-939
-886
-874
-821
-760
-689
-689
-771
-896
-1049
-1174
-1206
-1145
-1135
-1159
-1071
-983
-930
-916
-896
-830
-729
-668
-709
-804
-803
-785
-803
-835
-880
-900
-971
-1024
-1050
-1066
-1021
-999
-950
-918
-900
-824
-795
-713
-550
-462
-503
-548
-568
-613
-658
-609
-423
-280
-289
-305
-327
-274
-186
-129
-224
-367
-541
-684
-706
-763
-851
-917
-941
-970
-986
-1027
-1122
-1073
-956
-915
-910
-822
-777
-859
-1022
-1279
-1404
-1445
-1498
-1453
-1433
-1427
-1361
-1366
-1442
-1605
-1700
-1682
-1594
-1528
-1433
-1207
-950
-807
-746
-744
-754
-807
-878
-995
-1044
-1126
-1289
-1406
-1415
-1333
-1257
-1175
-1220
-1296
-1201
-1038
-913
-804
-755
-831
-964
-1127
-1290
-1433
-1586
-1772
-1925
-1925
-1713
-1338
-1112
-1121
-1105
-962
-880
-902
-978
-990
-919
-831
-884
-1027
-1084
-931
-719
-566
-554
-592
-612
-517
-374
-265
-177
-76
-133
-215
-286
-411
-468
-458
-460
-634
-846
-928
-966
-972
-1048
-1211
-1299
-1254
-1153
-1036
-954
-897
-921
-939
-894
-903
-877
-806
-740
-749
-778
-777
-776
-821
-930
-1031
-1045
-1059
-1077
-1065
-1118
-1175
-1126
-1017
-819
-743
-682
-637
-659
-720
-837
-938
-885
-752
-691
-729
-786
-791
-789
-784
-818
-856
-844
-841
-879
-955
-1031
-949
-900
-949
-806
-565
-477
-484
-510
-536
-537
-540
-487
-461
-416
-394
-397
-421
-487
-540
-524
-504
-505
-517
-533
-545
-531
-619
-720
-758
-767
-773
-702
-693
-759
-892
-968
-1006
-1012
-1007
-1005
-1004
-966
-928
-925
-966
-1042
-1095
-1089
-1146
-1172
-1210
-1276
-1385
-1461
-1483
-1438
-1321
-1204
-1122
-1081
-1081
-1138
-1195
-1236
-1258
-1307
-1424
-1557
-1555
-1460
-1419
-1390
-1352
-1386
-1468
-1525
-1505
-1423
-1385
-1375
-1341
-1329
-1258
-1260
-1305
-1400
-1386
-1269
-1257
-1256
-1139
-976
-875
-787
-670
-625
-613
-572
-654
-755
-821
-887
-975
-1057
-1128
-1160
-1221
-1259
-1266
-1217
-1129
-1170
-1227
-1288
-1359
-1298
-1210
-1085
-899
-817
-835
-774
-733
-804
-957
-1045
-1067
-1096
-1134
-1154
-1132
-1091
-990
-924
-1025
-1096
-1051
-969
-931
-1019
-1090
-1243
-1309
-1200
-1014
-871
-826
-833
-890
-1043
-1160
-1221
-1407
-1593
-1710
-1755
-1741
-1703
-1723
-1705
-1687
-1605
-1534
-1548
-1510
-1476
-1419
-1353
-1341
-1357
-1316
-1336
-1431
-1548
-1582
-1620
-1665
-1736
-1831
-1825
-1724
-1607
-1482
-1416
-1392
-1399
-1383
-1322
-1281
-1307
-1352
-1368
-1359
-1341
-1296
-1251
-1275
-1363
-1416
-1487
-1405
-1148
-891
-782
-787
-793
-748
-695
-736
-807
-950
-1093
-1202
-1284
-1366
-1332
-1244
-1127
-1130
-1179
-1274
-1274
-1186
-1145
-1084
-1066
-1095
-1054
-1053
-1141
-1304
-1313
-1170
-1082
-1191
-1286
-1339
-1448
-1497
-1479
-1391
-1238
-1064
-939
-901
-919
-933
-895
-854
-793
-827
-898
-927
-988
-1017
-1005
-1062
-1144
-1215
-1358
-1511
-1654
-1807
-1889
-1877
-1886
-1743
-1531
-1378
-1333
-1295
-1352
-1343
-1234
-1163
-1201
-1277
-1265
-1112
-938
-764
-566
-423
-314
-197
-109
-197
-350
-503
-760
-1001
-1175
-1387
-1561
-1735
-1860
-1936
-1960
-1946
-1937
-1986
-1968
-1934
-1966
-1975
-2051
-2067
-2057
-2071
-2132
-2170
-2121
-2020
-1932
-1875
-1814
-1753
-1708
-1682
-1727
-1828
-1899
-1952
-1978
-1949
-1796
-1687
-1630
-1621
-1526
-1438
-1362
-1328
-1352
-1381
-1382
-1453
-1524
-1577
-1694
-1714
-1653
-1624
-1658
-1682
-1687
-1616
-1404
-1218
-1161
-1185
-1183
-1195
-1283
-1321
-1333
-1307
-1360
-1392
-1487
-1505
-1404
-1505
-1529
-1343
-1218
-992
-718
-601
-563
-506
-535
-660
-886
-1029
-1111
-1212
-1210
-1181
-1155
-1126
-1065
-940
-823
-741
-802
-873
-879
-865
-936
-1002
-1024
-915
-752
-619
-537
-466
-463
-588
-800
-953
-1019
-1005
-1043
-1052
-1090
-1147
-1135
-1053
-952
-799
-698
-603
-537
-508
-553
-508
-470
-519
-572
-596
-584
-598
-686
-774
-740
-699
-638
-505
-372
-247
-202
-236
-389
-575
-718
-819
-790
-831
-1057
-1243
-1225
-1100
-874
-662
-545
-402
-277
-322
-465
-536
-618
-684
-672
-710
-805
-834
-818
-813
-895
-1012
-1145
-1308
-1494
-1647
-1772
-1854
-1899
-1960
-1982
-1887
-1821
-1797
-1831
-1869
-1787
-1726
-1697
-1572
-1523
-1522
-1563
-1589
-1634
-1695
-1756
-1790
-1866
-2009
-2134
-2210
-2343
-2529
-2803
-2936
-2970
-2996
-2908
-2791
-2725
-2726
-2752
-2797
-2672
-2509
-2400
-2347
-2309
-2280
-2280
-2270
-2275
-2280
-2314
-2447
-2542
-2618
-2620
-2457
-2294
-2082
-1808
-1622
-1593
-1619
-1701
-1802
-1897
-1958
-1984
-2025
-2126
-2259
-2316
-2296
-2287
-2309
-2323
-2257
-2016
-1790
-1766
-1891
-2016
-2014
-1988
-1968
-1886
-1753
-1671
-1576
-1500
-1447
-1304
-1288
-1312
-1365
-1403
-1371
-1403
-1429
-1572
-1715
-1868
-1934
-2029
-2182
-2291
-2352
-2354
-2415
-2444
-2319
-2107
-1881
-1607
-1444
-1319
-1133
-1032
-991
-874
-803
-774
-764
-830
-816
-792
-743
-749
-765
-764
-825
-866
-771
-618
-602
-745
-931
-1094
-1143
-1055
-984
-989
-960
-817
-605
-452
-451
-500
-582
-707
-824
-890
-864
-776
-651
-625
-530
-273
-47
70
223
356
473
511
445
328
233
180
202
149
48
-40
-157
-282
-331
-345
-371
-437
-446
-329
-253
-262
-357
-458
-534
-595
-609
-621
-674
-664
-673
-718
-744
-741
-675
-512
-314
-205
-156
-99
-28
97
192
185
84
-90
-78
85
90
-43
-186
-287
-313
-374
-412
-444
-526
-602
-602
-549
-573
-634
-654
-572
-563
-564
-573
-682
-783
-786
-754
-653
-479
-455
-521
-574
-517
-441
-353
-190
-47
-21
-97
-271
-483
-724
-922
-1120
-1273
-1302
-1185
-1068
-1125
-1278
-1421
-1392
-1166
-968
-851
-763
-702
-688
-659
-741
-858
-915
-858
-809
-880
-785
-587
-375
-163
-46
-20
-102
-111
-102
-57
14
-15
-60
-203
-415
-589
-609
-492
-487
-461
-423
-397
-409
-433
-494
-499
-366
-140
-58
-29
-38
-133
-266
-409
-607
-724
-877
-1208
-1539
-1664
-1576
-1535
-1513
-1511
-1450
-1252
-1054
-868
-767
-691
-779
-855
-912
-950
-921
-839
-807
-848
-919
-1082
-1235
-1301
-1323
-1328
-1294
-1212
-1111
-948
-805
-717
-733
-711
-568
-425
-337
-355
-464
-597
-714
-743
-825
-759
-626
-594
-545
-420
-257
-124
-173
-371
-545
-633
-742
-859
-873
-841
-840
-858
-853
-771
-676
-605
-564
-590
-581
-584
-672
-884
-1070
-1195
-1358
-1459
-1547
-1588
-1435
-1209
-898
-641
-429
-296
-195
-124
-158
-229
-290
-202
-85
-78
-102
-68
20
2
-196
-297
-331
-274
-192
-210
-311
-356
-401
-396
-422
-504
-647
-704
-595
-338
-175
-181
-263
-264
-155
-38
-33
-62
-163
-264
-340
-428
-485
-610
-692
-610
-501
-400
-343
-384
-527
-628
-606
-524
-415
-314
-348
-465
-628
-902
-1277
-1503
-1569
-1540
-1342
-1130
-1085
-1138
-1176
-1293
-1446
-1571
-1724
-1877
-2010
-2173
-2249
-2374
-2537
-2590
-2378
-2215
-2029
-1843
-1657
-1569
-1640
-1693
-1592
-1300
-1059
-1006
-1088
-1000
-788
-722
-613
-531
-526
-477
-467
-458
-559
-647
-748
-881
-1107
-1281
-1424
-1665
-1731
-1788
-1687
-1570
-1554
-1429
-1155
-898
-765
-670
-663
-683
-674
-662
-624
-630
-646
-703
-889
-984
-1025
-968
-997
-1004
-1022
-1123
-1122
-1104
-1072
-1001
-944
-956
-1142
-1295
-1246
-1145
-1100
-1059
-1041
-867
-681
-556
-515
-497
-563
-634
-767
-876
-929
-1000
-1117
-1118
-1030
-964
-811
-702
-504
-292
-210
-276
-252
-170
-104
-94
-108
-137
-132
-75
-9
-70
-213
-245
-265
-247
-130
-59
-58
-183
-271
-497
-850
-1062
-1030
-877
-789
-818
-794
-733
-645
-563
-537
-646
-763
-906
-1031
-1184
-1260
-1276
-1235
-1102
-959
-806
-735
-653
-587
-516
-517
-570
-608
-617
-599
-533
-408
-255
-308
-549
-723
-674
-592
-583
-716
-879
-872
-854
-895
-990
-1107
-1145
-1069
-998
-953
-800
-588
-347
-363
-620
-729
-691
-659
-833
-958
-815
-484
-210
-77
-16
-42
-99
-117
-29
157
206
97
15
-26
-121
-197
-279
-328
-394
-527
-680
-813
-956
-1038
-1109
-1143
-1172
-1172
-1156
-1061
-1023
-1068
-1163
-1234
-1387
-1561
-1581
-1552
-1476
-1375
-1413
-1495
-1466
-1365
-1248
-1153
-1143
-1155
-1177
-1253
-1465
-1691
-1779
-1718
-1673
-1585
-1497
-1364
-1138
-897
-809
-823
-872
-917
-1018
-1135
-1298
-1431
-1488
-1510
-1472
-1450
-1448
-1403
-1374
-1356
-1451
-1522
-1496
-1451
-1427
-1424
-1577
-1710
-1649
-1567
-1485
-1342
-1217
-1176
-1210
-1281
-1352
-1538
-1538
-1421
-1288
-1231
-1098
-955
-935
-926
-1008
-1141
-1096
-971
-905
-864
-898
-951
-1137
-1311
-1345
-1390
-1466
-1365
-1153
-1010
-909
-911
-1006
-1028
-903
-717
-635
-664
-603
-550
-621
-703
-828
-953
-1070
-1131
-1043
-977
-955
-952
-993
-940
-839
-676
-581
-682
-845
-946
-1012
-1065
-1081
-1105
-1222
-1365
-1394
-1349
-1248
-1050
-838
-781
-757
-700
-651
-680
-725
-716
-675
-630
-606
-540
-574
-717
-891
-944
-873
-820
-891
-1034
-1291
-1416
-1473
-1582
-1670
-1696
-1533
-1370
-1294
-1199
-1209
-1143
-1010
-996
-1097
-1142
-1033
-1049
-1166
-1232
-1227
-1094
-977
-860
-743
-736
-718
-601
-513
-442
-468
-492
-487
-521
-587
-558
-470
-448
-443
-409
-333
-262
-209
-227
-336
-389
-438
-431
-455
-512
-637
-725
-684
-639
-655
-704
-749
-688
-612
-611
-623
-605
-629
-663
-764
-821
-954
-986
-960
-954
-964
-903
-874
-825
-692
-567
-533
-571
-666
-878
-912
-620
-309
-83
-144
-356
-327
-184
-10
78
-47
-233
-271
-297
-335
-396
-382
-344
-312
-350
-403
-327
-210
-157
-56
-32
-185
-338
-409
-475
-541
-642
-785
-809
-854
-930
-991
-1134
-1267
-1296
-1187
-1126
-1050
-1016
-1159
-1193
-1117
-1085
-1111
-1199
-1342
-1516
-1598
-1503
-1262
-1050
-979
-957
-848
-574
-300
-239
-356
-376
-288
-179
-201
-277
-378
-384
-241
-124
-200
-374
-462
-538
-558
-540
-601
-560
-465
-404
-370
-341
-367
-347
-385
-456
-565
-545
-500
-491
-490
-535
-588
-629
-690
-666
-609
-600
-605
-730
-732
-506
-320
-259
-198
-341
-615
-856
-827
-570
-513
-805
-1062
-1046
-951
-933
-867
-641
-498
-432
-371
-453
-596
-721
-755
-787
-726
-593
-460
-372
-296
-270
-244
-239
-255
-300
-341
-466
-523
-485
-409
-364
-326
-414
-502
-470
-417
-462
-519
-572
-563
-585
-667
-743
-648
-523
-360
-148
-5
-14
-177
-363
-458
-583
-534
-433
-372
-384
-358
-334
-363
-379
-397
-468
-556
-681
-738
-891
-1044
-1093
-1071
-1087
-1046
-1051
-1168
-1163
-1000
-857
-786
-691
-659
-673
-722
-908
-1033
-1142
-1305
-1414
-1485
-1467
-1269
-938
-697
-534
-496
-451
-326
-231
-170
-241
-302
-368
-456
-505
-489
-436
-311
-270
-254
-288
-341
-329
-367
-433
-534
-595
-666
-878
-954
-922
-873
-748
-507
-364
-396
-412
-380
-327
-333
-607
-1089
-1381
-1340
-1177
-1089
-1115
-1153
-912
-671
-583
-551
-589
-677
-665
-512
-451
-527
-593
-613
-679
-788
-849
-796
-739
-749
-866
-1040
-1085
-984
-883
-795
-797
-898
-932
-989
-1142
-1171
-1130
-1139
-1272
-1290
-1304
-1266
-1213
-1112
-959
-806
-828
-961
-1253
-1406
-1243
-1110
-1001
-1035
-1221
-1230
-1164
-1119
-1048
-1097
-1146
-1136
-1054
-1034
-1177
-1330
-1455
-1512
-1594
-1606
-1505
-1417
-1308
-1255
-1289
-1218
-1032
-907
-973
-1126
-1259
-1273
-1247
-1300
-1366
-1411
-1468
-1419
-1353
-1394
-1495
-1648
-1682
-1611
-1649
-1802
-2076
-2239
-2086
-1829
-1753
-1771
-1793
-1698
-1610
-1572
-1563
-1400
-1188
-1055
-979
-977
-1102
-1265
-1326
-1231
-1165
-1131
-1109
-1197
-1175
-1126
-1171
-1242
-1233
-1247
-1209
-1100
-967
-896
-972
-1021
-1078
-1092
-1039
-1013
-1051
-1013
-1010
-965
-970
-961
-900
-824
-853
-871
-871
-851
-927
-980
-1004
-1075
-1030
-935
-1060
-1334
-1467
-1366
-1109
-817
-764
-711
-513
-350
-225
-209
-66
59
141
198
200
202
278
366
454
405
304
282
335
359
347
350
359
349
348
353
292
197
223
276
317
246
185
194
194
137
66
95
24
-268
-542
-568
-544
-620
-773
-830
-796
-857
-1098
-1284
-1141
-867
-779
-769
-740
-711
-756
-832
-830
-644
-418
-301
-269
-247
-242
-318
-413
-489
-555
-561
-545
-457
-400
-343
-305
-339
-368
-386
-424
-433
-528
-653
-786
-929
-978
-973
-939
-890
-943
-992
-1080
-1137
-1175
-1169
-1143
-1153
-1173
-1195
-1189
-1128
-1019
-876
-690
-433
-192
-160
-161
-206
-205
-187
-78
-7
-17
-10
43
206
339
388
343
298
222
105
93
138
247
348
424
636
779
836
870
923
968
984
943
826
693
592
543
514
563
595
538
395
262
196
158
57
-14
103
85
-24
-210
-196
-43
6
-127
-301
-383
-471
-559
-647
-700
-612
-650
-813
-795
-734
-625
-492
-421
-383
-415
-449
-550
-693
-719
-743
-838
-947
-931
-757
-571
-385
-314
-238
-204
-198
-216
-292
-298
-343
-541
-684
-635
-601
-654
-663
-602
-651
-794
-1006
-1072
-1034
-1060
-1169
-1226
-1101
-938
-889
-1075
-1113
-996
-914
-857
-875
-946
-995
-1013
-1054
-1111
-1212
-1307
-1416
-1498
-1559
-1556
-1527
-1503
-1498
-1460
-1407
-1195
-969
-844
-762
-742
-713
-737
-798
-864
-871
-932
-1106
-1249
-1240
-1077
-960
-974
-1056
-1074
-1074
-1017
-976
-1064
-963
-800
-861
-1047
-971
-745
-751
-769
-840
-808
-675
-630
-763
-845
-712
-559
-458
-449
-431
-405
-356
-311
-360
-455
-588
-633
-613
-547
-459
-477
-538
-512
-494
-518
-567
-662
-779
-880
-989
-1106
-1163
-1208
-1249
-1167
-910
-669
-560
-465
-399
-338
-237
-184
-182
-137
-163
-179
-108
17
-21
-122
-308
-565
-708
-726
-767
-770
-741
-684
-596
-691
-762
-782
-816
-887
-996
-920
-795
-569
-406
-430
-583
-659
-598
-572
-660
-726
-808
-917
-1070
-1203
-1191
-1248
-1314
-1396
-1505
-1467
-1443
-1429
-1438
-1433
-1338
-1256
-1139
-1044
-1068
-1144
-1095
-1071
-1057
-1110
-1119
-986
-812
-659
-593
-615
-633
-592
-547
-531
-540
-597
-706
-759
-847
-918
-994
-980
-989
-1142
-1416
-1657
-1766
-1807
-1878
-1949
-1896
-1639
-1347
-1214
-1089
-736
-425
-251
-219
-220
-138
-112
-146
-263
-372
-433
-515
-610
-681
-790
-885
-961
-1014
-953
-944
-1032
-1149
-1133
-1135
-1236
-1331
-1392
-1433
-1401
-1396
-1445
-1421
-1258
-1084
-1055
-1180
-1262
-1363
-1434
-1522
-1610
-1681
-1734
-1805
-1866
-1937
-1842
-1668
-1525
-1516
-1383
-1220
-1132
-1118
-1175
-1191
-1090
-989
-991
-1048
-1010
-877
-839
-905
-934
-846
-703
-665
-631
-676
-717
-746
-778
-807
-827
-833
-853
-862
-833
-859
-984
-1182
-1239
-1065
-891
-865
-877
-734
-601
-525
-531
-493
-398
-327
-226
-221
-255
-253
-319
-452
-726
-924
-946
-964
-1017
-1058
-1115
-1153
-1179
-1213
-1258
-1229
-1180
-1218
-1313
-1323
-1247
-1084
-1013
-993
-1013
-989
-1005
-981
-1015
-1037
-1051
-1117
-1133
-1215
-1260
-1178
-1154
-1242
-1216
-990
-804
-782
-831
-793
-676
-533
-495
-787
-1079
-946
-783
-849
-1002
-816
-505
-248
-160
-198
-193
-122
-69
-81
-40
93
142
128
33
9
-15
-72
-110
-198
-351
-439
-492
-504
-513
-558
-721
-846
-878
-896
-910
-944
-843
-690
-602
-485
-432
-350
-225
-180
-179
-203
-274
-399
-500
-545
-577
-648
-709
-758
-944
-1142
-1224
-1200
-1266
-1361
-1414
-1448
-1530
-1587
-1470
-1284
-1043
-869
-843
-718
-575
-450
-416
-299
-182
-133
-190
-315
-458
-534
-556
-613
-708
-790
-851
-877
-824
-650
-533
-515
-553
-487
-378
-204
-95
22
6
-4
20
-105
-346
-455
-446
-466
-583
-684
-750
-799
-844
-910
-881
-805
-752
-723
-789
-790
-702
-722
-839
-992
-1233
-1278
-1190
-1065
-940
-852
-727
-651
-569
-535
-551
-563
-604
-609
-629
-700
-788
-864
-848
-819
-793
-705
-687
-763
-797
-809
-819
-982
-1256
-1409
-1333
-1390
-1543
-1686
-1577
-1403
-1229
-1141
-1115
-998
-889
-863
-924
-933
-824
-729
-676
-729
-790
-872
-933
-967
-999
-1025
-991
-950
-921
-905
-958
-996
-1008
-982
-921
-903
-985
-1073
-1047
-938
-821
-704
-663
-606
-497
-477
-534
-595
-583
-488
-417
-462
-515
-603
-629
-663
-697
-675
-653
-608
-618
-771
-837
-851
-1063
-1304
-1290
-1127
-1070
-1158
-1246
-1232
-1107
-1019
-1037
-1046
-913
-780
-647
-647
-676
-702
-693
-711
-745
-790
-861
-970
-1041
-1079
-1140
-1216
-1317
-1442
-1508
-1413
-1296
-1143
-969
-852
-735
-626
-627
-672
-692
-730
-806
-915
-1089
-1330
-1542
-1637
-1732
-1789
-1773
-1799
-1754
-1672
-1606
-1592
-1663
-1701
-1652
-1632
-1644
-1635
-1461
-1263
-1175
-1204
-1270
-1217
-1100
-1066
-1061
-1102
-1235
-1421
-1595
-1589
-1523
-1466
-1437
-1461
-1456
-1446
-1408
-1320
-1238
-1193
-1140
-1007
-987
-1044
-1056
-1105
-1158
-1142
-1017
-941
-975
-961
-749
-508
-432
-489
-457
-314
-232
-293
-402
-490
-508
-590
-622
-747
-890
-978
-1004
-1092
-1174
-1245
-1340
-1473
-1626
-1751
-1963
-1989
-1948
-1914
-1865
-1808
-1759
-1642
-1585
-1617
-1620
-1549
-1467
-1401
-1411
-1401
-1472
-1463
-1354
-1376
-1458
-1405
-1262
-1153
-1137
-1108
-1063
-975
-930
-924
-958
-999
-1023
-1001
-979
-991
-1044
-1120
-995
-832
-750
-726
-758
-824
-912
-957
-977
-959
-1000
-1026
-1083
-1144
-1220
-1265
-1326
-1421
-1530
-1571
-1530
-1552
-1661
-1710
-1484
-1210
-1115
-1086
-998
-824
-723
-749
-912
-1007
-946
-880
-956
-1154
-1366
-1398
-1357
-1406
-1559
-1660
-1666
-1609
-1604
-1618
-1634
-1628
-1662
-1787
-1896
-1858
-1725
-1608
-1547
-1486
-1470
-1369
-1171
-1054
-1013
-1070
-1111
-1193
-1281
-1338
-1383
-1421
-1447
-1365
-1353
-1324
-1263
-1225
-1278
-1379
-1297
-1244
-1315
-1478
-1631
-1740
-1658
-1505
-1476
-1585
-1569
-1371
-1270
-1260
-1301
-1292
-1221
-1195
-1169
-1179
-1255
-1372
-1505
-1638
-1824
-1957
-2131
-2284
-2393
-2546
-2607
-2664
-2725
-2911
-3168
-3301
-3330
-3352
-3140
-2787
-2495
-2321
-2135
-1937
-1794
-1699
-1658
-1609
-1556
-1499
-1417
-1435
-1544
-1645
-1650
-1626
-1692
-1753
-1724
-1675
-1701
-1746
-1697
-1572
-1538
-1558
-1619
-1581
-1486
-1398
-1353
-1391
-1375
-1349
-1311
-1356
-1465
-1510
-1508
-1517
-1555
-1664
-1862
-2088
-2286
-2429
-2495
-2583
-2665
-2718
-2617
-2454
-2393
-2510
-2663
-2739
-2553
-2355
-2143
-1969
-1728
-1353
-1096
-1001
-975
-957
-908
-826
-750
-779
-855
-889
-886
-931
-969
-1051
-990
-981
-1007
-1078
-1135
-1236
-1297
-1263
-1181
-1128
-1075
-1055
-979
-918
-924
-946
-947
-952
-993
-1015
-997
-959
-1012
-1107
-1168
-1162
-1113
-1131
-1022
-781
-618
-465
-302
-76
122
363
354
283
309
362
274
-79
-371
-702
-876
-1062
-1171
-1189
-1132
-979
-753
-512
-314
-181
-7
102
255
467
555
569
452
399
346
258
220
167
196
158
49
-84
-172
-127
-18
8
5
-44
-85
-111
-149
-282
-358
-384
-378
-479
-622
-739
-827
-839
-823
-849
-881
-934
-958
-948
-924
-925
-876
-815
-720
-659
-558
-476
-405
-367
-391
-407
-362
-286
-274
-294
-320
-342
-254
-197
-175
-232
-270
-286
-245
-200
-207
-256
-344
-366
-395
-415
-464
-458
-444
-515
-581
-584
-523
-452
-468
-430
-369
-345
-359
-356
-342
-313
-335
-355
-260
-165
-124
-86
-25
-7
42
18
-16
-7
0
45
69
53
21
-17
-55
-188
-313
-225
-39
104
170
148
82
191
324
331
243
292
455
608
547
34
-479
-736
-716
-750
-821
-843
-777
-701
-548
-439
-276
-143
10
105
248
343
404
470
404
333
262
119
18
-70
-223
-311
-368
-397
-417
-422
-340
-314
-309
-256
-207
-136
-138
-152
-181
-190
-216
-298
-359
-369
-381
-407
-460
-531
-648
-749
-831
-892
-941
-917
-908
-888
-906
-928
-922
-900
-812
-741
-703
-642
-662
-628
-567
-506
-497
-504
-505
-587
-658
-690
-735
-796
-857
-831
-755
-726
-728
-734
-725
-741
-802
-831
-849
-817
-722
-646
-680
-733
-799
-833
-851
-889
-911
-917
-926
-960
-1021
-1059
-1068
-1042
-966
-890
-916
-957
-975
-930
-896
-763
-702
-676
-575
-493
-411
-435
-409
-352
-227
-241
-453
-498
-300
-74
-112
-423
-715
-941
-1050
-1224
-1341
-1346
-1434
-1346
-1213
-1096
-979
-753
-590
-457
-304
-216
-73
28
38
-95
-212
-288
-431
-519
-601
-677
-648
-660
-642
-554
-466
-395
-300
-229
-243
-344
-453
-514
-476
-498
-510
-530
-516
-538
-591
-623
-639
-653
-682
-791
-944
-1087
-1132
-1126
-1144
-1215
-1291
-1352
-1352
-1281
-1252
-1242
-1193
-1105
-1010
-1012
-1078
-1102
-1131
-1105
-1060
-1072
-1104
-1165
-1183
-1138
-1093
-1067
-1089
-1142
-1171
-1191
-1182
-1106
-1103
-1174
-1283
-1371
-1378
-1354
-1266
-1217
-1176
-1202
-1161
-1018
-1000
-998
-889
-823
-785
-724
-740
-774
-907
-1093
-1236
-1422
-1475
-1541
-1636
-1643
-1518
-1306
-1014
-740
-587
-511
-477
-503
-489
-560
-677
-875
-1049
-1182
-1239
-1230
-1177
-1234
-1210
-1176
-1214
-1157
-1014
-788
-655
-469
-295
-142
-25
51
17
-28
-8
1
54
60
54
103
164
225
274
300
255
154
53
-80
-266
-464
-607
-750
-883
-954
-1063
-1101
-1142
-1139
-1184
-1135
-1047
-1009
-1038
-1095
-1140
-1156
-1090
-1014
-1000
-1029
-1074
-1191
-1403
-1660
-1971
-2245
-2519
-2830
-3104
-3330
-3516
-3611
-3736
-3869
-3945
-4033
-4028
-3911
-3768
-3707
-3598
-3412
-3226
-3000
-2743
-2610
-2605
-2634
-2625
-2549
-2406
-2232
-2020
-1746
-1415
-1298
-1343
-1210
-1047
-884
-835
-830
-963
-1016
-992
-931
-806
-681
-593
-710
-884
-993
-1136
-1253
-1263
-1210
-1188
-1087
-999
-846
-713
-501
-327
-298
-272
-360
-421
-450
-511
-572
-531
-619
-645
-607
-541
-517
-468
-465
-560
-655
-798
-907
-1016
-1133
-1276
-1488
-1662
-1744
-1805
-1906
-2023
-2140
-2201
-2192
-2208
-2213
-2189
-2064
-1931
-1890
-1916
-1961
-1935
-1917
-1922
-1821
-1780
-1809
-1838
-1845
-1877
-1922
-1840
-1731
-1682
-1611
-1535
-1453
-1344
-1249
-1188
-1183
-1171
-1095
-1013
-975
-941
-938
-960
-942
-951
-942
-897
-831
-831
-907
-968
-1121
-1133
-1045
-988
-1017
-1126
-1501
-1713
-1637
-1474
-1398
-1360
-1431
-1336
-1193
-1105
-1129
-1217
-1224
-1198
-1122
-1046
-985
-919
-916
-884
-767
-624
-536
-460
-489
-614
-634
-646
-728
-816
-861
-849
-820
-779
-789
-798
-757
-681
-620
-610
-659
-691
-779
-888
-964
-1040
-1049
-1120
-1173
-1347
-1500
-1595
-1666
-1692
-1774
-1899
-1994
-2043
-2063
-2066
-2104
-2110
-2072
-1996
-1871
-1770
-1669
-1560
-1443
-1334
-1201
-1048
-915
-820
-725
-624
-563
-563
-616
-616
-628
-662
-703
-650
-579
-559
-641
-742
-771
-781
-784
-793
-769
-743
-725
-637
-628
-685
-756
-899
-975
-991
-903
-874
-871
-1004
-1315
-1541
-1650
-1721
-1809
-1904
-2057
-2182
-2181
-2219
-2170
-2007
-1919
-1645
-1471
-1285
-1152
-1051
-908
-859
-798
-851
-922
-1023
-1221
-1462
-1674
-1762
-1791
-1803
-1819
-1845
-1792
-1783
-1701
-1625
-1625
-1620
-1608
-1669
-1778
-1931
-2129
-2386
-2584
-2876
-3168
-3409
-3572
-3705
-3848
-4074
-4300
-4463
-4512
-4441
-4359
-4408
-4517
-4642
-4724
-4790
-4766
-4641
-4580
-4535
-4509
-4483
-4395
-4294
-4199
-4181
-4263
-4297
-4363
-4354
-4388
-4454
-4456
-4418
-4440
-4402
-4349
-4273
-4235
-4169
-3983
-3882
-3757
-3545
-3371
-3254
-3121
-3068
-3015
-3008
-2967
-2866
-2765
-2745
-2854
-2840
-2957
-3010
-2812
-2555
-2392
-2151
-1859
-1585
-1328
-1054
-797
-540
-407
-312
-280
-329
-411
-482
-450
-462
-511
-521
-559
-561
-532
-538
-558
-544
-582
-620
-640
-693
-810
-911
-1044
-1177
-1294
-1355
-1404
-1436
-1561
-1656
-1757
-1823
-1924
-2006
-2072
-2167
-2262
-2319
-2360
-2469
-2570
-2671
-2742
-2780
-2837
-2766
-2678
-2602
-2541
-2519
-2510
-2415
-2262
-2129
-2072
-2096
-2067
-2029
-1904
-1828
-1810
-1819
-2017
-2170
-2075
-1950
-1855
-1767
-1666
-1480
-1327
-1256
-1246
-1284
-1223
-1157
-1086
-1102
-1134
-1108
-1120
-1059
-977
-779
-616
-453
-255
-112
74
131
163
149
152
103
-30
-125
-201
-302
-384
-410
-463
-497
-526
-540
-585
-656
-738
-814
-848
-868
-929
-1000
-1109
-1242
-1395
-1490
-1543
-1638
-1801
-1954
-2128
-2245
-2311
-2273
-2235
-2276
-2371
-2488
-2583
-2597
-2509
-2376
-2331
-2311
-2360
-2448
-2486
-2543
-2584
-2625
-2696
-2791
-2916
-2992
-3021
-3062
-3036
-3016
-2963
-2830
-2713
-2570
-2358
-2195
-2094
-1993
-1967
-1866
-1668
-1543
-1442
-1341
-1253
-1090
-779
-468
-325
-68
57
139
196
228
221
203
312
413
566
615
527
466
417
439
445
328
195
21
-177
-403
-644
-870
-1044
-1126
-1179
-1312
-1445
-1540
-1611
-1629
-1686
-1757
-1858
-1919
-1953
-1994
-2020
-2091
-2234
-2351
-2427
-2445
-2465
-2526
-2621
-2709
-2818
-2816
-2728
-2652
-2628
-2650
-2670
-2669
-2635
-2582
-2521
-2460
-2343
-2226
-2052
-1878
-1745
-1519
-1345
-1119
-945
-771
-559
-373
-316
-307
-389
-522
-567
-808
-1100
-1357
-1569
-1640
-1574
-1449
-1392
-1347
-1281
-1083
-909
-598
-287
-13
244
273
398
531
640
814
757
662
596
520
438
343
226
117
-36
-179
-261
-386
-481
-510
-490
-556
-665
-753
-824
-925
-1111
-1323
-1535
-1747
-1933
-2159
-2385
-2571
-2734
-2829
-2895
-2956
-2970
-2954
-2972
-2992
-3037
-2988
-2906
-2849
-2831
-2834
-2822
-2804
-2728
-2726
-2688
-2714
-2726
-2692
-2616
-2578
-2533
-2451
-2350
-2241
-2212
-2167
-2176
-2123
-2047
-1952
-1876
-1810
-1753
-1687
-1562
-1474
-1331
-1188
-1154
-1163
-1147
-1256
-1251
-1198
-1218
-1263
-1372
-1629
-1803
-1727
-1618
-1432
-1175
-901
-548
-217
57
283
575
832
903
821
712
569
426
252
119
-6
-77
-118
-175
-257
-252
-243
-257
-271
-372
-467
-538
-587
-712
-898
-1015
-1086
-1162
-1263
-1461
-1614
-1767
-1910
-1981
-2155
-2280
-2356
-2427
-2449
-2558
-2744
-2907
-3060
-3142
-3126
-3110
-3128
-3142
-3213
-3284
-3341
-3280
-3155
-3046
-2913
-2887
-2940
-2969
-2920
-2811
-2754
-2772
-2690
-2652
-2647
-2685
-2679
-2536
-2487
-2548
-2562
-2521
-2323
-2097
-1805
-1579
-1522
-1617
-1651
-1575
-1534
-1439
-1368
-1511
-1674
-1598
-1435
-1209
-834
-481
-150
161
359
484
396
314
314
257
252
230
196
125
8
-53
-129
-153
-129
-109
-116
-169
-181
-176
-247
-335
-417
-433
-427
-552
-669
-832
-975
-955
-956
-1001
-1046
-1189
-1306
-1423
-1443
-1382
-1344
-1306
-1292
-1337
-1357
-1410
-1471
-1553
-1565
-1547
-1509
-1483
-1515
-1624
-1685
-1640
-1558
-1476
-1405
-1360
-1289
-1156
-1047
-990
-873
-802
-707
-582
-465
-383
-330
-235
-9
203
429
546
560
569
570
615
697
665
564
439
378
431
594
747
823
714
571
518
492
375
189
36
-89
-115
-70
-4
270
581
676
829
1015
1047
971
947
846
683
509
400
291
174
98
-11
-64
-105
-146
-166
-223
-243
-319
-420
-486
-568
-685
-802
-919
-1062
-1195
-1283
-1416
-1487
-1563
-1664
-1698
-1710
-1732
-1785
-1830
-1777
-1716
-1655
-1687
-1796
-1921
-2003
-2052
-1991
-1934
-1839
-1833
-1921
-2064
-2181
-2222
-2156
-2003
-1791
-1593
-1517
-1503
-1340
-1223
-1114
-981
-893
-875
-909
-838
-729
-634
-700
-745
-729
-854
-942
-932
-831
-657
-459
-218
-6
65
-36
-118
-36
35
152
170
219
229
128
-70
-223
-141
12
113
103
8
-93
-146
-263
-388
-483
-608
-761
-814
-843
-931
-1013
-1089
-1123
-1152
-1193
-1264
-1373
-1516
-1641
-1758
-1911
-2109
-2204
-2299
-2360
-2431
-2629
-2827
-3068
-3254
-3283
-3261
-3239
-3229
-3239
-3334
-3395
-3313
-3196
-3114
-3114
-3140
-3189
-3213
-3245
-3223
-3218
-3212
-3234
-3254
-3325
-3407
-3495
-3561
-3523
-3462
-3319
-3218
-3055
-2954
-2938
-2867
-2724
-2467
-2241
-2015
-1803
-1686
-1585
-1630
-1718
-2071
-2345
-2454
-2549
-2454
-2359
-2102
-1916
-1704
-1541
-1416
-1175
-963
-838
-597
-286
-133
20
121
166
125
118
52
-73
-144
-210
-292
-417
-534
-635
-730
-825
-926
-997
-1063
-1095
-1177
-1310
-1443
-1531
-1576
-1614
-1723
-1818
-1867
-1879
-1913
-1989
-2077
-2210
-2239
-2241
-2265
-2297
-2363
-2496
-2639
-2740
-2738
-2656
-2649
-2658
-2729
-2824
-2895
-2842
-2747
-2573
-2420
-2295
-2271
-2291
-2344
-2291
-2182
-1996
-1810
-1749
-1763
-1820
-1858
-1844
-2018
-2371
-2770
-3081
-3293
-3446
-3462
-3264
-2811
-2155
-1538
-1139
-898
-745
-571
-397
-199
93
279
367
455
379
345
327
293
198
65
-88
-213
-274
-407
-560
-723
-886
-1039
-1172
-1289
-1422
-1596
-1794
-2020
-2218
-2351
-2514
-2700
-2926
-3183
-3424
-3567
-3668
-3756
-3899
-4062
-4215
-4340
-4302
-4241
-4188
-4233
-4294
-4403
-4469
-4514
-4426
-4240
-4066
-3949
-3883
-3871
-3905
-3891
-3869
-3736
-3573
-3410
-3277
-3253
-3282
-3291
-3297
-3202
-3004
-2778
-2635
-2574
-2473
-2364
-2293
-2192
-2039
-1853
-1796
-1739
-1663
-1647
-1859
-2312
-2968
-3585
-3842
-3699
-3324
-2582
-1793
-1501
-1289
-978
-647
-406
-114
143
355
369
308
308
232
179
54
-71
-97
-179
-220
-234
-300
-322
-310
-398
-507
-564
-602
-636
-724
-777
-848
-957
-1010
-1135
-1217
-1278
-1366
-1519
-1652
-1795
-1852
-1940
-2065
-2166
-2291
-2367
-2462
-2538
-2576
-2538
-2450
-2421
-2431
-2382
-2391
-2379
-2291
-2196
-2151
-2085
-2036
-2007
-1950
-1817
-1684
-1583
-1561
-1556
-1522
-1369
-1268
-1263
-1263
-1229
-1120
-987
-761
-660
-638
-513
-418
-352
-299
-174
24
222
479
540
673
816
745
716
841
886
874
1037
1223
1464
1690
1785
1861
1949
1973
1885
1844
1749
1729
1668
1525
1476
1442
1341
1275
1142
1047
894
696
455
243
17
-209
-466
-692
-918
-1071
-1283
-1436
-1662
-1874
-2086
-2181
-2252
-2450
-2662
-2874
-3166
-3378
-3449
-3494
-3493
-3464
-3521
-3616
-3704
-3761
-3673
-3548
-3395
-3221
-3172
-3167
-3212
-3375
-3492
-3593
-3615
-3597
-3488
-3371
-3262
-3109
-2923
-2828
-2733
-2521
-2229
-1972
-1760
-1784
-1841
-1740
-1691
-1659
-1473
-1216
-1083
-909
-598
-287
-61
151
349
444
470
492
549
569
560
540
518
521
483
388
347
306
280
321
353
339
301
206
81
-14
-102
-178
-331
-517
-715
-901
-1087
-1285
-1438
-1555
-1672
-1767
-1900
-2098
-2251
-2404
-2492
-2533
-2578
-2627
-2703
-2828
-2945
-3046
-3062
-3001
-2868
-2797
-2794
-2806
-2801
-2801
-2735
-2640
-2487
-2289
-2115
-2077
-2065
-2122
-2138
-2085
-1932
-1675
-1300
-1114
-997
-940
-902
-895
-813
-660
-589
-677
-748
-960
-1036
-1077
-1134
-1046
-937
-774
-517
-319
-45
212
523
749
892
1001
1164
1317
1374
1358
1415
1339
1263
1089
877
679
453
300
205
117
-69
-222
-347
-490
-633
-831
-984
-1085
-1228
-1361
-1494
-1603
-1704
-1813
-1966
-2140
-2314
-2409
-2497
-2535
-2569
-2670
-2731
-2740
-2683
-2530
-2332
-2294
-2403
-2556
-2768
-2954
-3152
-3201
-3167
-3151
-3160
-3161
-3112
-3024
-2958
-2841
-2753
-2682
-2621
-2512
-2359
-2206
-2111
-2082
-2029
-1866
-1703
-1505
-1362
-1164
-1001
-884
-751
-767
-862
-1036
-1074
-1207
-1393
-1536
-1653
-1741
-1719
-1658
-1661
-1544
-1427
-1170
-984
-841
-809
-785
-759
-714
-759
-841
-936
-1069
-1232
-1375
-1518
-1681
-1824
-1906
-1982
-2099
-2216
-2359
-2484
-2647
-2800
-2909
-2980
-3009
-3058
-3153
-3339
-3448
-3591
-3648
-3680
-3656
-3615
-3562
-3576
-3637
-3732
-3789
-3780
-3679
-3516
-3242
-2889
-2558
-2247
-1822
-1397
-944
-519
-37
476
929
1304
1561
1936
2247
2539
2751
2914
3023
3061
3085
3051
3108
2955
2663
2489
2136
1825
1514
1089
664
239
-186
-561
-872
-1183
-1536
-1935
-2334
-2733
-3064
-3290
-3366
-3271
-3097
-2944
-2843
-2777
-2682
-2611
-2570
-2509
-2456
-2513
-2579
-2732
-2814
-2761
-2636
-2450
-2516
-2808
-3100
-3312
-3586
-3860
-4086
-4298
-4441
-4517
-4618
-4675
-4784
-4937
-5070
-5158
-5184
-5118
-4844
-4469
-4138
-3926
-3634
-3393
-3219
-2993
-2830
-2687
-2621
-2478
-2237
-2094
-1951
-1842
-1776
-1688
-1643
-1621
-1746
-1812
-2010
-2267
-2508
-2706
-2880
-3013
-3199
-3373
-3526
-3659
-3708
-3510
-3269
-3083
-2871
-2645
-2371
-2185
-2042
-2032
-2108
-2241
-2336
-2510
-2663
-2816
-3028
-3214
-3440
-3638
-3864
-4121
-4362
-4619
-4860
-5023
-5084
-5129
-5238
-5391
-5508
-5661
-5786
-5839
-5857
-5740
-5577
-5379
-5246
-5220
-5261
-5356
-5444
-5464
-5311
-4958
-4533
-4020
-3507
-3082
-2808
-2582
-2325
-2084
-1872
-1646
-1420
-1163
-871
-708
-632
-489
-315
-227
-227
-195
-100
-18
8
-1
197
454
666
958
1289
1688
2019
2350
2681
2747
2776
2792
2794
2799
2711
2470
2317
2216
2184
2189
2242
2271
2332
2294
2131
1800
1489
1036
725
451
210
-2
-243
-574
-949
-1280
-1611
-1852
-2064
-2189
-2298
-2332
-2316
-2306
-2328
-2342
-2343
-2131
-1706
-1126
-428
228
773
1318
1898
2351
2726
3000
3241
3358
3570
3627
3586
3461
3287
3089
2988
2939
2988
3229
3470
3558
3691
3800
4041
4440
4815
5107
5333
5409
5510
5457
5216
4905
4506
4107
3754
3329
2954
2601
2270
1939
1564
1139
828
536
225
-128
-503
-878
-1189
-1430
-1628
-1761
-1878
-1966
-2061
-2204
-2402
-2643
-2917
-3091
-3234
-3343
-3460
-3593
-3681
-3605
-3331
-2878
-2365
-1852
-1307
-908
-577
-266
65
277
372
460
555
533
519
424
358
282
225
159
6
-65
17
142
251
463
661
918
1116
1084
1122
1148
1243
1352
1370
1404
1366
1265
1189
1175
1104
987
824
638
452
319
133
-79
-305
-468
-654
-749
-820
-902
-984
-1041
-1136
-1261
-1447
-1633
-1831
-1948
-1997
-1940
-1869
-1781
-1732
-1700
-1666
-1613
-1542
-1537
-1569
-1520
-1496
-1387
-1012
-432
113
730
1129
1504
1647
1576
1423
1505
1546
1647
1618
1684
1741
2072
2364
2656
2987
3261
3592
3725
3878
3979
4055
4108
4067
4049
3823
3566
3309
3035
2778
2537
2245
1934
1603
1272
873
520
209
-83
-357
-649
-941
-1252
-1563
-1820
-2046
-2320
-2631
-2942
-3253
-3510
-3767
-4059
-4412
-4686
-4943
-5184
-5382
-5491
-5665
-5828
-6040
-6297
-6554
-6865
-7122
-7285
-7459
-7700
-7957
-8090
-8156
-8217
-8239
-8284
-8250
-8189
-8123
-7990
-7857
-7714
-7540
-7423
-7298
-7257
-7223
-7182
-7106
-7049
-6954
-6780
-6692
-6647
-6576
-6413
-6325
-6208
-6163
-6201
-5989
-5536
-4747
-3739
-3257
-3083
-2658
-2002
-1053
-355
70
362
505
614
747
823
801
777
753
704
603
515
449
411
366
257
132
7
-34
-122
-247
-410
-535
-623
-694
-795
-871
-932
-914
-843
-742
-704
1149
11206
12345
11689
11264
11101
11083
11200
11457
11788
12270
12783
13328
13908
14200
13869
13252
12770
12257
11640
11060
10547
10094
9669
9338
9007
8654
8301
7926
7527
7216
6924
6791
6628
6495
6332
6134
5981
5828
5685
5532
5369
5206
5073
4948
4866
4825
4843
4819
4718
4565
4234
3809
3153
2455
1757
1101
588
610
1559
2846
3271
3085
3173
3385
3930
4355
4647
4713
4719
4648
4495
4352
4235
4153
4036
3935
3737
3574
3508
3355
3202
3016
2804
2661
2487
2289
2015
1774
1576
1402
1204
947
735
572
447
261
63
-178
-376
-529
-534
-554
-586
-643
-760
-946
-1132
-1220
-1273
-1293
-1307
-1364
-1417
-1478
-1498
-1532
-1657
-1739
-1768
-1813
-1835
-1876
-1860
-1828
-1740
-1691
-1691
-1773
-1868
-1963
-2034
-2079
-2084
-2108
-2084
-1996
-1930
-1901
-1813
-1712
-1579
-1478
-1361
-1236
-1119
-994
-851
-763
-681
-593
-517
-456
-415
-298
-145
-44
-145
-331
-505
-622
-731
-702
-476
69
908
1307
1581
1934
2514
3212
3954
4696
5071
5382
5735
6110
6441
6752
6778
6486
6288
6145
6050
5887
5770
5661
5508
5310
5084
4872
4686
4460
4234
4008
3822
3596
3463
3251
3025
2839
2722
2677
2620
2525
2424
2336
2270
2265
2297
2430
2563
2775
3016
3273
3471
3614
3680
3741
3744
3720
3729
3758
3701
3700
3716
3704
3647
3638
3687
3605
3548
3487
3354
3237
3128
3033
2945
2923
2897
2836
2683
2485
2287
2113
2047
1938
1795
1538
1264
1007
750
576
423
298
210
109
-103
-246
-322
-197
202
715
989
1201
1458
1559
1493
1252
827
516
330
264
521
795
1036
1081
1182
1335
1392
1493
1581
1607
1648
1657
1591
1379
1138
912
671
445
114
-285
-684
-1037
-1329
-1660
-2013
-2388
-2763
-3116
-3427
-3701
-3942
-4140
-4397
-4623
-4849
-5061
-5273
-5459
-5622
-5785
-5894
-5982
-6043
-6152
-6277
-6359
-6400
-6378
-6215
-5923
-5498
-4985
-4440
-3895
-3350
-2868
-2386
-2033
-1792
-1481
-1106
-753
-496
-435
-403
-385
-394
-404
-402
-357
-286
-260
-289
-275
-270
-296
-290
-300
-395
-496
-553
-602
-626
-623
-624
-604
-580
-621
-616
-628
-710
-792
-925
-880
-809
-797
-680
-555
-517
-416
-242
-44
248
391
405
431
532
603
644
630
577
452
299
-54
-385
-738
-979
-1061
-1016
-934
-846
-824
-810
-886
-1011
-1197
-1438
-1636
-1877
-2151
-2504
-2879
-3254
-3585
-3826
-4038
-4250
-4403
-4577
-4751
-4963
-5161
-5335
-5488
-5662
-5779
-5932
-6049
-6174
-6327
-6415
-6453
-6443
-6186
-5488
-4649
-3860
-3280
-2855
-2480
-2223
-1997
-1785
-1767
-1726
-1625
-1427
-1253
-1100
-1201
-1254
-1349
-1378
-1245
-1071
-830
-573
-299
-25
267
453
529
376
102
-190
-565
-896
-1249
-1674
-2073
-2472
-2847
-3246
-3699
-4152
-4551
-4882
-5235
-5492
-5766
-5992
-6233
-6507
-6748
-6974
-7137
-7254
-7379
-7424
-7506
-7607
-7689
-7721
-7792
-7629
-7049
-6260
-5518
-4862
-4349
-3974
-3908
-3855
-3746
-3645
-3492
-3375
-3163
-2937
-2861
-2728
-2575
-2363
-2210
-2184
-1986
-1800
-1699
-1765
-1860
-2013
-2199
-2411
-2786
-3185
-3516
-3790
-4031
-4323
-4564
-4838
-5191
-5403
-5615
-5758
-5956
-6197
-6409
-6650
-6907
-7164
-7362
-7479
-7574
-7640
-7765
-7874
-8007
-8102
-8143
-8145
-8107
-7933
-7602
-7177
-6664
-6151
-5638
-5213
-4939
-4727
-4651
-4622
-4551
-4463
-4362
-4229
-4112
-4017
-4031
-4088
-4104
-3524
-3350
-3312
-3338
-3326
-3244
-3070
-2872
-2719
-2602
-2449
-2354
-2368
-2382
-2273
-2099
-1925
-1713
-1527
-1432
-1418
-1400
-1362
-1286
-1169
-1036
-903
-717
-635
-606
-592
-653
-741
-866
-1019
-1217
-1318
-1389
-1442
-1433
-1300
-1218
-1216
-1228
-1246
-1072
-815
-541
-388
-271
-170
-104
-88
-100
-171
-272
-381
-534
-791
-1032
-1343
-1635
-1946
-2321
-2696
-3095
-3406
-3680
-3972
-4283
-4594
-4886
-5127
-5384
-5537
-5723
-5876
-5977
-6048
-6149
-6220
-6308
-6332
-6366
-6407
-6425
-6396
-6314
-6285
-6418
-6456
-6293
-5748
-5092
-4818
-4906
-5147
-5052
-4472
-3185
-1640
-353
539
938
1047
952
621
222
-260
-773
-1084
-1282
-1280
-1275
-1261
-1204
-1180
-1281
-1369
-1418
-1543
-1676
-1933
-2131
-2357
-2649
-2906
-3163
-3474
-3785
-4042
-4316
-4627
-4901
-5113
-5299
-5485
-5659
-5768
-5850
-5872
-5997
-6106
-6147
-6113
-6087
-6144
-6226
-6287
-6309
-6264
-6169
-6131
-6115
-6070
-6013
-5947
-5830
-5604
-5347
-5016
-4617
-4037
-3524
-3149
-2875
-2634
-2517
-2364
-2221
-2009
-1846
-1729
-1647
-1449
-1354
-1334
-1339
-1317
-1268
-1167
-969
-658
-460
-274
0
274
515
756
997
1171
1296
1325
1272
1171
985
440
-105
-685
-1341
-1997
-2372
-2646
-2503
-1923
-1181
-870
-846
-941
-1215
-1378
-1269
-1235
-1102
-904
-573
-242
111
352
393
405
410
424
342
156
-7
-116
-269
-432
-595
-758
-956
-1168
-1442
-1773
-2104
-2330
-2528
-2802
-3076
-3302
-3488
-3674
-3872
-4098
-4272
-4484
-4670
-4868
-5031
-5217
-5380
-5533
-5650
-5775
-5918
-6019
-6076
-6100
-6217
-6258
-6197
-6080
-5992
-5954
-5916
-5882
-5794
-5699
-5566
-5484
-5462
-5386
-5174
-4799
-4254
-3598
-2900
-2320
-1740
-1195
-770
-395
-64
228
520
706
869
1067
1176
1150
1207
1278
1285
1240
1097
964
869
837
932
1144
1401
1613
1738
1863
1972
1934
2087
2196
2382
2735
3066
3465
3864
4175
4257
4204
4159
4160
4186
3988
3747
3506
3265
3008
2716
2341
1916
1605
1419
1443
1552
1552
1566
1604
1630
1679
1688
1563
1377
1214
839
357
-260
-916
-1705
-2403
-2589
-2415
-2062
-1663
-1150
-668
-186
88
262
294
177
128
1415
1641
1615
1574
1631
1888
2287
2712
2500
2047
1648
1273
920
663
437
225
82
-81
-234
-377
-426
-497
-498
-416
-105
440
1057
1602
1977
2269
2543
2784
2996
3170
3303
3391
3429
3417
3360
3299
3265
3249
3254
3172
3096
3039
3005
3043
3186
3398
3655
4054
4453
4784
4947
4636
3797
2725
1936
1454
1999
3071
4525
5736
6808
7880
11950
14311
14113
13600
13175
12864
12711
12640
12654
12742
12749
12731
12697
12609
12484
12389
12256
12070
11778
11379
10980
10649
10296
10004
9605
9180
8805
8406
8031
7632
7257
6904
6593
6262
5970
5696
5385
5111
4758
4501
4209
3935
3709
3417
3160
2903
2705
2562
2376
2178
1966
1780
1637
1425
1262
1076
878
692
480
363
230
18
-256
-530
-804
-1115
-1327
-1398
-1353
-1200
-974
-643
-312
-20
272
529
770
1011
1285
1438
1601
1734
1078
70
-628
-430
642
1853
2802
3419
3711
3723
3549
3096
2614
2189
1764
1490
1381
1310
1304
1336
1418
1467
1396
1233
1059
833
559
285
-7
-281
-592
-923
-1215
-1546
-1899
-2274
-2627
-2901
-3193
-3405
-3631
-3843
-4029
-4215
-4358
-4446
-4458
-4519
-4580
-4646
-4707
-4701
-4746
-4764
-4762
-4807
-4841
-4812
-4783
-4784
-4713
-4652
-4535
-4501
-4456
-4385
-4314
-4213
-4070
-3994
-3953
-3908
-3898
-3927
-3941
-3940
-3928
-3852
-3843
-3872
-3921
-3970
-3882
-3729
-3653
-3631
-3565
-3489
-3432
-3470
-3682
-3735
-3461
-3062
-2580
-2323
-2031
-1414
-465
427
1044
1397
1708
1871
1810
1701
1625
1564
1515
1454
1359
1226
1040
854
668
456
164
-167
-520
-873
-1298
-1751
-2204
-2657
-3032
-3431
-3856
-4255
-4654
-4985
-5296
-5588
-5829
-6055
-6241
-6384
-6537
-6646
-6789
-6898
-6969
-7007
-7124
-7212
-7288
-7282
-7277
-7284
-7250
-7216
-7171
-7176
-7192
-7187
-7158
-7138
-7122
-7140
-7156
-7144
-7095
-7042
-7016
-6915
-6772
-6586
-6453
-6310
-6185
-6090
-6002
-5914
-5751
-5608
-5445
-5292
-5139
-4898
-4724
-4550
-4376
-4267
-4201
-4172
-4192
-4166
-4003
-3942
-3904
-3741
-3366
-3035
-2704
-2463
-1846
-1057
-544
-270
-137
-290
-476
-564
-538
-395
-209
-56
201
375
436
348
195
-31
-272
-564
-895
-1187
-1479
-1790
-2165
-2540
-2893
-3204
-3515
-3868
-4221
-4596
-4907
-5199
-5491
-5732
-5973
-6185
-6338
-6512
-6655
-6756
-6832
-6920
-6977
-7065
-7091
-7065
-7016
-6940
-6906
-6868
-6807
-6719
-6624
-6583
-6507
-6495
-6434
-6333
-6347
-6464
-6690
-6947
-7258
-7115
-6166
-4879
-3987
-3331
-2542
-1403
-116
776
1129
1076
701
390
227
189
223
284
417
518
619
605
452
254
56
-185
-516
-969
-1482
-1964
-2477
-2930
-3383
-3657
-3869
-4055
-4208
-4449
-4706
-4980
-5221
-5407
-5605
-5714
-5767
-5767
-5824
-5869
-5940
-5964
-5976
-5967
-5972
-5963
-5929
-5897
-5844
-5837
-5776
-5750
-5701
-5630
-5581
-5575
-5555
-5460
-5343
-5294
-5245
-5200
-5091
-5015
-4906
-4818
-4761
-4781
-4757
-4766
-4842
-4908
-4990
-5133
-5142
-5041
-4710
-4012
-2940
-1868
-1288
-835
-436
-61
452
783
1094
1547
1804
1830
1754
1423
941
285
-295
-694
-935
-988
-954
-853
-744
-673
-612
-559
-488
-470
-644
-936
-1289
-1664
-2039
-2492
-2974
-3349
-3724
-4035
-4327
-4601
-4875
-5132
-5306
-5518
-5627
-5760
-5848
-5919
-5995
-6056
-6101
-6130
-6129
-6163
-6175
-6170
-6113
-6064
-6007
-5969
-5931
-5836
-5719
-5631
-5624
-5515
-5398
-5265
-5091
-4996
-4871
-4754
-4637
-4536
-4419
-4353
-4265
-4112
-4103
-4289
-4714
-4900
-4158
-2790
-1898
-1657
-1304
-412
799
1807
2463
2492
2251
1826
1473
1216
1234
1316
1433
1645
1843
2069
2212
2313
2268
2143
1945
1671
1397
1044
669
244
-181
-606
-1059
-1458
-1857
-2232
-2585
-2938
-3269
-3580
-3837
-4049
-4247
-4421
-4633
-4776
-4864
-4917
-4970
-5041
-5059
-5097
-5102
-5116
-5122
-5148
-5099
-5137
-5147
-5156
-5122
-5073
-5020
-4979
-5013
-4979
-4953
-4915
-4866
-4805
-4814
-4757
-4669
-4560
-4515
-4474
-4386
-4291
-4250
-4168
-4102
-4001
-3925
-3947
-4035
-4123
-4276
-4550
-5206
-5631
-4739
-3371
-2479
-1781
-1083
56
1064
1903
2129
2041
1784
1527
1384
1390
1472
1615
1801
1964
2107
2202
2149
2054
1868
1611
1236
783
330
-69
-522
-1004
-1457
-1882
-2307
-2706
-3105
-3504
-3879
-4190
-4482
-4708
-4790
-4847
-4859
-4845
-4867
-4924
-4973
-5018
-5042
-5018
-5021
-4999
-4990
-4974
-4945
-4916
-4904
-4890
-4864
-4873
-4851
-4833
-4819
-4809
-4787
-4780
-4766
-4759
-4677
-4651
-4617
-4599
-4589
-4523
-4478
-4417
-4360
-4322
-4256
-4185
-4119
-4010
-3909
-3756
-3647
-3514
-3419
-3428
-3523
-3697
-4353
-5425
-5466
-4098
-2354
-1143
-71
937
2148
2890
3088
3006
2714
2488
2345
2296
2413
2576
2719
2872
3005
3027
2945
2850
2576
2265
1890
1437
984
502
49
-433
-858
-1283
-1658
-2011
-2364
-2717
-3070
-3401
-3658
-3832
-3957
-4052
-4014
-3948
-3860
-3727
-3541
-3398
-3273
-3140
-3087
-3075
-3055
-3029
-2997
-3021
-3021
-2955
-2898
-2810
-2744
-2687
-2667
-2662
-2621
-2614
-2576
-2571
-2553
-2529
-2515
-2466
-2460
-2455
-2417
-2372
-2378
-2400
-2334
-2268
-2230
-2201
-2148
-2128
-2083
-2086
-2072
-2046
-1964
-1863
-1775
-1746
-1889
-2181
-2606
-3262
-4473
-5422
-4473
-2250
-397
890
1962
2970
3626
3727
3602
3271
2818
2577
2587
2730
3022
3279
3571
3882
3948
3872
3686
3394
3083
2752
2327
1845
1363
938
563
138
-287
-712
-1137
-1619
-2164
-2709
-3162
-3587
-3828
-3904
-3787
-3575
-3244
-2845
-2470
-2178
-1966
-1865
-1870
-1931
-2019
-2095
-2228
-2353
-2496
-2613
-2756
-2873
-2949
-3037
-3132
-3214
-3259
-3316
-3318
-3330
-3352
-3397
-3417
-3411
-3425
-3424
-3430
-3392
-3399
-3401
-3446
-3480
-3458
-3434
-3425
-3478
-3498
-3504
-3499
-3470
-3490
-3607
-3740
-3926
-4301
-5193
-6265
-7214
-7567
-6495
-4403
-3035
-2143
-1304
-465
191
590
943
1235
1509
1707
1893
2079
2242
2291
2262
2161
1963
1671
1360
985
560
135
-264
-689
-1114
-1539
-1938
-2313
-2712
-3194
-3774
-4319
-4744
-5018
-5063
-4981
-4740
-4409
-4056
-3725
-3451
-3239
-3114
-3038
-3032
-3056
-3122
-3183
-3240
-3289
-3342
-3395
-3471
-3466
-3488
-3476
-3471
-3495
-3511
-3440
-3395
-3357
-3269
-3126
-3038
-2962
-2905
-2823
-2714
-2613
-2504
-2484
-2408
-2326
-2265
-2183
-2167
-2138
-2067
-1972
-1871
-1762
-1661
-1498
-1345
-1192
-1018
-832
-620
-363
-200
-124
-115
-224
-769
-1777
-2726
-4818
-5243
-3274
-608
1484
2771
3284
3417
3379
3153
3036
2960
3158
3384
3676
3987
4244
4555
4908
5134
5172
5152
5076
4913
4656
4303
3950
3619
3244
2819
2366
1967
1514
1032
487
-169
-749
-1148
-1405
-1522
-1567
-1557
-1404
-1192
-935
-723
-580
-542
-542
-618
-743
-929
-1115
-1313
-1499
-1673
-1836
-1989
-2122
-2223
-2318
-2435
-2536
-2637
-2719
-2776
-2781
-2786
-2774
-2771
-2785
-2814
-2863
-2980
-3291
-3871
-4353
-4539
-4086
-2718
-749
705
1361
1692
1933
2244
2697
3122
3414
3428
3362
3237
2812
2070
1281
664
239
-18
-17
146
499
874
1299
1698
2009
2118
2036
1810
1536
1225
872
447
-6
-488
-1001
-1454
-1879
-2392
-2937
-3419
-3794
-3937
-3998
-3881
-3624
-3225
-2608
-2028
-1546
-1235
-1092
-1098
-1207
-1393
-1605
-1803
-2001
-2213
-2425
-2637
-2800
-2974
-3075
-3192
-3309
-3366
-3415
-3439
-3448
-3477
-3468
-3467
-3468
-3480
-3475
-3443
-3417
-3399
-3383
-3351
-3294
-3193
-3111
-3040
-2995
-2934
-2885
-2840
-2806
-2792
-2787
-2711
-2677
-2611
-2582
-2500
-2484
-2402
-2326
-2260
-2107
-2019
-1931
-1893
-1852
-1861
-1870
-1899
-1970
-2036
-2093
-2099
-2096
-2030
-1942
-2128
-2610
-3308
-4257
-5149
-6694
-7981
-7325
-6114
-4827
-2974
-1005
449
1521
2263
2961
3541
4023
4603
5028
5214
5331
5388
5312
5114
4888
4662
4405
4207
3966
3709
3435
3143
2832
2501
2102
1771
1460
1168
793
418
43
-231
-472
-625
-720
-765
-770
-784
-810
-851
-869
-926
-971
-1016
-1061
-1099
-1093
-1111
-1164
-1240
-1328
-1399
-1398
-1418
-1428
-1481
-1497
-1465
-1458
-1534
-1667
-1941
-2272
-2458
-2217
-1325
419
2388
3756
4648
5130
5356
5489
5598
5607
5366
4991
4750
4476
4145
3770
3317
2918
2607
2482
2553
2794
3276
4018
4760
5377
5859
6085
6036
5705
5192
4679
4166
3684
3171
2658
2205
1780
1405
1030
738
464
207
-19
-245
-443
-629
-803
-966
-1192
-1503
-1985
-2338
-2455
-1910
-456
1397
2851
3743
4288
4599
4797
4960
5234
5446
5417
5329
5166
5023
4797
4372
3674
2835
2046
1304
648
-8
-300
-295
58
571
1269
2011
2524
2816
2821
2623
2270
1788
1335
853
340
-173
-655
-1080
-1433
-1744
-2075
-2332
-2518
-2704
-2813
-2922
-3010
-3055
-3100
-3149
-3161
-3210
-3215
-3247
-3271
-3328
-3366
-3342
-3326
-3314
-3346
-3344
-3332
-3322
-3296
-3272
-3252
-3232
-3218
-3230
-3185
-3173
-3166
-3134
-3108
-3059
-3054
-3066
-2971
-2895
-2824
-2786
-2780
-2735
-2697
-2691
-2698
-2712
-2703
-2674
-2625
-2599
-2579
-2576
-2527
-2505
-2502
-2490
-2419
-2343
-2255
-2160
-2035
-1849
-1706
-1611
-1754
-2334
-3283
-4122
-6091
-7636
-6847
-4486
-1820
-76
713
1088
1213
1104
979
1028
1240
1551
1904
2386
2931
3413
3895
4206
4404
4449
4373
4210
3998
3667
3336
2961
2630
2277
1924
1549
1174
775
400
47
-227
-439
-625
-720
-781
-819
-795
-750
-728
-744
-789
-877
-1040
-1157
-1202
-1284
-1458
-1656
-1842
-1995
-2120
-2208
-2296
-2291
-2246
-2237
-2184
-1943
-1544
-802
337
1409
2248
2904
3449
3760
3893
4002
4127
4165
4077
3914
3702
3327
2782
2165
1467
769
344
201
326
583
1008
1553
2066
2358
2570
2641
2609
2411
2080
1655
1110
454
-202
-715
-724
-26
1046
2054
2752
3044
3187
3062
3053
3406
3717
3915
3854
3668
3293
2868
2611
2300
2147
2046
1883
1807
1644
1370
1217
1005
731
622
616
621
605
548
439
276
102
-155
-341
-567
-808
-1082
-1323
-1597
-1871
-2145
-2386
-2549
-2702
-2811
-2954
-3079
-3167
-3228
-3242
-3283
-3278
-3287
-3281
-3282
-3292
-3314
-3340
-3330
-3332
-3310
-3315
-3262
-3260
-3240
-3228
-3212
-3221
-3219
-3195
-3179
-3167
-3151
-3127
-3105
-3060
-3046
-3005
-2917
-2851
-2790
-2737
-2711
-2689
-2640
-2569
-2516
-2445
-2384
-2346
-2320
-2311
-2299
-2275
-2251
-2169
-2112
-2109
-2083
-2042
-2010
-2036
-2068
-2050
-2103
-2174
-2386
-3042
-4253
-5392
-5972
-6115
-4371
-2010
-642
307
1146
2038
2551
2777
2830
2856
2731
2278
1622
1109
852
905
1216
1729
2346
2963
3416
3769
3878
3725
3414
2961
2479
1966
1421
876
296
-217
-616
-890
-951
-834
-636
-395
-209
-84
-72
-113
-214
-339
-502
-676
-917
-1158
-1356
-1568
-1766
-1929
-2046
-2134
-2187
-2282
-2435
-2633
-2890
-3182
-3394
-3465
-3154
-2146
-402
1451
2738
3480
3879
4077
4230
4212
4111
3800
3425
2943
2490
1945
1328
630
85
-368
-625
-559
-46
793
1865
2704
3249
3602
3719
3576
3201
2748
2235
1690
1208
755
356
-19
-394
-725
-999
-1273
-1499
-1685
-1828
-1971
-2134
-2243
-2352
-2453
-2554
-2642
-2854
-3185
-3638
-3991
-3950
-3208
-1567
286
1654
2603
3345
3925
4407
4718
4698
4610
4384
3931
3351
2734
1842
950
208
-372
-885
-1238
-1224
-849
-151
857
1865
2654
3136
3348
3282
3056
2681
2282
1829
1404
922
547
216
159
-82
-435
-621
-618
-557
-618
-859
-1071
-1204
-1230
-1244
-1260
-1321
-1366
-1454
-1536
-1570
-1582
-1587
-1573
-1566
-1604
-1622
-1619
-1601
-1600
-1620
-1627
-1656
-1672
-1671
-1683
-1709
-1721
-1728
-1728
-1728
-1696
-1710
-1722
-1751
-1769
-1791
-1809
-1789
-1783
-1754
-1763
-1743
-1752
-1747
-1781
-1787
-1805
-1752
-1711
-1658
-1629
-1591
-1575
-1514
-1488
-1450
-1401
-1363
-1325
-1259
-1258
-1238
-1206
-1194
-1170
-1170
-1167
-1138
-1128
-1094
-1120
-1100
-1047
-976
-905
-856
-850
-828
-814
-800
-809
-808
-774
-713
-647
-602
-564
-561
-479
-408
-347
-281
-247
-176
-59
84
160
236
312
280
-119
-1068
-2355
-3996
-6088
-5902
-3933
-1841
-387
562
1142
1434
1620
1877
2089
2165
2457
2631
2872
3271
3670
4045
4319
4517
4566
4478
4369
4128
3775
3444
3069
2616
2191
1678
1253
828
497
205
110
136
322
520
653
694
714
688
535
309
52
-240
-466
-723
-949
-1223
-1449
-1635
-1809
-2007
-2248
-2522
-2779
-2977
-3110
-3151
-2977
-2397
-1110
344
1631
2703
3492
3917
4012
4038
3962
3901
3768
3702
3569
3371
3173
2798
2316
1660
1004
306
-239
-550
-599
-446
-189
142
541
894
1027
998
889
726
452
77
-376
-729
-596
146
1285
2293
3035
3517
3715
3729
3892
3953
3973
3787
3334
2717
2019
1402
977
624
398
297
263
138
29
-5
-7
38
-71
-234
-367
-443
-453
-485
-648
-860
-1046
-1134
-1172
-1173
-1274
-1460
-1623
-1756
-1930
-2093
-2291
-2465
-2639
-2865
-3039
-3202
-3311
-3382
-3458
-3567
-3643
-3672
-3725
-3751
-3792
-3863
-3889
-3960
-4036
-4131
-4176
-4131
-4065
-4016
-3992
-3972
-3931
-3878
-3856
-3840
-3787
-3742
-3676
-3642
-3593
-3540
-3487
-3421
-3380
-3335
-3321
-3295
-3229
-3141
-3070
-3009
-2952
-2899
-2861
-2812
-2774
-2754
-2672
-2555
-2422
-2321
-2287
-2261
-2255
-2248
-2253
-2354
-2471
-2596
-2697
-2719
-2631
-2433
-2290
-2372
-2725
-3423
-4562
-5634
-6921
-8060
-7607
-6599
-5388
-3535
-1566
-21
1118
1860
2516
3061
3574
4027
4452
4726
4912
4867
4750
4617
4419
4178
3921
3647
3421
3195
2983
2726
2434
2177
1866
1535
1182
783
491
305
248
411
893
1549
2094
2519
2745
2833
2745
2504
2173
1748
1323
948
595
284
-8
-300
-541
-798
-1090
-1401
-1675
-1873
-2006
-2280
-2733
-2974
-2733
-1725
128
2097
3465
4304
4757
4795
4670
4339
4008
3583
3272
3015
2662
2149
1493
601
-291
-1183
-1696
-1533
-988
-246
646
1435
2052
2505
2703
2756
2623
2349
1974
1549
1096
551
69
-384
-783
-1114
-1489
-1800
-2092
-2333
-2545
-2719
-2893
-3036
-3153
-3241
-3342
-3418
-3475
-3469
-3475
-3497
-3546
-3555
-3550
-3536
-3534
-3541
-3529
-3507
-3473
-3432
-3375
-3334
-3277
-3232
-3206
-3168
-3123
-3062
-2991
-2925
-2872
-2827
-2789
-2751
-2742
-2730
-2721
-2645
-2596
-2530
-2512
-2521
-2539
-2551
-2535
-2519
-2499
-2477
-2439
-2405
-2385
-2365
-2331
-2293
-2227
-2182
-2141
-2084
-2018
-1989
-1928
-1937
-1949
-1929
-1872
-1827
-1778
-1737
-1715
-1666
-1605
-1556
-1461
-1328
-1257
-1148
-1060
-984
-1045
-1420
-2118
-3190
-4735
-6022
-5073
-2850
-1209
78
820
1131
1294
1096
697
456
270
117
56
209
584
1009
1554
2171
2751
3204
3557
3743
3772
3629
3417
3176
2902
2571
2218
1765
1412
1138
985
1046
1357
1732
2024
2236
2345
2377
2301
2115
1823
1492
1067
668
293
-60
-435
-746
-1057
-1349
-1680
-1954
-2152
-2240
-2297
-2358
-2532
-2843
-3006
-2581
-1294
559
2303
3514
4256
4738
4826
4683
4457
4304
4092
3835
3482
3083
2601
1903
1205
313
-304
-729
-854
-788
-514
-222
35
309
566
642
630
559
373
116
-215
-526
-857
-1168
-1499
-1830
-2161
-2514
-2771
-2957
-3143
-3276
-3393
-3454
-3515
-3576
-3647
-3688
-3714
-3716
-3694
-3699
-3723
-3714
-3702
-3686
-3654
-3630
-3581
-3543
-3552
-3543
-3511
-3489
-3440
-3416
-3404
-3395
-3357
-3300
-3255
-3214
-3188
-3143
-3098
-3022
-2973
-2947
-2909
-2877
-2820
-2782
-2748
-2653
-2577
-2489
-2444
-2430
-2421
-2392
-2358
-2320
-2288
-2235
-2134
-2068
-1986
-1925
-1909
-1871
-1842
-1816
-1794
-1772
-1743
-1655
-1589
-1536
-1465
-1356
-1247
-1130
-1013
-870
-804
-709
-584
-527
-670
-1095
-1793
-2801
-4169
-5241
-4102
-1879
-238
834
1347
1772
1915
1752
1441
1149
796
584
451
527
858
1340
1957
2502
2984
3466
3865
4139
4234
4168
4015
3829
3603
3329
3037
2662
2370
2144
2049
2261
2660
2952
3150
3275
3328
3283
3130
2889
2536
2161
1736
1337
912
513
182
-129
-440
-793
-1067
-1279
-1422
-1565
-1682
-1748
-1881
-1938
-1485
-198
1546
3290
4429
5127
5580
5778
5764
5719
5662
5488
5177
4824
4371
3791
3049
2157
1318
620
195
32
93
267
541
798
1090
1288
1405
1423
1290
1104
918
732
534
277
20
-291
-602
-876
-1168
-1409
-1635
-1821
-1995
-2148
-2322
-2485
-2618
-2694
-2770
-2841
-2917
-2962
-2994
-3047
-3108
-3157
-3191
-3190
-3178
-3162
-3182
-3173
-3151
-3133
-3095
-3083
-3051
-3022
-2984
-2979
-3003
-2987
-2961
-2949
-2954
-2970
-2982
-2980
-2968
-2968
-2915
-2870
-2794
-2718
-2702
-2736
-2861
-3004
-3137
-3270
-3371
-3416
-3411
-3427
-3570
-3901
-4414
-5031
-5687
-6267
-6441
-6042
-5203
-4254
-3556
-3157
-3119
-3331
-3911
-4456
-4293
-3154
-1301
244
1383
2125
2607
3032
3431
3742
4034
4220
4329
4370
4261
4098
3935
3772
3560
3397
3244
3046
2893
2760
2635
2461
2220
1994
1768
1582
1537
1763
2276
2893
3406
3781
3993
4007
3833
3480
2998
2485
1940
1458
1033
634
303
-8
-249
-475
-673
-871
-1069
-1212
-1288
-1320
-1437
-1729
-2082
-2021
-1182
459
2428
3973
4715
5114
5288
5076
4784
4510
4157
3758
3276
2901
2356
1614
665
-343
-1132
-1677
-1738
-1385
-768
-112
586
1242
1755
2047
2085
1976
1735
1404
1051
652
277
-76
-429
-782
-1135
-1488
-1780
-2021
-2278
-2504
-2678
-2795
-2896
-2997
-3092
-3187
-3225
-3239
-3223
-3226
-3202
-3157
-3108
-3042
-3016
-3013
-2995
-2950
-2912
-2863
-2845
-2825
-2776
-2705
-2656
-2585
-2524
-2453
-2358
-2320
-2282
-2273
-2251
-2210
-2161
-2123
-2107
-2139
-2210
-2327
-2444
-2515
-2529
-2495
-2457
-2506
-2607
-2848
-3223
-3803
-4459
-4812
-4767
-4456
-3911
-3213
-2557
-2132
-1999
-2142
-2687
-3476
-4093
-3395
-1941
-573
499
1241
1723
2054
2311
2686
3061
3392
3618
3735
3761
3704
3603
3486
3369
3195
2997
2785
2528
2287
2013
1772
1546
1289
958
445
-100
-341
-208
409
1417
2366
3205
3785
4116
4204
3978
3525
3043
2530
1985
1440
927
414
-68
-493
-918
-1271
-1545
-1757
-1943
-2141
-2294
-2457
-2610
-2719
-2844
-2915
-2891
-2834
-2808
-2896
-3153
-3173
-2224
-371
1598
2809
3426
3757
3823
3660
3368
2915
2335
1853
1454
972
230
-778
-1727
-2799
-3312
-3159
-2503
-1554
-482
357
1055
1537
1778
1819
1753
1527
1196
821
396
-29
-454
-785
-1096
-1407
-1681
-1973
-2214
-2440
-2638
-2850
-3036
-3179
-3296
-3378
-3444
-3510
-3544
-3558
-3559
-3569
-3555
-3517
-3483
-3442
-3416
-3410
-3401
-3352
-3299
-3267
-3257
-3262
-3228
-3194
-3141
-3121
-3068
-3011
-2962
-2936
-2912
-2909
-2900
-2876
-2888
-3100
-3553
-4133
-4586
-4827
-4876
-4635
-3893
-2682
-1228
-17
822
1367
1553
1706
1859
1821
1623
1437
1263
1006
820
865
1091
1422
1821
2220
2645
2998
3196
3205
3062
2770
2417
2064
1711
1312
859
406
-107
-560
-985
-1360
-1759
-2184
-2559
-2912
-3223
-3243
-2454
-813
931
2218
3007
3520
3812
3814
3713
3472
3198
2867
2514
2115
1716
1405
1164
923
725
582
487
471
433
316
191
48
-105
-279
-477
-718
-975
-1187
-1385
-1583
-1795
-1993
-2136
-2289
-2442
-2559
-2676
-2801
-2918
-3035
-3152
-3234
-3295
-3327
-3356
-3394
-3423
-3432
-3448
-3450
-3484
-3485
-3465
-3424
-3395
-3397
-3375
-3341
-3284
-3246
-3217
-3176
-3115
-3058
-3005
-2979
-2945
-2919
-2913
-2970
-3133
-3486
-3939
-4452
-4805
-5003
-5104
-4979
-4466
-3627
-2619
-1780
-991
-293
106
332
558
756
734
591
534
433
465
663
1062
1487
1940
2315
2626
2779
2803
2670
2444
2218
1961
1650
1297
898
523
148
-227
-602
-1001
-1354
-1646
-1938
-2230
-2504
-2657
-2774
-2845
-3019
-3330
-3661
-3404
-2036
325
2294
3662
4501
4926
5079
5128
5003
4711
4286
3706
3050
2308
1652
1072
590
316
278
387
488
529
600
657
666
648
566
403
205
19
-193
-450
-761
-1053
-1310
-1567
-1824
-2081
-2338
-2550
-2748
-2922
-3065
-3218
-3335
-3423
-3480
-3562
-3644
-3693
-3742
-3764
-3805
-3854
-3861
-3849
-3820
-3804
-3807
-3827
-3822
-3831
-3822
-3848
-3846
-3834
-3824
-3825
-3828
-3837
-3823
-3803
-3789
-3827
-3928
-4053
-4170
-4444
-4843
-5268
-5579
-5753
-5939
-6102
-6026
-5601
-4709
-3498
-2287
-1215
-266
279
590
831
793
660
565
570
552
764
1056
1431
1913
2312
2553
2765
2831
2765
2622
2381
2050
1675
1300
875
476
77
-322
-721
-1120
-1519
-1850
-2107
-2381
-2712
-3043
-3284
-3385
-3309
-2520
-879
1090
2458
3350
3832
4058
4082
3981
3740
3365
2852
2235
1537
748
92
-564
-1046
-1303
-1404
-1382
-1311
-1299
-1365
-1370
-1321
-1220
-1179
-1197
-1268
-1393
-1567
-1793
-2034
-2275
-2532
-2758
-3015
-3272
-3470
-3644
-3807
-3970
-4113
-4246
-4347
-4435
-4530
-4639
-4705
-4776
-4833
-4882
-4931
-4980
-5041
-5073
-5118
-5184
-5250
-5270
-5286
-5315
-5344
-5378
-5385
-5375
-5377
-5372
-5396
-5412
-5430
-5456
-5513
-5608
-5696
-5778
-6004
-6457
-6939
-7292
-7549
-7712
-7813
-7747
-7322
-6580
-5631
-4623
-3784
-2892
-2236
-1723
-1370
-1172
-1196
-1321
-1403
-1408
-1405
-1317
-986
-611
-129
384
809
1208
1465
1531
1436
1250
1024
693
318
-107
-532
-907
-1260
-1571
-1924
-2277
-2588
-2880
-3154
-3411
-3703
-3877
-3959
-3927
-3905
-4048
-4234
-4125
-3117
-1025
1198
2839
3847
4503
4928
5140
5091
4780
4427
3914
3369
2824
2279
1766
1367
1291
1416
1628
1885
2111
2172
2179
2097
1988
1845
1692
1529
1376
1243
1080
894
696
522
359
196
43
-120
-245
-362
-450
-567
-668
-763
-820
-854
-907
-939
-980
-1029
-1051
-1056
-1105
-1129
-1149
-1167
-1212
-1307
-1395
-1483
-1565
-1647
-1748
-1836
-1912
-1965
-2036
-2124
-2206
-2282
-2358
-2419
-2485
-2573
-2668
-2793
-3019
-3311
-3622
-3953
-4435
-4917
-5316
-5669
-5943
-5972
-5573
-4624
-3413
-2126
-987
-38
704
1015
1272
1227
1224
1012
988
1004
1137
1448
1779
2071
2382
2556
2742
2791
2666
2513
2350
2109
1835
1460
1085
686
333
-20
-395
-748
-1079
-1353
-1627
-1919
-2211
-2437
-2570
-2665
-2691
-2779
-2953
-3054
-2572
-1027
1065
2809
4096
5045
5498
5696
5772
5639
5214
4634
3978
3280
2624
2079
1566
1141
900
855
1029
1286
1484
1555
1564
1571
1605
1564
1411
1213
1001
744
452
121
-210
-521
-795
-1106
-1380
-1592
-1804
-2002
-2176
-2350
-2503
-2620
-2691
-2762
-2800
-2845
-2869
-2898
-2932
-2970
-2992
-2997
-2981
-2995
-3009
-3027
-3043
-3057
-3071
-3093
-3105
-3117
-3093
-3087
-3058
-3080
-3096
-3051
-3035
-3051
-3117
-3162
-3244
-3470
-3823
-4336
-4916
-5291
-5444
-5281
-4701
-3693
-2406
-1195
-187
602
1084
1376
1509
1597
1488
1177
920
628
571
418
475
649
941
1316
1769
2222
2575
2832
2975
2949
2775
2464
2065
1666
1213
760
307
-118
-517
-892
-1267
-1620
-1951
-2282
-2556
-2754
-2917
-2988
-3059
-3135
-3288
-3529
-3803
-3754
-2746
-654
1438
2892
3900
4480
4754
4807
4633
4208
3552
2810
2154
1574
957
340
-113
-246
-60
214
426
569
618
602
520
438
329
166
-32
-273
-565
-857
-1188
-1499
-1773
-2014
-2271
-2512
-2738
-2924
-3087
-3230
-3355
-3464
-3552
-3613
-3670
-3708
-3737
-3751
-3746
-3751
-3756
-3761
-3755
-3706
-3661
-3645
-3616
-3596
-3562
-3524
-3514
-3488
-3443
-3372
-3306
-3240
-3191
-3153
-3127
-3115
-3135
-3180
-3262
-3460
-3813
-4266
-4748
-5059
-5202
-5028
-4483
-3475
-2107
-562
806
1755
2372
2646
2695
2454
2180
1698
1345
1053
855
563
351
263
254
387
740
1222
1839
2495
2977
3218
3279
3170
2929
2618
2165
1683
1170
717
318
-57
-410
-763
-1094
-1351
-1608
-1820
-1973
-2090
-2156
-2197
-2254
-2263
-2263
-2251
-2308
-2471
-2763
-2916
-2403
-659
1564
3533
4744
5583
6065
6418
6436
6125
5545
4847
4149
3569
3116
2741
2449
2332
2495
2787
2985
3094
3170
3204
3103
2917
2705
2507
2266
2009
1698
1387
1076
745
434
123
-169
-443
-700
-957
-1183
-1381
-1555
-1718
-1871
-2014
-2147
-2248
-2343
-2438
-2555
-2631
-2707
-2756
-2817
-2878
-2890
-2914
-2923
-2932
-2948
-2986
-2972
-2981
-3026
-3044
-3073
-3099
-3111
-3140
-3197
-3273
-3339
-3482
-3835
-4260
-4635
-4847
-5000
-5082
-4939
-4322
-3373
-2086
-718
421
1313
1893
2091
2254
1997
1723
1298
899
588
331
57
-235
-336
-235
-49
376
921
1538
2155
2637
2823
2770
2584
2273
1848
1395
850
305
-208
-690
-1172
-1547
-1900
-2192
-2466
-2777
-3051
-3263
-3475
-3608
-3709
-3747
-3742
-3744
-3728
-3733
-3794
-3860
-3898
-3916
-3855
-3746
-3645
-3520
-3425
-3343
-3282
-3266
-3228
-3204
-3178
-3183
-3259
-3376
-3574
-3885
-4367
-4947
-5400
-5692
-5753
-5541
-4885
-3517
-1773
80
1534
2745
3637
4182
4456
4282
4108
3733
3308
2855
2544
2252
2026
1800
1543
1345
1104
906
763
522
296
55
-143
-276
-314
-226
-188
-127
-39
14
-8
-117
-270
-423
-635
-892
-1149
-1390
-1616
-1779
-1922
-2065
-2160
-2236
-2262
-2315
-2339
-2319
-2307
-2241
-2153
-2052
-1951
-1910
-1898
-1924
-1938
-1979
-2013
-2047
-2085
-2138
-2209
-2270
-2296
-2322
-2342
-2351
-2348
-2330
-2320
-2322
-2379
-2512
-2698
-2972
-3303
-3678
-4009
-4235
-4398
-4380
-4049
-3351
-2140
-772
515
1587
2285
2638
2791
2746
2689
2536
2324
2067
1614
958
378
-278
-760
-1001
-1025
-751
-238
460
1202
1747
2122
2308
2374
2257
1965
1566
1141
742
343
12
-319
-744
-1197
-1622
-1739
-1340
-448
624
1696
2704
3712
4329
4728
4837
4749
4586
4360
4049
3696
3151
2534
1917
1219
602
22
-403
-714
-955
-981
-769
-458
-232
-58
75
128
144
126
97
44
-81
-279
-491
-654
-736
-785
-861
-986
-1119
-1220
-1315
-1424
-1506
-1594
-1655
-1696
-1749
-1787
-1811
-1827
-1813
-1807
-1795
-1779
-1750
-1705
-1656
-1618
-1589
-1528
-1471
-1422
-1377
-1339
-1290
-1224
-1167
-1126
-1125
-1154
-1192
-1317
-1558
-1889
-2146
-2247
-2288
-2354
-2180
-1600
-651
560
1699
2707
3599
3998
4255
4287
4075
4026
3828
3571
3297
2815
2159
1320
481
-175
-628
-575
-389
156
945
1734
2390
2815
3056
3032
2869
2577
2178
1753
1271
789
307
-146
-571
-970
-1281
-1573
-1785
-1971
-2124
-2257
-2390
-2478
-2523
-2564
-2602
-2593
-2779
-3020
-3194
-3226
-3202
-3197
-3148
-3077
-3020
-2975
-2922
-2944
-3107
-3216
-3053
-2264
-810
1043
2684
4052
5060
5605
5980
6105
5864
5319
4577
3921
3082
2340
1795
1464
1407
1439
1378
1152
911
670
429
231
57
31
257
531
694
703
608
555
521
388
162
-112
-353
-594
-792
-1049
-1290
-1516
-1714
-1867
-2041
-2174
-2307
-2389
-2477
-2543
-2600
-2666
-2715
-2756
-2801
-2872
-2917
-2946
-2972
-3013
-3058
-3087
-3109
-3127
-3145
-3169
-3191
-3220
-3200
-3195
-3205
-3210
-3220
-3240
-3311
-3454
-3652
-3926
-4183
-4424
-4665
-4891
-4890
-4537
-3748
-2380
-926
361
1433
2050
2425
2507
2441
2467
2391
2303
1928
1503
805
107
-473
-1018
-1216
-1107
-754
-137
605
1347
1892
2203
2291
2209
1983
1630
1231
806
324
-158
-611
-1036
-1367
-1678
-1919
-2193
-2434
-2675
-2901
-3113
-3299
-3400
-3471
-3512
-3538
-3532
-3564
-3621
-3716
-3804
-3786
-3710
-3593
-3498
-3410
-3328
-3257
-3191
-3157
-3183
-3278
-3431
-3617
-3874
-4100
-4263
-4449
-4848
-5361
-5714
-5771
-5372
-4085
-2232
-379
1166
2377
3326
3982
4313
4379
4355
4129
3818
3465
3173
2987
2824
2681
2469
2177
1885
1673
1416
1124
832
501
126
-273
-672
-1003
-1215
-1256
-1139
-976
-843
-805
-862
-938
-1009
-1118
-1281
-1467
-1665
-1877
-2089
-2287
-2461
-2604
-2737
-2870
-2987
-3069
-3126
-3183
-3228
-3248
-3274
-3288
-3308
-3318
-3332
-3346
-3330
-3318
-3313
-3319
-3333
-3334
-3343
-3377
-3395
-3440
-3462
-3480
-3496
-3549
-3615
-3703
-3798
-3915
-4089
-4301
-4542
-4740
-4914
-5031
-5057
-4765
-3976
-2608
-1154
214
1222
1767
2166
2299
2416
2602
2593
2498
2073
1620
1003
261
-252
-563
-558
-317
136
753
1451
2031
2430
2604
2586
2400
2069
1694
1269
816
303
-179
-632
-1031
-1384
-1695
-1987
-2279
-2553
-2779
-2991
-3154
-3307
-3450
-3583
-3726
-3843
-3976
-4150
-4293
-4418
-4581
-4714
-4888
-5074
-5135
-5053
-4841
-4567
-4275
-3983
-3901
-3935
-3874
-3700
-3002
-1634
110
1854
3399
4471
5169
5522
5734
5658
5327
4874
4449
3996
3451
2834
2409
2223
2174
2283
2303
2237
2149
1996
1784
1572
1346
1072
798
506
175
-156
-467
-778
-1089
-1330
-1571
-1828
-2054
-2266
-2452
-2615
-2778
-2911
-3028
-3129
-3200
-3271
-3342
-3391
-3425
-3443
-3465
-3487
-3516
-3532
-3516
-3502
-3497
-3499
-3490
-3468
-3452
-3436
-3445
-3436
-3402
-3382
-3366
-3361
-3339
-3301
-3283
-3265
-3277
-3272
-3271
-3297
-3398
-3507
-3660
-3846
-4020
-4261
-4473
-4671
-4796
-4643
-4130
-2991
-1537
-250
889
1587
1986
2243
2500
2757
2806
2774
2463
1981
1499
801
221
-132
-233
24
506
1086
1742
2359
2784
3025
3091
3009
2797
2486
2111
1658
1233
751
298
-101
-500
-899
-1252
-1583
-1840
-2052
-2293
-2519
-2705
-2879
-3004
-3092
-3130
-3101
-3048
-2468
-1888
-1876
-2029
-2192
-2268
-2273
-2239
-2190
-2187
-2288
-2500
-2853
-3206
-3380
-3319
-2663
-810
1856
3825
4964
5620
5931
6188
6462
6615
6574
6376
6084
5709
5398
5157
4994
4808
4645
4388
4077
3702
3303
2878
2425
2026
1601
1202
827
496
165
-146
-438
-695
-921
-1107
-1281
-1444
-1569
-1678
-1749
-1802
-1859
-1897
-1923
-1935
-1936
-1960
-1954
-1897
-1902
-1912
-1957
-1977
-1972
-1977
-2003
-2041
-2075
-2077
-2068
-2068
-2082
-2089
-2103
-2104
-2104
-2094
-2118
-2109
-2085
-2067
-2068
-2084
-2150
-2267
-2410
-2573
-2771
-2983
-3240
-3551
-3792
-4018
-4079
-3838
-2999
-1545
-177
1034
1873
2386
2761
2924
3110
3402
3277
3091
2578
2096
1643
1063
688
462
488
745
1170
1683
2196
2571
2812
2900
2847
2673
2362
1963
1538
1113
631
178
-304
-679
-1054
-1429
-1804
-2229
-2628
-2981
-3312
-3604
-3845
-3988
-4076
-4133
-4190
-4204
-4190
-4168
-4123
-4120
-4108
-4113
-4099
-4096
-4130
-4152
-4166
-4165
-4141
-4134
-4141
-4155
-4226
-4351
-4452
-4490
-4091
-3142
-2003
-995
13
962
1704
2284
2615
2768
2742
2501
2227
2084
1872
1561
1495
1502
1573
1706
1763
1801
1767
1714
1676
1615
1520
1346
1089
848
574
282
8
-303
-614
-945
-1237
-1511
-1785
-2042
-2283
-2469
-2632
-2785
-2918
-3043
-3160
-3255
-3331
-3413
-3489
-3546
-3575
-3591
-3603
-3617
-3615
-3610
-3608
-3624
-3648
-3674
-3703
-3706
-3722
-3710
-3700
-3678
-3662
-3630
-3633
-3609
-3577
-3524
-3458
-3405
-3367
-3318
-3261
-3254
-3349
-3437
-3490
-3585
-3718
-3930
-4204
-4445
-4631
-4636
-4261
-3050
-1409
136
1275
1931
2384
2866
3348
3640
3765
3712
3438
3226
2934
2481
2056
1782
1753
1906
2217
2642
3124
3577
3851
3968
3952
3789
3532
3133
2680
2167
1685
1172
719
294
-81
-480
-855
-1166
-1477
-1788
-2099
-2391
-2702
-3033
-3458
-3833
-4144
-4385
-4518
-4716
-4928
-5140
-5352
-5578
-5741
-5894
-5955
-6021
-6039
-6030
-6006
-6011
-5991
-5950
-5912
-5902
-5897
-5894
-5897
-5881
-5907
-5995
-6158
-6356
-6597
-6871
-7145
-7544
-8200
-8682
-8565
-7616
-5647
-3424
-1680
-312
760
1502
2015
2289
2327
2303
2062
1687
1205
660
178
-175
-467
-653
-786
-831
-817
-735
-711
-725
-770
-933
-1159
-1385
-1677
-1988
-2341
-2652
-2963
-3294
-3625
-3936
-4162
-4374
-4560
-4703
-4836
-4945
-5011
-5049
-5094
-5139
-5165
-5165
-5160
-5150
-5140
-5128
-5102
-5045
-5019
-4993
-4979
-4953
-4915
-4858
-4817
-4768
-4702
-4645
-4596
-4582
-4596
-4572
-4548
-4538
-4533
-4517
-4472
-4415
-4349
-4278
-4229
-4147
-4059
-4014
-4067
-4133
-4190
-4247
-4348
-4574
-4866
-5158
-5321
-5123
-4284
-2643
-1002
366
1205
1750
2263
2808
3353
3645
3798
3793
3607
3182
2783
2270
1871
1708
1769
2122
2575
3120
3633
4058
4350
4445
4357
4131
3756
3357
2932
2450
1968
1515
1140
787
412
37
-294
-551
-792
-1018
-1230
-1428
-1640
-1814
-1977
-2110
-2148
-2182
-2264
-2302
-2324
-2312
-2319
-2258
-2192
-2139
-2098
-2122
-2127
-2244
-2619
-2994
-2906
-1767
86
1540
2489
3187
3885
4502
4984
5241
5170
4859
4434
3981
3499
3168
2970
2921
3030
3183
3336
3354
3266
3113
2901
2627
2335
2043
1690
1359
1006
653
254
-199
-712
-1111
-1486
-1727
-1870
-1995
-2169
-2312
-2445
-2498
-2520
-2508
-2432
-2315
-2214
-2153
-2137
-2136
-2143
-2172
-2213
-2247
-2269
-2271
-2247
-2242
-2216
-2187
-2146
-2089
-2060
-2042
-2001
-1956
-1874
-1825
-1784
-1746
-1680
-1642
-1616
-1600
-1610
-1592
-1604
-1607
-1581
-1593
-1581
-1605
-1646
-1755
-1908
-2041
-2184
-2370
-2611
-2942
-3295
-3493
-3417
-2675
-1221
324
1611
2503
2777
3069
3444
3797
4054
4099
4070
3759
3384
2959
2477
1964
1539
1341
1348
1534
1909
2362
2844
3197
3383
3386
3243
2969
2658
2205
1692
1112
599
174
-179
-532
-843
-1154
-1366
-1592
-1818
-2044
-2218
-2327
-2398
-2420
-2429
-2467
-2528
-2573
-2626
-2675
-2746
-2780
-2868
-2963
-3012
-3017
-2892
-2635
-2361
-2163
-2062
-1991
-1909
-1827
-1761
-1636
-1541
-1432
-1344
-1345
-1433
-1764
-1927
-1445
-234
1311
2679
3687
4526
5315
5895
6348
6679
6865
6874
6688
6357
5958
5605
5252
4921
4568
4276
3945
3570
3145
2720
2267
1842
1389
907
394
-88
-541
-940
-1293
-1567
-1741
-1884
-2017
-2105
-2193
-2164
-2063
-1987
-1905
-1848
-1824
-1771
-1800
-1901
-2075
-2218
-2263
-2245
-2213
-2152
-2070
-2004
-1955
-1937
-1942
-1956
-1947
-1967
-2028
-2137
-2254
-2363
-2445
-2578
-2752
-2950
-3224
-3516
-3827
-4068
-4211
-4177
-3979
-3648
-3356
-2843
-1704
-159
1295
2367
3316
4105
4847
5392
5767
6078
6179
6118
5965
5673
5191
4766
4284
3802
3257
2601
2021
1646
1405
1323
1361
1375
1337
1299
1190
1037
863
637
380
106
-186
-517
-848
-1140
-1432
-1673
-1914
-2088
-2231
-2364
-2497
-2579
-2636
-2634
-2614
-2604
-2595
-2573
-2524
-2479
-2438
-2412
-2363
-2314
-2243
-2198
-2145
-2096
-2020
-1949
-1896
-1843
-1805
-1760
-1719
-1687
-1678
-1666
-1625
-1596
-1576
-1558
-1538
-1489
-1448
-1426
-1426
-1414
-1392
-1383
-1354
-1340
-1326
-1319
-1274
-1225
-1187
-1173
-1163
-1118
-1116
-1138
-1204
-1329
-1472
-1529
-1595
-1720
-1932
-2173
-2414
-2688
-2980
-3311
-3497
-3354
-2698
-1626
-339
733
1741
2530
3186
3731
4244
4619
4720
4603
4228
3829
3376
2923
2631
2488
2559
2785
3059
3458
3857
4083
4184
4127
3929
3618
3219
2766
2313
1831
1349
896
497
144
-187
-540
-893
-1246
-1599
-1930
-2261
-2572
-2883
-3175
-3387
-3599
-3785
-3886
-3935
-3925
-3837
-3674
-3488
-3335
-3234
-3177
-3116
-3034
-2989
-2989
-3038
-3064
-3105
-3379
-3924
-4469
-4283
-2996
-773
1196
2483
3432
4174
4687
4961
5187
5275
5204
4912
4459
4034
3742
3568
3356
3182
2984
2743
2432
2121
1746
1371
972
619
244
-155
-608
-1153
-1698
-2123
-2364
-2361
-2273
-2172
-2055
-1967
-1896
-1787
-1686
-1591
-1542
-1528
-1514
-1555
-1596
-1653
-1729
-1811
-1877
-1930
-1952
-1990
-2019
-2028
-2029
-2017
-2019
-2014
-2009
-1983
-1963
-1970
-1968
-1980
-1983
-1978
-1990
-2019
-2048
-2068
-2054
-2052
-2195
-2648
-2922
-2305
-1018
350
1489
2438
3180
3662
3936
3989
3732
3491
3092
2667
2214
1669
1244
869
736
861
1118
1517
1999
2481
2880
3092
3168
3067
2810
2435
2010
1585
1132
679
226
-227
-626
-1025
-1356
-1648
-1940
-2197
-2395
-2548
-2691
-2824
-2941
-3012
-3046
-3072
-3088
-3117
-3129
-3113
-3103
-3071
-3062
-3057
-3004
-2970
-2946
-2930
-2912
-2859
-2810
-2788
-2766
-2728
-2702
-2653
-2608
-2596
-2584
-2558
-2513
-2468
-2419
-2422
-2388
-2335
-2306
-2284
-2298
-2289
-2228
-2199
-2204
-2202
-2173
-2132
-2106
-2100
-2109
-2095
-2066
-2073
-2057
-2051
-2046
-2020
-1982
-1976
-1975
-1985
-1969
-1955
-1939
-1951
-1954
-1909
-1868
-1827
-1829
-1917
-2018
-2084
-2125
-2207
-2316
-2573
-2926
-3301
-3654
-3985
-3982
-3240
-1872
-418
721
1793
2582
3324
4022
4504
4879
4940
4883
4642
4311
3912
3581
3407
3460
3613
3825
4156
4467
4693
4856
4927
4866
4654
4323
3898
3473
3048
2649
2224
1825
1372
947
494
12
-441
-894
-1269
-1600
-1874
-2060
-2203
-2248
-2242
-2218
-2184
-2160
-2119
-2093
-2081
-2072
-2078
-2107
-2139
-2200
-2282
-2425
-2651
-2814
-2909
-2954
-2995
-3083
-3090
-2691
-1683
-315
1053
2340
3479
4428
5084
5537
5912
6075
6107
5909
5456
4911
4294
3714
3201
2748
2323
1898
1416
963
538
139
-118
-316
-490
-643
-786
-881
-913
-1014
-1212
-1424
-1598
-1772
-1984
-2225
-2451
-2649
-2812
-2998
-3184
-3337
-3470
-3571
-3653
-3735
-3792
-3826
-3821
-3795
-3793
-3781
-3759
-3706
-3677
-3653
-3647
-3627
-3595
-3561
-3547
-3527
-3498
-3464
-3435
-3394
-3410
-3422
-3428
-3421
-3389
-3373
-3434
-3809
-4162
-3831
-2620
-1252
-113
1026
1918
2271
2545
2633
2667
2514
2288
1806
1407
1032
633
376
288
431
742
1141
1540
1993
2368
2609
2704
2541
2249
1896
1521
1146
721
296
-157
-488
-799
-1091
-1365
-1577
-1763
-1916
-2049
-2192
-2263
-2324
-2356
-2385
-2403
-2412
-2405
-2393
-2388
-2402
-2408
-2382
-2366
-2344
-2335
-2323
-2335
-2290
-2258
-2234
-2244
-2222
-2196
-2172
-2173
-2164
-2171
-2155
-2162
-2136
-2120
-2111
-2073
-2061
-2032
-2023
-2023
-1999
-2001
-1963
-1997
-1983
-1945
-1863
-1814
-1915
-2226
-2040
-1032
40
989
1881
2830
3486
4031
4342
4336
4339
4206
3853
3478
3025
2768
2605
2567
2599
2797
3150
3632
4057
4331
4464
4459
4377
4120
3745
3320
2895
2442
1960
1507
1082
707
396
104
-170
-411
-668
-880
-1066
-1229
-1392
-1525
-1620
-1715
-1786
-1857
-1928
-1973
-2022
-2071
-2132
-2193
-2217
-2262
-2311
-2368
-2429
-2461
-2487
-2540
-2611
-2677
-2748
-2797
-2873
-2990
-3091
-3200
-3301
-3418
-3644
-3936
-4193
-4419
-4528
-4554
-4563
-4529
-4517
-4529
-4396
-4155
-3969
-3771
-3654
-3566
-3449
-3354
-3301
-3389
-3552
-3634
-3448
-3222
-2797
-2008
-554
1190
2644
3855
4804
5460
6077
6452
6577
6444
6152
5777
5295
4678
4098
3616
3134
2735
2424
2183
1909
1635
1423
1260
1062
805
531
239
-35
-346
-657
-968
-1321
-1632
-1924
-2181
-2407
-2633
-2831
-2964
-3107
-3232
-3327
-3380
-3396
-3410
-3386
-3410
-3415
-3393
-3405
-3391
-3413
-3410
-3376
-3362
-3317
-3295
-3269
-3220
-3194
-3165
-3151
-3137
-3099
-3079
-3034
-3014
-3000
-2971
-2970
-2960
-2966
-2952
-2903
-2858
-2829
-2809
-2835
-2830
-2844
-2835
-2840
-2862
-2891
-2907
-2916
-2911
-2945
-2952
-2930
-2935
-2947
-2959
-2975
-2970
-2961
-2943
-2934
-2912
-2886
-2877
-2861
-2861
-2863
-2863
-2854
-2860
-2858
-2864
-2852
-2838
-2828
-2826
-2802
-2768
-2744
-2720
-2704
-2705
-2691
-2671
-2633
-2624
-2600
-2580
-2542
-2516
-2496
-2455
-2426
-2369
-2337
-2305
-2276
-2238
-2193
-2159
-2106
-2088
-2056
-2018
-1984
-1943
-1925
-1891
-1859
-1854
-1838
-1828
-1808
-1770
-1754
-1734
-1732
-1748
-1819
-1914
-2009
-2075
-2113
-2195
-2358
-2689
-3171
-3716
-4115
-4232
-3615
-2247
-702
939
2226
3234
4126
4868
5350
5703
5820
5861
5635
5378
5104
4878
4829
4788
4829
4972
5135
5288
5486
5587
5558
5395
5121
4696
4214
3732
3152
2607
2094
1612
1130
731
306
-47
-378
-670
-927
-1184
-1382
-1515
-1648
-1736
-1831
-1932
-2027
-2065
-2103
-2117
-2111
-2077
-2001
-1884
-1796
-1735
-1719
-1685
-1644
-1595
-1569
-1535
-1523
-1485
-1453
-1435
-1449
-1458
-1468
-1477
-1484
-1479
-1465
-1441
-1423
-1382
-1344
-1306
-1272
-1223
-1182
-1173
-1199
-1204
-1175
-1137
-1128
-1130
-1098
-1093
-1077
-1061
-1081
-1090
-1076
-1082
-1104
-1138
-1156
-1156
-1136
-1130
-1120
-1117
-1116
-1125
-1113
-1137
-1134
-1133
-1147
-1148
-1155
-1153
-1163
-1169
-1135
-1164
-1169
-1189
-1175
-1169
-1195
-1181
-1176
-1173
-1163
-1175
-1170
-1172
-1162
-1152
-1132
-1144
-1132
-1120
-1094
-1074
-1083
-1065
-1060
-1042
-1030
-1020
-1025
-1007
-1005
-991
-982
-976
-958
-926
-916
-902
-912
-909
-914
-924
-936
-933
-942
-935
-940
-952
-950
-947
-931
-899
-865
-865
-851
-839
-821
-850
-864
-866
-857
-833
-834
-860
-872
-858
-864
-888
-917
-924
-904
-916
-948
-1049
-1174
-1291
-1386
-1457
-1528
-1573
-1618
-1735
-2009
-2408
-2921
-3374
-3799
-3924
-3307
-1939
-394
1151
2519
3591
4380
5078
5658
6111
6385
6303
6062
5888
5557
5300
5126
5102
5190
5299
5416
5477
5445
5357
5214
5002
4691
4266
3813
3360
2878
2396
1943
1518
1165
740
365
-10
-341
-598
-839
-1096
-1308
-1482
-1625
-1758
-1883
-1984
-2055
-2112
-2161
-2206
-2244
-2285
-2271
-2259
-2260
-2269
-2283
-2290
-2288
-2310
-2348
-2346
-2346
-2332
-2323
-2329
-2341
-2309
-2280
-2286
-2281
-2276
-2250
-2240
-2224
-2223
-2211
-2189
-2136
-2098
-2053
-2008
-1932
-1850
-1809
-1764
-1763
-1743
-1705
-1671
-1681
-1674
-1662
-1624
-1626
-1600
-1601
-1577
-1536
-1495
-1473
-1455
-1452
-1432
-1366
-1357
-1341
-1325
-1287
-1238
-1212
-1188
-1168
-1130
-1120
-1115
-1124
-1114
-1098
-1082
-1058
-1049
-1067
-1047
-998
-957
-957
-939
-930
-889
-851
-833
-830
-824
-808
-794
-823
-841
-859
-833
-792
-804
-836
-858
-838
-820
-817
-812
-818
-809
-800
-795
-829
-845
-838
-844
-860
-882
-923
-943
-952
-964
-990
-1024
-1044
-1058
-1084
-1141
-1212
-1236
-1270
-1327
-1409
-1466
-1507
-1525
-1557
-1614
-1709
-1810
-1892
-2009
-2142
-2267
-2392
-2430
-2464
-2581
-2807
-3064
-3305
-3448
-3493
-3554
-3655
-3671
-3546
-3360
-3197
-3034
-2860
-2778
-2964
-3339
-3596
-3562
-3209
-2137
-168
1685
2896
4107
5394
6466
7305
8003
8485
8838
9001
8985
8832
8540
8115
7570
6990
6373
5828
5211
4631
4051
3471
2958
2476
1963
1481
1028
675
344
33
-278
-570
-811
-1085
-1326
-1552
-1764
-1950
-2103
-2236
-2353
-2435
-2492
-2518
-2513
-2533
-2582
-2582
-2550
-2541
-2523
-2474
-2413
-2352
-2281
-2224
-2175
-2109
-2052
-1964
-1903
-1837
-1771
-1670
-1588
-1500
-1493
-1493
-1459
-1443
-1437
-1436
-1426
-1397
-1368
-1363
-1379
-1403
-1403
-1371
-1362
-1367
-1357
-1339
-1323
-1318
-1340
-1345
-1343
-1329
-1345
-1345
-1363
-1356
-1336
-1338
-1337
-1336
-1320
-1314
-1298
-1280
-1266
-1242
-1222
-1173
-1155
-1135
-1132
-1094
-1078
-1084
-1086
-1098
-1110
-1103
-1089
-1113
-1135
-1244
-1353
-1506
-1567
-1458
-1083
-538
7
406
986
1825
2442
2817
3148
3301
3542
3705
3671
3610
3628
3677
3830
3983
4157
4300
4395
4436
4448
4441
4298
4072
3798
3524
3232
2921
2610
2257
1926
1615
1284
992
735
494
237
-4
-245
-443
-655
-881
-1093
-1279
-1422
-1547
-1664
-1781
-1890
-1961
-2010
-2024
-2077
-2115
-2141
-2170
-2208
-2237
-2290
-2284
-2304
-2311
-2333
-2355
-2371
-2374
-2384
-2389
-2415
-2427
-2411
-2412
-2430
-2456
-2440
-2454
-2420
-2432
-2427
-2445
-2431
-2411
-2440
-2446
-2437
-2449
-2437
-2461
-2470
-2492
-2512
-2496
-2497
-2521
-2555
-2577
-2591
-2620
-2661
-2673
-2702
-2702
-2704
-2718
-2738
-2732
-2735
-2740
-2733
-2709
-2735
-2709
-2683
-2674
-2671
-2630
-2616
-2630
-2581
-2561
-2552
-2503
-2479
-2441
-2439
-2444
-2418
-2398
-2393
-2359
-2379
-2341
-2317
-2291
-2275
-2276
-2358
-2407
-2436
-2481
-2499
-2450
-2379
-2291
-2257
-2228
-2175
-2151
-2252
-2526
-2738
-2912
-2983
-2978
-2940
-2839
-2722
-2559
-2373
-2199
-2098
-1997
-1926
-1914
-1913
-2056
-2481
-2994
-3393
-3619
-3421
-2804
-1912
-1073
295
1663
2802
3751
4759
5651
6307
6706
6904
7047
7047
6946
6760
6548
6307
5996
5597
5115
4602
4120
3575
3030
2485
2003
1604
1205
852
477
102
-209
-483
-669
-910
-1063
-1206
-1339
-1427
-1560
-1655
-1756
-1817
-1893
-1969
-2018
-2038
-2006
-1957
-1948
-1922
-1884
-1823
-1789
-1751
-1719
-1678
-1629
-1597
-1581
-1528
-1490
-1441
-1400
-1362
-1338
-1309
-1293
-1273
-1257
-1250
-1224
-1183
-1169
-1137
-1123
-1120
-1100
-1074
-1065
-1081
-1081
-1076
-1071
-1076
-1086
-1106
-1112
-1118
-1159
-1181
-1226
-1232
-1258
-1274
-1300
-1302
-1296
-1293
-1279
-1279
-1284
-1284
-1260
-1234
-1214
-1198
-1153
-1087
-1182
-1356
-1568
-1721
-1846
-1895
-1824
-1767
-1604
-1312
-1071
-814
-573
-387
-234
-310
-584
-937
-1123
-1022
-836
-683
-540
-452
-391
-290
-264
-330
-425
-501
-610
-884
-1366
-1946
-2459
-2941
-3153
-3087
-2734
-2117
-1328
-379
410
835
1009
1142
1295
1469
1612
2011
2709
3548
4128
4553
4716
4833
4865
4756
4445
4046
3593
3048
2535
2082
1707
1450
1224
1038
812
571
314
102
-61
-259
-457
-600
-709
-797
-950
-1103
-1277
-1420
-1529
-1672
-1797
-1898
-1980
-2068
-2163
-2264
-2373
-2422
-2460
-2484
-2525
-2566
-2595
-2583
-2577
-2603
-2585
-2580
-2542
-2530
-2536
-2520
-2500
-2451
-2390
-2358
-2329
-2311
-2229
-2227
-2220
-2191
-2179
-2141
-2127
-2109
-2114
-2126
-2104
-2111
-2123
-2143
-2155
-2137
-2136
-2126
-2127
-2141
-2107
-2106
-2111
-2131
-2172
-2198
-2239
-2263
-2295
-2336
-2358
-2399
-2465
-2547
-2579
-2559
-2533
-2416
-2273
-2172
-2260
-2434
-2587
-2625
-2559
-2426
-2185
-1911
-1619
-1378
-1121
-864
-701
-584
-459
-342
-225
-116
-28
-31
-15
23
47
25
-70
-244
-555
-1008
-1407
-1718
-1851
-1835
-1504
-1051
-506
150
806
1351
1704
1821
1807
1712
1617
1419
1207
1021
868
725
582
429
296
143
-10
-143
-268
-385
-538
-647
-718
-806
-907
-973
-1044
-1070
-1104
-1113
-1151
-1160
-1166
-1175
-1191
-1200
-1195
-1169
-1151
-1131
-1117
-1105
-1117
-1112
-1080
-1075
-1051
-1051
-1053
-1071
-1105
-1096
-1084
-1086
-1074
-1100
-1138
-1124
-1124
-1153
-1169
-1178
-1198
-1184
-1196
-1212
-1236
-1222
-1222
-1220
-1254
-1299
-1311
-1329
-1339
-1361
-1385
-1369
-1357
-1373
-1407
-1445
-1459
-1454
-1464
-1484
-1483
-1469
-1437
-1428
-1438
-1426
-1424
-1406
-1372
-1362
-1372
-1377
-1328
-1314
-1276
-1267
-1233
-1195
-1189
-1183
-1165
-1156
-1124
-1086
-1045
-1048
-1041
-1017
-999
-958
-938
-909
-843
-777
-759
-745
-747
-741
-734
-708
-694
-693
-691
-673
-657
-666
-654
-634
-616
-592
-547
-547
-529
-488
-476
-464
-457
-452
-414
-426
-388
-400
-394
-378
-366
-354
-349
-344
-347
-331
-324
-326
-352
-381
-390
-400
-432
-452
-455
-426
-404
-407
-395
-375
-349
-347
-331
-343
-325
-296
-295
-271
-269
-208
-151
-69
-3
35
51
80
92
104
102
90
96
106
99
81
47
27
3
-26
-31
-43
23
49
94
93
67
58
5
-48
-119
-220
-329
-390
-478
-573
-668
-756
-832
-893
-950
-1032
-1093
-1154
-1236
-1307
-1408
-1490
-1572
-1648
-1714
-1802
-1903
-1979
-2061
-2132
-2220
-2244
-2270
-2304
-2303
-2341
-2342
-2337
-2349
-2344
-2344
-2337
-2337
-2313
-2281
-2243
-2221
-2180
-2156
-2095
-2050
-2012
-1971
-1942
-1889
-1851
-1825
-1799
-1742
-1718
-1684
-1646
-1597
-1571
-1559
-1521
-1521
-1495
-1475
-1430
-1421
-1422
-1393
-1352
-1311
-1250
-1216
-1192
-1163
-1118
-1069
-1031
-997
-940
-887
-849
-820
-779
-734
-708
-667
-633
-619
-581
-547
-513
-489
-455
-394
-328
-246
-175
-93
2
90
207
324
406
549
666
799
916
998
1051
1092
1118
1194
1260
1331
1407
1456
1538
1576
1614
1675
1728
1757
1789
1834
1883
1944
2010
2032
2044
2041
2063
2081
2103
2132
2193
2259
2341
2412
2469
2522
2540
2574
2577
2603
2591
2607
2641
2670
2670
2650
2612
2546
2489
2444
2399
2401
2417
2423
2420
2391
2350
2274
2221
2120
2011
1902
1785
1668
1543
1418
1309
1233
1195
1129
1091
1071
1089
1134
1154
1176
1200
1200
1206
1180
1127
1078
1049
1031
1026
1023
1072
1143
1225
1313
1342
1383
1407
1439
1453
1463
1458
1487
1521
1578
1654
1742
1803
1852
1901
1930
1935
2001
2077
2178
2254
2307
2345
2390
2404
2386
2345
2300
2278
2290
2328
2344
2366
2395
2396
2384
2352
2340
2366
2427
2432
2394
2349
2329
2288
2227
2132
2061
1979
1897
1859
1793
1736
1698
1610
1509
1376
1213
1050
876
733
580
427
264
121
12
-105
-230
-325
-391
-432
-498
-555
-561
-541
-500
-447
-376
-288
-171
-83
5
76
147
235
296
384
437
490
547
581
610
655
679
728
766
827
884
937
982
1006
1059
1065
1081
1119
1157
1195
1177
1180
1196
1214
1234
1248
1199
1167
1145
1119
1081
1028
999
998
1018
1075
1124
1153
1210
1222
1213
1131
1036
935
847
746
651
556
540
511
479
438
372
343
302
278
240
158
82
37
-51
-176
-252
-318
-321
-335
-333
-378
-400
-441
-447
-496
-549
-554
-509
-480
-464
-486
-520
-529
-555
-581
-610
-651
-660
-672
-721
-787
-853
-924
-953
-982
-1002
-1047
-1063
-1097
-1109
-1133
-1151
-1156
-1115
-1070
-1056
-1049
-1042
-1051
-1029
-984
-977
-963
-931
-909
-864
-852
-764
-655
-567
-501
-448
-387
-305
-229
-195
-197
-177
-101
-48
1
50
55
93
109
118
108
126
167
176
210
181
120
96
78
78
58
29
34
16
-13
-89
-155
-189
-194
-187
-169
-128
-108
-82
-37
-49
-49
-23
48
109
114
123
132
173
211
220
242
247
259
304
310
336
314
305
331
324
300
291
284
296
320
330
332
342
318
300
271
242
230
236
235
217
218
198
200
203
187
