77
36
31
19
-22
-63
-95
-171
-212
-196
-199
-194
-165
-94
7
102
173
195
224
256
274
294
323
311
302
302
273
212
178
223
264
250
243
211
197
177
184
182
179
155
177
170
104
47
23
3
-58
-167
-233
-235
-221
-183
-174
-140
-74
-29
-24
-12
6
35
69
118
113
37
-34
-79
-95
-127
-161
-183
-232
-242
-218
-192
-206
-224
-200
-205
-214
-202
-168
-123
-89
-98
-104
-103
-65
-71
-83
-124
-162
-211
-249
-258
-251
-256
-262
-253
-247
-252
-286
-335
-373
-418
-463
-458
-405
-344
-332
-306
-235
-159
-77
-55
-26
8
30
46
87
82
50
36
34
10
-31
-97
-126
-160
-201
-250
-295
-361
-418
-463
-534
-629
-700
-753
-806
-855
-869
-862
-852
-862
-919
-980
-1021
-1001
-972
-940
-931
-897
-821
-755
-673
-624
-608
-555
-498
-449
-392
-310
-253
-200
-171
-118
-47
41
117
183
188
189
205
200
191
182
177
197
211
216
204
178
152
140
122
100
86
52
34
14
2
34
83
112
124
136
136
137
125
111
145
216
273
322
379
373
349
315
333
349
358
380
368
386
391
398
405
399
402
416
436
427
398
374
336
298
241
209
193
202
193
148
130
118
80
66
46
68
129
205
250
282
273
278
284
268
269
264
288
312
328
362
360
322
296
302
311
293
281
259
265
285
311
335
369
375
343
282
250
257
219
162
80
4
-45
-65
-47
-9
36
58
32
-6
-51
-108
-137
-135
-149
-194
-212
-194
-174
-203
-229
-249
-290
-335
-359
-408
-469
-522
-548
-543
-527
-536
-574
-569
-540
-487
-426
-394
-356
-280
-179
-130
-106
-80
-51
-69
-107
-136
-154
-172
-206
-238
-270
-331
-369
-401
-477
-565
-647
-729
-770
-827
-909
-975
-1024
-1062
-1144
-1201
-1225
-1235
-1228
-1199
-1179
-1153
-1096
-1030
-981
-967
-958
-932
-898
-880
-862
-809
-743
-677
-643
-594
-541
-484
-427
-413
-442
-466
-482
-496
-474
-472
-484
-493
-513
-511
-506
-528
-479
-422
-365
-345
-379
-384
-362
-338
-354
-407
-439
-442
-442
-448
-468
-492
-487
-463
-443
-429
-384
-355
-362
-384
-381
-372
-327
-293
-283
-297
-311
-270
-209
-121
-72
-43
-23
-84
-118
-171
-237
-253
-212
-167
-141
-140
-141
-119
-66
-32
-12
-24
-26
-10
-3
-5
15
41
57
91
123
145
186
196
210
192
172
184
187
185
147
106
109
123
97
48
-1
-50
-111
-168
-239
-305
-381
-438
-452
-430
-414
-423
-413
-413
-372
-340
-291
-225
-168
-130
-64
-35
22
34
-32
-98
-100
-71
-89
-94
-100
-98
-96
-110
-115
-129
-155
-148
-126
-65
-64
-38
19
57
79
76
38
33
38
56
82
106
111
112
146
120
98
88
122
148
162
186
208
265
297
319
341
327
339
373
414
452
443
484
566
627
665
655
633
613
614
573
464
376
370
419
476
502
568
693
759
775
755
706
694
682
660
622
540
474
440
402
357
304
284
264
235
197
181
180
151
90
14
-43
-42
-24
-25
-70
-123
-149
-169
-189
-209
-250
-307
-364
-421
-503
-585
-646
-695
-733
-743
-757
-741
-736
-748
-786
-812
-790
-733
-707
-697
-681
-669
-663
-653
-648
-630
-616
-609
-647
-673
-682
-660
-607
-546
-517
-529
-517
-485
-476
-510
-532
-552
-553
-527
-493
-491
-496
-482
-470
-464
-486
-531
-517
-468
-430
-439
-477
-461
-435
-374
-303
-242
-181
-93
-44
-32
-39
-53
-33
-7
-2
-40
-85
-119
-126
-119
-176
-264
-296
-308
-332
-377
-422
-460
-509
-566
-648
-719
-741
-732
-706
-696
-725
-707
-678
-654
-663
-712
-718
-700
-647
-627
-636
-634
-618
-598
-569
-585
-591
-601
-630
-671
-737
-778
-792
-797
-831
-865
-858
-801
-735
-701
-692
-651
-569
-524
-536
-568
-544
-483
-417
-346
-328
-346
-334
-314
-269
-257
-269
-247
-218
-211
-187
-221
-247
-265
-279
-297
-326
-310
-269
-193
-117
-68
-19
38
76
117
137
186
239
259
264
246
241
255
271
251
219
243
309
358
380
358
309
293
307
341
350
336
338
358
363
331
297
329
390
451
475
482
516
611
682
727
768
809
870
908
924
890
819
813
842
880
909
921
945
947
909
843
786
748
710
700
690
680
642
608
582
562
562
586
624
662
663
610
544
468
392
326
231
149
111
45
-43
-144
-201
-283
-359
-404
-465
-547
-585
-594
-623
-672
-701
-689
-680
-714
-759
-816
-861
-893
-927
-937
-949
-917
-872
-834
-827
-853
-841
-821
-801
-810
-822
-838
-836
-814
-790
-796
-805
-791
-773
-759
-773
-785
-767
-745
-707
-721
-721
-680
-670
-652
-670
-702
-707
-641
-553
-496
-505
-485
-456
-418
-386
-360
-289
-240
-206
-165
-166
-159
-150
-164
-176
-242
-303
-348
-362
-352
-372
-381
-384
-385
-388
-414
-432
-429
-407
-389
-365
-320
-238
-167
-118
-73
-72
-34
23
89
118
179
274
319
353
429
463
497
538
604
649
675
709
719
748
770
713
668
665
683
673
639
651
652
614
553
436
445
511
593
654
653
621
633
628
610
576
519
466
405
323
247
181
120
82
48
-1
-67
-155
-216
-250
-288
-345
-371
-361
-377
-399
-437
-469
-471
-495
-500
-532
-561
-570
-611
-649
-690
-728
-742
-743
-765
-822
-817
-785
-767
-770
-786
-791
-750
-721
-692
-697
-738
-764
-809
-821
-826
-848
-832
-750
-662
-638
-626
-592
-539
-473
-432
-418
-380
-327
-282
-221
-195
-183
-193
-171
-142
-145
-107
-54
28
81
110
130
191
252
272
286
279
295
295
281
290
241
212
209
207
206
188
186
210
213
212
244
278
310
376
425
413
375
397
442
468
477
483
515
524
517
488
488
512
522
524
530
535
553
582
575
526
460
415
406
386
345
300
302
293
267
241
234
272
325
374
345
257
204
170
132
94
23
-30
-44
-39
-53
-91
-100
-84
-58
-48
-93
-117
-91
-50
-21
17
55
116
157
186
148
139
205
306
382
427
465
526
564
593
634
672
713
735
717
672
596
539
513
481
452
447
402
353
315
266
190
137
119
128
127
124
92
83
99
108
74
29
0
1
-4
-38
-104
-142
-151
-217
-293
-381
-438
-472
-521
-541
-561
-593
-638
-695
-783
-884
-922
-956
-956
-982
-985
-963
-937
-913
-893
-864
-798
-745
-707
-712
-769
-793
-759
-698
-610
-534
-417
-316
-240
-179
-184
-202
-182
-187
-201
-225
-254
-299
-340
-378
-410
-459
-512
-583
-654
-715
-781
-847
-892
-912
-969
-1035
-1059
-1027
-1049
-1098
-1132
-1114
-1076
-1060
-1059
-1060
-1019
-985
-988
-1049
-1150
-1203
-1212
-1218
-1234
-1266
-1284
-1272
-1284
-1279
-1255
-1246
-1201
-1125
-1030
-921
-855
-789
-723
-635
-606
-549
-478
-412
-324
-248
-219
-218
-234
-208
-163
-139
-117
-101
-125
-147
-196
-234
-246
-251
-273
-318
-379
-403
-415
-447
-504
-528
-475
-409
-321
-272
-254
-209
-164
-103
-42
19
107
195
229
258
270
299
360
417
451
419
381
391
405
405
364
393
415
421
462
471
474
494
518
534
560
609
643
634
593
522
477
459
469
489
484
494
506
526
548
564
559
539
533
539
513
487
469
478
498
510
496
470
436
383
295
170
113
110
96
98
80
96
105
81
36
-59
-85
-82
-104
-124
-148
-168
-194
-220
-265
-341
-394
-412
-400
-395
-433
-482
-502
-468
-434
-436
-438
-445
-423
-424
-415
-410
-415
-354
-301
-289
-334
-352
-351
-337
-336
-352
-320
-329
-349
-367
-405
-393
-399
-408
-424
-458
-464
-446
-428
-433
-438
-412
-378
-354
-348
-380
-383
-373
-378
-387
-419
-453
-444
-406
-382
-394
-418
-424
-434
-448
-454
-428
-362
-336
-348
-377
-380
-339
-282
-221
-145
-88
-35
-1
21
-3
-52
-113
-129
-115
-127
-165
-172
-146
-120
-100
-91
-93
-122
-132
-152
-170
-163
-114
-48
-30
-62
-115
-160
-205
-271
-332
-385
-379
-367
-329
-305
-307
-275
-214
-119
-74
-69
-110
-159
-162
-174
-206
-272
-310
-330
-396
-467
-512
-512
-546
-603
-669
-745
-794
-804
-780
-735
-678
-625
-576
-552
-546
-532
-498
-486
-481
-476
-450
-412
-371
-314
-261
-227
-161
-95
-38
-35
-80
-104
-120
-120
-140
-174
-231
-292
-321
-366
-380
-348
-341
-350
-343
-363
-404
-465
-510
-559
-635
-701
-700
-666
-666
-680
-725
-719
-685
-656
-654
-668
-677
-632
-583
-530
-485
-436
-407
-378
-387
-403
-377
-311
-229
-141
-84
-39
22
79
155
208
279
332
327
318
323
339
344
330
356
394
432
473
487
511
477
465
464
484
460
434
389
351
373
379
345
307
289
288
270
264
288
317
355
400
405
406
418
420
398
393
388
412
417
424
421
395
386
398
420
422
381
374
373
361
332
266
205
173
135
90
19
-19
-41
-51
-65
-24
17
51
117
166
142
76
54
38
38
24
-29
-51
-104
-180
-275
-336
-374
-362
-355
-371
-420
-473
-475
-453
-455
-493
-554
-572
-575
-559
-554
-588
-554
-483
-434
-412
-386
-348
-310
-269
-235
-219
-185
-161
-160
-160
-167
-155
-131
-97
-79
-47
-18
-2
-4
-61
-137
-175
-209
-262
-300
-322
-320
-294
-253
-215
-237
-259
-262
-288
-291
-317
-366
-369
-345
-304
-292
-278
-217
-122
-46
11
6
40
62
76
92
108
142
176
225
205
148
99
58
13
-48
-149
-237
-332
-393
-469
-570
-646
-717
-793
-869
-940
-993
-1002
-997
-995
-977
-951
-922
-865
-804
-795
-824
-819
-813
-787
-792
-814
-812
-751
-680
-631
-602
-545
-484
-435
-437
-486
-512
-496
-470
-452
-466
-452
-440
-424
-421
-466
-475
-487
-525
-541
-551
-589
-596
-547
-481
-436
-360
-265
-183
-88
-27
-15
1
-13
-15
-10
-39
-21
32
73
78
73
44
10
-22
-110
-211
-272
-281
-267
-255
-241
-192
-147
-52
19
53
77
122
171
197
179
141
129
120
88
39
-2
7
45
69
79
41
-4
-65
-114
-152
-190
-197
-211
-227
-256
-290
-295
-224
-136
-65
-20
29
70
99
111
118
109
91
67
79
65
27
3
-21
-33
-78
-127
-118
-123
-123
-97
-48
-22
-15
26
102
128
130
140
91
-10
-76
-152
-178
-176
-150
-112
-51
-10
51
80
74
112
165
168
134
93
64
44
20
-12
-73
-130
-206
-282
-348
-430
-483
-532
-573
-655
-743
-831
-863
-856
-851
-865
-858
-809
-777
-767
-781
-774
-717
-608
-507
-436
-398
-316
-228
-146
-89
-55
16
77
134
200
241
270
286
279
253
229
243
292
341
394
439
492
593
664
709
738
776
785
788
785
780
764
757
760
798
803
791
788
797
823
841
842
876
914
940
958
936
941
915
849
800
729
688
670
648
626
612
598
592
560
489
423
391
400
402
378
329
258
205
167
138
81
67
76
79
70
46
-7
-8
-24
-36
-85
-130
-183
-232
-264
-330
-401
-402
-361
-327
-325
-382
-420
-400
-393
-415
-453
-459
-425
-376
-358
-384
-384
-364
-388
-441
-507
-589
-630
-656
-697
-785
-842
-835
-790
-741
-746
-741
-729
-726
-731
-757
-781
-759
-727
-670
-609
-568
-507
-485
-436
-398
-396
-386
-372
-340
-306
-304
-316
-357
-377
-384
-410
-416
-416
-417
-411
-401
-381
-359
-321
-297
-326
-364
-405
-446
-455
-479
-499
-461
-390
-308
-242
-166
-90
-37
4
9
4
16
6
-47
-129
-200
-266
-298
-298
-303
-332
-377
-422
-451
-454
-463
-483
-495
-507
-493
-515
-537
-513
-464
-403
-358
-301
-256
-215
-189
-171
-151
-135
-117
-93
-81
-75
-74
-65
-60
-69
-114
-80
2
55
75
57
51
27
22
4
-41
-98
-130
-140
-178
-219
-233
-238
-245
-192
-143
-121
-60
22
104
157
206
235
273
253
204
163
134
133
165
226
255
250
209
180
154
120
152
147
121
105
99
92
91
120
144
124
130
146
145
121
124
153
202
247
257
231
186
133
84
27
-55
-150
-238
-295
-333
-386
-415
-439
-455
-471
-500
-506
-507
-487
-458
-432
-432
-438
-452
-468
-480
-470
-417
-356
-315
-306
-324
-329
-303
-265
-256
-270
-258
-240
-239
-248
-222
-196
-164
-119
-48
-28
-66
-82
-102
-136
-185
-234
-272
-313
-358
-392
-408
-394
-333
-311
-316
-369
-403
-391
-392
-382
-344
-283
-207
-141
-117
-108
-67
-26
-8
-17
-66
-132
-193
-213
-210
-230
-242
-248
-253
-262
-260
-234
-202
-176
-221
-292
-310
-281
-269
-283
-280
-306
-312
-338
-364
-417
-466
-500
-514
-496
-505
-510
-484
-468
-474
-483
-501
-510
-492
-502
-584
-672
-710
-708
-682
-666
-648
-582
-516
-440
-406
-409
-391
-357
-331
-322
-327
-324
-336
-365
-371
-342
-310
-253
-204
-163
-141
-121
-89
-80
-74
-96
-101
-75
-41
-29
-43
-88
-126
-146
-132
-137
-169
-251
-300
-303
-303
-291
-279
-245
-216
-190
-190
-212
-230
-246
-252
-245
-216
-194
-199
-215
-235
-201
-210
-242
-260
-326
-402
-434
-437
-449
-481
-513
-511
-509
-525
-554
-578
-604
-570
-546
-584
-604
-578
-549
-523
-503
-474
-413
-304
-195
-119
-87
-30
36
97
173
244
268
270
229
172
71
14
-12
-50
-116
-182
-231
-257
-289
-318
-363
-389
-375
-365
-360
-338
-312
-278
-225
-230
-264
-286
-287
-275
-277
-271
-293
-307
-336
-368
-406
-440
-431
-440
-442
-430
-456
-501
-554
-559
-547
-554
-561
-581
-576
-577
-578
-572
-506
-435
-359
-271
-154
-37
16
54
95
104
118
136
112
80
23
9
7
0
-29
-90
-143
-181
-182
-211
-277
-330
-348
-342
-366
-454
-520
-546
-544
-538
-543
-572
-560
-499
-423
-382
-344
-283
-217
-141
-123
-116
-63
-29
-20
-73
-114
-102
-104
-90
-84
-31
40
106
172
206
200
193
175
104
43
9
-20
-29
-45
-51
-69
-74
-90
-102
-128
-116
-59
-27
7
60
89
111
113
99
77
20
-25
-43
-59
-108
-149
-183
-207
-219
-239
-288
-370
-446
-517
-593
-669
-714
-743
-741
-743
-745
-740
-720
-700
-684
-716
-734
-732
-691
-650
-630
-639
-619
-553
-465
-394
-328
-262
-224
-200
-216
-261
-293
-275
-259
-247
-253
-250
-228
-157
-128
-154
-183
-209
-191
-181
-132
-144
-150
-141
-136
-126
-146
-139
-138
-158
-167
-216
-257
-248
-195
-142
-124
-86
-93
-83
-82
-106
-113
-87
-53
-46
-62
-94
-74
-21
32
70
119
190
216
225
222
213
199
185
205
212
159
83
59
62
63
68
73
61
23
-15
-27
-22
2
63
108
134
158
199
265
331
360
346
378
454
515
529
507
458
434
448
466
488
500
509
543
555
539
498
464
448
410
412
457
481
486
468
402
320
225
172
123
14
-87
-132
-146
-134
-168
-194
-203
-225
-251
-285
-295
-275
-257
-256
-261
-270
-252
-228
-227
-251
-260
-222
-177
-95
-34
11
56
90
110
134
129
103
74
54
5
-36
-62
-78
-80
-75
-87
-96
-97
-113
-127
-165
-199
-165
-99
-38
15
81
147
218
279
279
261
264
286
300
309
285
269
279
295
250
184
146
130
101
44
-22
-44
-50
-56
-66
-71
-78
-80
-56
-38
-56
-65
-103
-132
-170
-184
-183
-186
-193
-202
-234
-256
-242
-248
-266
-295
-315
-339
-330
-292
-283
-281
-243
-205
-187
-189
-196
-225
-239
-186
-176
-160
-99
-50
-16
18
44
68
94
126
121
89
48
60
101
142
140
87
-8
-96
-178
-244
-297
-326
-360
-380
-425
-449
-448
-451
-460
-486
-502
-499
-508
-565
-660
-705
-699
-677
-657
-673
-702
-703
-727
-743
-761
-745
-711
-682
-664
-684
-691
-667
-591
-530
-459
-410
-394
-382
-373
-387
-421
-459
-500
-509
-527
-565
-570
-550
-540
-508
-479
-465
-389
-336
-312
-314
-330
-304
-259
-198
-169
-135
-106
-88
-93
-98
-84
-46
-37
-75
-128
-181
-207
-212
-217
-179
-150
-118
-69
-8
1
-23
-20
-6
3
-6
-59
-97
-106
-151
-208
-269
-364
-398
-399
-367
-345
-321
-212
-117
-35
26
36
24
38
16
-55
-156
-222
-267
-312
-332
-341
-315
-310
-284
-281
-287
-287
-258
-232
-234
-243
-229
-184
-131
-65
1
77
143
181
215
224
234
241
232
208
199
208
261
299
333
324
308
296
291
267
241
203
193
188
190
176
110
49
11
31
26
16
16
-2
10
10
24
73
93
107
121
105
106
94
84
78
69
64
93
125
99
50
-11
-68
-117
-123
-141
-175
-189
-192
-172
-167
-172
-160
-169
-183
-199
-240
-269
-269
-255
-233
-230
-250
-252
-261
-293
-354
-395
-419
-424
-436
-441
-396
-358
-320
-286
-272
-265
-281
-290
-268
-236
-243
-292
-330
-318
-296
-289
-263
-275
-320
-386
-415
-395
-375
-309
-248
-230
-185
-97
-9
57
77
84
94
112
141
131
136
158
158
144
106
107
112
132
150
159
114
80
46
8
-33
-67
-101
-77
-16
33
55
55
49
37
21
-5
-10
-39
-80
-118
-150
-148
-164
-180
-179
-195
-221
-226
-204
-195
-189
-182
-148
-130
-112
-98
-74
-62
-30
-48
-101
-162
-250
-311
-349
-406
-472
-554
-595
-617
-683
-744
-760
-760
-763
-779
-779
-745
-738
-712
-683
-678
-676
-690
-712
-732
-754
-760
-765
-745
-725
-751
-754
-709
-685
-680
-682
-675
-622
-556
-515
-470
-421
-395
-383
-395
-417
-483
-484
-418
-352
-307
-281
-247
-209
-183
-134
-118
-123
-82
-21
24
42
48
62
74
45
4
-6
-20
-29
-34
-68
-106
-122
-100
-66
-82
-127
-145
-125
-113
-135
-147
-167
-169
-185
-211
-237
-266
-286
-281
-301
-321
-339
-330
-292
-243
-227
-193
-127
-89
-75
-49
-4
49
120
202
240
222
206
206
201
175
170
161
166
154
93
27
-82
-148
-166
-188
-200
-205
-195
-166
-148
-143
-105
-76
-75
-128
-150
-121
-89
-36
13
58
64
67
105
95
34
-37
-113
-214
-357
-490
-623
-705
-781
-869
-945
-1016
-1054
-1086
-1095
-1079
-1034
-968
-897
-815
-754
-705
-699
-731
-763
-769
-757
-719
-678
-640
-602
-553
-482
-416
-355
-279
-226
-177
-124
-67
-38
-38
-36
-12
-26
-60
-109
-121
-105
-85
-61
-27
26
55
71
74
52
40
58
107
89
75
124
212
313
358
349
323
307
352
381
357
337
305
271
239
178
156
190
243
331
372
343
282
287
332
350
312
303
327
349
383
403
404
409
383
338
312
311
293
288
243
172
143
123
152
159
137
103
65
87
121
120
91
69
28
2
-64
-109
-131
-140
-143
-192
-237
-253
-262
-274
-276
-269
-274
-254
-220
-196
-202
-196
-190
-195
-224
-253
-258
-253
-215
-162
-144
-147
-118
-111
-140
-154
-183
-236
-234
-228
-234
-260
-248
-274
-271
-249
-240
-206
-118
-9
108
179
236
270
299
340
352
376
356
299
198
73
-52
-153
-219
-245
-286
-293
-309
-312
-334
-346
-355
-354
-345
-357
-386
-412
-405
-367
-335
-290
-256
-195
-138
-89
-48
-34
-50
-79
-117
-149
-183
-205
-223
-232
-277
-338
-336
-330
-362
-423
-505
-554
-513
-431
-349
-311
-301
-248
-199
-165
-143
-105
-83
-45
-16
-42
-80
-106
-111
-93
-27
44
82
91
73
39
5
-11
1
23
-11
-93
-150
-126
-55
-71
-80
-125
-116
-59
-33
-19
-3
38
52
47
49
144
232
314
359
366
346
346
375
385
347
335
355
408
382
321
212
146
105
64
23
-43
-109
-150
-216
-287
-309
-306
-322
-356
-390
-435
-488
-510
-492
-508
-532
-539
-536
-487
-426
-355
-279
-178
-53
56
101
167
268
339
338
304
238
177
132
94
6
-82
-127
-153
-194
-228
-260
-263
-265
-285
-290
-284
-285
-288
-297
-283
-284
-270
-229
-205
-198
-149
-92
-63
-49
-87
-121
-124
-130
-156
-217
-288
-329
-361
-358
-353
-375
-395
-424
-481
-542
-560
-551
-541
-555
-581
-595
-542
-460
-399
-381
-387
-367
-296
-220
-186
-202
-205
-185
-124
-36
30
44
20
-25
-63
-101
-189
-306
-372
-417
-455
-500
-482
-437
-396
-387
-405
-406
-392
-390
-451
-485
-475
-463
-425
-399
-373
-324
-286
-204
-166
-178
-173
-207
-213
-147
-106
-65
-39
-46
-44
-35
-88
-114
-85
-56
-94
-160
-226
-252
-301
-383
-436
-434
-408
-414
-467
-520
-482
-425
-372
-356
-311
-250
-189
-140
-152
-136
-138
-135
-106
-74
-48
-43
-38
-37
4
33
67
120
149
190
183
159
168
159
125
43
-39
-100
-149
-183
-184
-155
-131
-93
-71
-66
-78
-94
-139
-161
-187
-253
-291
-320
-321
-292
-263
-257
-252
-223
-214
-230
-214
-240
-250
-262
-294
-347
-408
-446
-430
-421
-433
-419
-405
-381
-369
-351
-313
-307
-319
-345
-342
-293
-255
-226
-188
-150
-109
-64
-15
38
83
71
57
35
33
31
-10
-76
-94
-88
-56
-32
-6
18
23
25
13
8
2
-24
-65
-74
-65
-41
30
101
110
90
87
65
-1
-102
-197
-292
-358
-396
-441
-455
-394
-285
-197
-144
-103
-62
4
42
54
49
67
79
89
87
107
127
145
198
232
214
165
141
100
5
-83
-140
-141
-147
-156
-147
-90
-33
24
56
50
28
50
76
83
80
58
17
-3
-3
-37
-94
-147
-176
-194
-223
-228
-250
-307
-331
-365
-364
-350
-326
-331
-397
-479
-517
-516
-569
-640
-681
-710
-701
-694
-712
-730
-724
-686
-668
-684
-729
-743
-743
-738
-733
-719
-674
-694
-706
-732
-687
-621
-533
-457
-381
-365
-347
-276
-175
-66
35
123
184
210
217
160
94
60
11
-15
-49
-98
-159
-183
-244
-339
-400
-476
-521
-555
-577
-615
-660
-648
-624
-633
-628
-629
-597
-536
-479
-445
-411
-391
-386
-398
-447
-421
-422
-419
-443
-431
-382
-333
-288
-270
-264
-286
-300
-271
-247
-227
-218
-232
-246
-264
-293
-317
-312
-255
-239
-277
-343
-352
-299
-238
-200
-178
-129
-41
84
137
142
97
59
54
49
25
63
89
103
71
37
82
127
168
200
155
89
109
138
167
173
202
255
312
322
293
248
199
161
154
128
67
79
117
166
172
167
110
65
45
23
-9
-14
24
106
167
201
262
284
308
247
122
5
-90
-131
-151
-183
-207
-183
-130
-81
-43
-5
27
32
25
-1
-30
-87
-182
-239
-253
-212
-146
-132
-142
-110
-53
-27
-65
-126
-214
-252
-243
-214
-176
-135
-97
-63
-37
-27
7
5
14
23
47
56
34
-11
-45
-67
-87
-61
-56
-78
-90
-114
-171
-280
-405
-514
-602
-620
-579
-508
-484
-423
-357
-319
-258
-163
-110
-115
-101
-81
-59
-33
-9
-18
-40
-40
-26
-8
1
-2
-2
-3
-44
-105
-171
-220
-234
-235
-201
-113
-12
83
144
168
156
142
154
142
104
51
-15
-72
-106
-124
-114
-143
-188
-206
-226
-248
-257
-269
-253
-187
-149
-149
-194
-218
-204
-170
-165
-124
-67
-41
-32
-26
23
61
55
2
-16
-11
-25
-41
-65
-79
-69
-55
-52
-36
-37
-55
-93
-122
-156
-257
-298
-327
-336
-338
-285
-232
-161
-28
97
192
233
211
166
121
92
47
-29
-70
-58
-38
-28
-28
-37
-59
-91
-100
-120
-117
-162
-228
-289
-342
-391
-436
-470
-496
-510
-526
-514
-469
-464
-423
-347
-302
-297
-302
-297
-273
-249
-254
-259
-271
-295
-315
-344
-376
-360
-370
-356
-330
-375
-424
-444
-478
-539
-610
-655
-664
-615
-562
-517
-435
-364
-276
-194
-210
-242
-264
-211
-182
-198
-214
-215
-162
-91
-50
-30
15
44
105
150
155
161
206
213
204
207
208
186
152
118
80
31
17
41
40
28
14
24
38
39
-32
-127
-184
-193
-198
-212
-228
-228
-196
-174
-160
-140
-137
-127
-89
-80
-42
-13
25
25
20
11
-11
-21
-7
-16
-98
-164
-193
-171
-149
-194
-185
-132
-61
-23
-32
13
70
127
193
211
182
144
106
101
72
56
56
62
82
44
32
18
-8
-15
-64
-140
-201
-219
-225
-249
-235
-209
-121
-92
-126
-136
-142
-139
-117
-76
-105
-127
-111
-77
-57
-86
-131
-160
-221
-250
-282
-298
-260
-207
-141
-134
-143
-133
-62
4
6
-28
-35
-9
62
78
123
139
155
212
238
247
256
251
219
220
202
176
164
174
181
128
62
5
-21
-59
-108
-137
-105
-34
37
98
118
116
154
199
181
132
103
98
69
72
52
14
0
53
91
69
63
65
106
80
31
-1
-2
24
46
55
54
55
71
74
56
27
51
75
61
58
90
128
177
186
145
100
55
10
-107
-208
-290
-308
-315
-327
-365
-364
-369
-369
-347
-321
-283
-230
-135
-26
40
81
115
137
111
77
59
85
90
112
136
177
172
190
214
188
100
18
-53
-102
-126
-146
-151
-150
-149
-137
-157
-191
-179
-159
-150
-130
-92
-72
-27
22
12
-33
-62
-61
-56
-57
-71
-59
-49
-63
-104
-138
-106
-5
104
138
124
102
100
134
154
203
252
278
283
278
258
253
291
362
388
362
321
283
271
276
262
233
207
206
209
197
144
115
122
151
167
101
44
53
94
99
28
-29
-36
-45
-65
-114
-167
-199
-187
-207
-278
-323
-349
-367
-372
-354
-336
-291
-253
-200
-201
-262
-319
-357
-377
-378
-387
-363
-310
-249
-188
-106
-18
35
76
54
25
7
-38
-83
-132
-170
-175
-109
-8
53
67
99
111
133
67
-34
-135
-173
-207
-214
-255
-296
-322
-316
-300
-309
-325
-334
-329
-324
-362
-438
-509
-523
-543
-561
-575
-555
-479
-391
-320
-308
-318
-286
-241
-250
-321
-366
-375
-391
-417
-446
-512
-538
-545
-571
-612
-644
-678
-719
-757
-764
-773
-783
-767
-747
-735
-733
-723
-670
-604
-555
-535
-506
-465
-439
-413
-352
-281
-236
-234
-256
-274
-279
-277
-267
-245
-211
-185
-161
-129
-119
-103
-69
-40
21
35
6
-60
-86
-100
-157
-214
-252
-297
-291
-293
-309
-287
-271
-305
-323
-349
-329
-284
-227
-186
-227
-230
-177
-159
-143
-134
-143
-117
-56
-18
8
30
10
-12
37
119
153
179
228
266
295
329
339
345
365
324
258
217
208
230
268
313
384
437
442
426
410
422
444
497
558
556
485
463
479
479
461
420
382
356
363
375
397
331
286
277
245
163
92
31
-22
-63
-81
-110
-148
-193
-219
-207
-201
-202
-208
-163
-170
-194
-232
-235
-251
-289
-327
-365
-358
-338
-352
-359
-364
-355
-381
-434
-491
-529
-538
-539
-548
-546
-517
-479
-418
-416
-436
-468
-419
-353
-333
-309
-275
-226
-192
-151
-153
-148
-116
-40
5
43
52
55
60
84
116
150
176
237
313
366
437
513
539
523
543
552
532
518
484
500
538
576
671
759
816
845
883
944
978
956
915
903
894
923
952
1005
1054
1092
1130
1142
1120
1106
1128
1099
1028
952
899
850
805
710
577
476
423
357
256
155
60
19
-5
-122
-210
-239
-265
-294
-308
-296
-284
-302
-307
-329
-343
-377
-415
-424
-425
-420
-411
-425
-418
-430
-435
-432
-406
-335
-317
-310
-311
-387
-436
-422
-416
-396
-389
-380
-390
-412
-465
-487
-521
-587
-619
-635
-634
-641
-653
-677
-699
-713
-739
-723
-722
-751
-792
-808
-786
-781
-776
-760
-772
-760
-765
-745
-711
-640
-583
-522
-473
-439
-419
-422
-408
-399
-417
-433
-415
-403
-429
-463
-495
-473
-397
-309
-264
-226
-169
-98
-27
5
-15
-60
-34
15
27
-18
-36
-38
-24
21
43
37
53
114
159
159
127
93
67
51
33
15
49
125
147
171
164
182
231
297
363
364
340
314
330
346
343
290
252
195
134
46
-7
-5
-10
-51
-112
-134
-77
-24
-19
-43
-45
-55
-67
-89
-118
-144
-139
-107
-89
-84
-141
-236
-268
-275
-253
-219
-193
-148
-99
-85
-85
-101
-125
-116
-132
-142
-174
-184
-186
-177
-171
-162
-124
-75
-76
-125
-234
-272
-275
-291
-325
-370
-423
-439
-446
-480
-514
-509
-485
-495
-494
-460
-440
-383
-322
-281
-247
-279
-285
-276
-271
-287
-313
-333
-340
-291
-269
-260
-236
-202
-176
-131
-90
-78
-88
-145
-171
-209
-225
-234
-279
-367
-428
-481
-526
-540
-526
-526
-473
-397
-377
-367
-326
-250
-179
-150
-166
-192
-174
-156
-142
-128
-129
-122
-81
-93
-122
-154
-207
-229
-251
-327
-422
-467
-505
-562
-638
-709
-762
-788
-766
-776
-814
-808
-853
-879
-884
-896
-925
-919
-878
-829
-823
-843
-831
-770
-729
-691
-677
-643
-590
-519
-437
-405
-395
-361
-316
-275
-230
-189
-107
-31
-13
-29
-38
-14
15
53
48
60
40
16
11
-3
-37
-53
-62
-40
-6
43
81
83
105
134
143
125
134
148
153
129
149
225
282
364
388
394
406
407
385
319
218
93
22
-27
-76
-117
-119
-107
-113
-133
-130
-133
-111
-131
-153
-194
-199
-221
-237
-303
-337
-359
-345
-357
-375
-407
-431
-434
-439
-442
-468
-482
-441
-392
-392
-401
-348
-310
-276
-210
-165
-120
-114
-90
-41
0
34
116
182
208
257
286
284
300
338
333
276
252
247
231
243
229
235
234
260
211
145
154
159
143
152
197
254
292
345
355
317
285
287
234
196
212
253
269
255
229
215
268
306
344
322
304
266
221
189
167
133
84
55
57
31
-57
-128
-185
-226
-279
-324
-356
-334
-302
-301
-291
-257
-228
-167
-114
-100
-112
-59
-14
27
88
154
170
219
295
329
305
307
368
406
451
504
502
524
550
545
561
585
623
655
635
574
569
557
528
504
463
410
365
304
187
44
-65
-136
-102
-64
-96
-112
-67
-33
-9
3
-23
6
38
64
46
52
61
27
43
65
77
72
65
43
34
63
79
76
85
71
53
65
91
69
49
-17
-43
-29
-3
-32
-61
-99
-148
-189
-205
-227
-195
-190
-174
-171
-180
-179
-224
-273
-326
-325
-343
-319
-281
-255
-264
-255
-277
-286
-257
-241
-229
-222
-210
-215
-227
-209
-195
-190
-170
-192
-218
-218
-198
-191
-182
-182
-220
-225
-159
-150
-195
-194
-185
-190
-184
-166
-157
-141
-84
-43
-38
-24
2
7
-15
-39
-80
-121
-127
-117
-88
-120
-169
-226
-283
-354
-370
-373
-353
-315
-291
-277
-232
-203
-203
-237
-246
-264
-259
-241
-203
-169
-131
-113
-68
3
23
1
-4
2
-24
-77
-122
-136
-122
-56
-22
-40
-42
-74
-123
-168
-244
-320
-391
-479
-588
-670
-719
-753
-744
-730
-735
-745
-696
-658
-620
-604
-628
-637
-588
-562
-563
-589
-627
-656
-607
-578
-560
-540
-520
-504
-504
-510
-472
-427
-378
-352
-353
-319
-290
-261
-283
-295
-294
-256
-199
-187
-193
-181
-191
-192
-158
-124
-129
-119
-48
18
89
146
162
146
147
144
91
30
1
-60
-94
-82
-111
-121
-137
-186
-252
-290
-324
-373
-426
-460
-548
-601
-662
-696
-745
-790
-774
-754
-770
-823
-835
-811
-745
-684
-643
-650
-638
-600
-574
-575
-565
-524
-448
-387
-367
-341
-332
-294
-241
-184
-123
-114
-140
-174
-176
-214
-212
-196
-206
-196
-197
-217
-215
-247
-257
-251
-248
-199
-183
-145
-129
-117
-93
-11
34
68
77
78
100
71
26
-15
-64
-54
-40
-74
-140
-158
-140
-141
-159
-188
-226
-246
-268
-309
-366
-423
-426
-455
-500
-509
-521
-528
-535
-529
-513
-510
-500
-474
-450
-416
-390
-370
-321
-276
-235
-178
-61
21
97
123
147
208
290
347
367
381
386
447
467
449
392
378
381
376
429
453
465
510
555
600
620
618
650
691
667
618
557
537
513
520
491
453
452
486
474
403
385
380
309
297
295
277
322
383
436
412
400
407
404
422
413
356
303
265
239
178
102
20
-29
-39
-34
-43
-52
-70
-58
-40
-16
-14
-8
1
-56
-66
-48
-7
38
38
29
35
40
31
22
0
-34
-50
-28
-29
-38
-56
-44
-56
-82
-70
-84
-110
-110
-122
-129
-155
-165
-145
-104
-51
-6
16
77
165
197
204
230
233
257
254
272
338
372
377
368
342
266
209
156
136
139
134
102
49
31
-14
-36
-52
-52
-86
-127
-188
-233
-255
-243
-217
-217
-222
-196
-193
-184
-204
-242
-299
-325
-370
-392
-406
-374
-350
-338
-332
-334
-316
-250
-205
-171
-83
5
87
212
365
498
651
784
885
1018
1135
1217
1342
1399
1470
1496
1484
1472
1401
1300
1191
1082
1000
924
842
754
611
468
392
249
63
-111
-264
-417
-499
-544
-620
-646
-684
-772
-873
-955
-1000
-1014
-1021
-1043
-1050
-1041
-1019
-981
-961
-963
-943
-914
-902
-890
-866
-832
-775
-730
-704
-695
-679
-650
-630
-596
-582
-560
-522
-481
-436
-412
-388
-383
-386
-395
-381
-379
-353
-331
-293
-269
-267
-222
-188
-147
-127
-117
-83
-38
0
6
8
-2
20
65
83
67
83
121
116
116
121
153
185
211
227
233
259
279
303
312
336
374
419
451
496
525
523
518
547
559
525
554
620
658
672
643
634
635
635
657
651
689
738
752
751
800
826
879
967
1033
1062
1096
1229
1354
1479
1574
1717
1842
1959
2076
2117
2131
2126
2114
2048
1972
1819
1676
1513
1412
1317
1174
1031
936
819
676
533
400
247
104
-21
-184
-327
-444
-532
-564
-590
-581
-563
-539
-505
-479
-422
-356
-295
-224
-158
-70
6
101
167
238
295
333
378
384
384
394
412
414
400
339
268
180
98
37
-29
-78
-123
-132
-130
-139
-168
-194
-214
-255
-296
-316
-350
-374
-379
-381
-386
-396
-399
-373
-368
-402
-455
-471
-449
-417
-412
-403
-391
-377
-409
-423
-439
-427
-418
-400
-391
-386
-380
-368
-342
-318
-292
-282
-311
-306
-274
-294
-316
-307
-285
-240
-174
-176
-171
-100
-51
-27
-3
68
109
226
287
249
273
374
572
725
850
1036
1189
1363
1445
1486
1527
1518
1465
1370
1275
1174
1125
1016
883
730
567
472
390
308
183
66
-43
-125
-220
-315
-376
-425
-470
-476
-481
-469
-445
-438
-464
-496
-567
-616
-594
-523
-470
-404
-343
-272
-223
-207
-183
-161
-147
-163
-189
-234
-279
-291
-309
-327
-393
-431
-472
-506
-544
-564
-609
-615
-624
-624
-626
-625
-634
-650
-662
-667
-677
-668
-644
-606
-572
-592
-583
-589
-563
-566
-619
-648
-614
-585
-559
-530
-512
-500
-514
-532
-593
-586
-564
-550
-566
-607
-639
-623
-605
-591
-603
-579
-541
-557
-545
-516
-511
-489
-428
-367
-296
-187
-116
-21
104
213
322
496
659
754
849
1002
1127
1260
1369
1389
1465
1453
1441
1359
1258
1205
1088
1000
934
833
708
565
477
406
305
196
101
79
59
27
15
-14
-17
-31
-45
-39
-21
-23
-61
-70
-79
-120
-161
-166
-164
-176
-167
-151
-113
-118
-102
-108
-82
-44
-20
-46
-66
-95
-102
-96
-62
-94
-91
-59
-88
-129
-182
-223
-214
-205
-210
-244
-266
-266
-240
-214
-200
-174
-129
-76
-42
-35
-80
-100
-29
12
28
14
-24
-73
-149
-178
-154
-136
-120
-63
-6
55
112
188
245
277
338
399
470
482
516
582
620
737
846
928
1016
1125
1191
1279
1340
1358
1351
1302
1226
1117
1016
853
720
587
462
319
133
16
-50
-145
-227
-298
-369
-376
-381
-391
-448
-480
-525
-578
-639
-721
-782
-804
-857
-883
-959
-993
-1009
-1004
-1033
-1051
-1073
-1082
-1064
-1048
-1053
-1048
-1051
-1063
-1095
-1095
-1090
-1008
-907
-841
-796
-751
-733
-684
-618
-573
-555
-498
-453
-412
-374
-352
-352
-330
-321
-319
-357
-379
-370
-367
-401
-415
-406
-400
-412
-428
-440
-481
-519
-525
-537
-532
-561
-561
-541
-496
-503
-469
-387
-292
-149
25
107
250
413
538
663
734
877
1020
1102
1159
1162
1105
1095
1050
962
799
646
521
433
332
215
106
5
-71
-153
-241
-317
-346
-360
-378
-402
-455
-467
-455
-406
-384
-360
-334
-322
-351
-351
-356
-330
-292
-260
-301
-342
-371
-366
-334
-320
-332
-323
-349
-394
-428
-440
-431
-413
-381
-352
-366
-382
-396
-343
-294
-256
-224
-198
-160
-138
-154
-188
-204
-218
-247
-276
-314
-340
-343
-369
-407
-489
-523
-501
-487
-463
-454
-416
-384
-313
-242
-220
-211
-197
-221
-216
-163
-54
41
63
112
188
297
398
515
610
711
787
816
838
797
771
722
621
560
435
359
293
222
156
90
24
-85
-194
-295
-420
-545
-640
-689
-713
-745
-794
-843
-867
-868
-866
-875
-874
-854
-809
-783
-763
-739
-738
-732
-714
-690
-695
-724
-725
-754
-772
-810
-844
-841
-857
-866
-869
-874
-864
-830
-818
-824
-800
-766
-740
-714
-716
-704
-675
-637
-605
-589
-575
-563
-558
-561
-575
-584
-606
-620
-638
-609
-627
-672
-660
-658
-617
-546
-536
-491
-374
-221
-68
41
112
213
399
465
547
700
795
920
1015
1097
1131
1117
1101
1006
843
718
593
430
297
164
69
3
-63
-145
-216
-234
-256
-285
-317
-351
-375
-365
-327
-295
-246
-185
-103
-21
40
85
107
145
183
224
234
224
236
277
306
294
262
248
234
244
238
212
183
224
273
289
275
253
275
313
327
332
337
408
440
462
457
437
392
398
447
450
464
517
546
537
519
509
535
534
560
551
517
529
617
639
644
678
719
776
877
915
915
1003
1085
1079
1050
1057
1041
1007
1007
906
763
646
513
360
217
43
-74
-135
-260
-403
-512
-569
-607
-625
-666
-688
-666
-609
-614
-634
-646
-658
-665
-636
-648
-672
-679
-645
-631
-599
-602
-597
-575
-526
-497
-452
-428
-402
-364
-335
-311
-323
-335
-340
-369
-403
-413
-364
-293
-244
-220
-244
-243
-186
-129
-100
-102
-136
-120
-94
-96
-78
-78
-62
-48
28
116
94
143
225
254
349
425
387
448
505
496
567
616
704
765
810
871
857
877
930
929
897
875
793
692
575
389
203
40
-93
-181
-290
-391
-457
-523
-557
-614
-675
-709
-716
-745
-811
-837
-821
-780
-714
-680
-664
-632
-550
-468
-407
-389
-373
-344
-332
-314
-309
-300
-302
-297
-271
-264
-259
-239
-246
-299
-352
-372
-343
-286
-274
-279
-279
-234
-202
-190
-161
-151
-85
-53
-15
-9
9
85
173
249
294
326
435
578
731
826
908
996
1097
1179
1255
1287
1303
1306
1318
1269
1224
1195
1107
1012
903
794
669
560
507
406
253
165
155
110
104
43
-18
-27
-41
-102
-151
-189
-198
-207
-268
-339
-373
-380
-375
-397
-438
-483
-490
-481
-497
-521
-526
-508
-484
-443
-429
-411
-379
-330
-304
-280
-235
-186
-141
-107
-58
-32
17
88
129
141
139
165
175
216
245
254
259
258
253
239
292
316
350
384
406
377
378
439
492
545
611
649
715
889
1032
1108
1161
1222
1365
1498
1586
1643
1696
1745
1719
1695
1619
1531
1422
1346
1229
1003
840
687
544
401
248
139
51
-50
-132
-227
-265
-291
-303
-341
-390
-404
-378
-388
-387
-444
-468
-446
-424
-450
-488
-489
-469
-483
-501
-521
-587
-648
-686
-692
-694
-697
-659
-643
-638
-637
-663
-677
-683
-697
-713
-751
-769
-759
-765
-781
-799
-815
-821
-795
-771
-785
-834
-850
-805
-779
-767
-796
-780
-773
-767
-735
-664
-576
-577
-609
-538
-450
-368
-297
-215
-149
-92
-35
6
67
133
215
253
341
357
391
386
366
371
337
271
128
-15
-140
-314
-467
-584
-679
-761
-799
-837
-843
-875
-857
-858
-867
-829
-784
-768
-758
-717
-668
-623
-570
-521
-455
-394
-370
-344
-306
-274
-208
-151
-106
-35
14
38
52
76
102
70
63
64
30
25
37
57
59
50
84
129
134
143
127
184
241
261
258
232
218
219
253
241
209
189
194
192
166
128
87
78
69
31
7
56
85
36
16
15
-7
7
60
86
74
108
184
293
359
420
573
668
756
909
1018
1079
1150
1162
1128
1052
899
798
697
544
358
172
29
-134
-277
-372
-448
-482
-516
-582
-635
-684
-698
-688
-670
-661
-685
-694
-689
-682
-664
-655
-626
-577
-511
-473
-463
-443
-386
-352
-303
-232
-175
-99
-33
33
99
140
181
207
205
148
72
40
24
-14
-52
-93
-69
-16
50
76
90
143
219
301
383
405
367
333
362
376
347
367
428
485
511
485
473
468
427
424
438
426
450
532
544
503
512
521
512
578
602
618
659
700
722
646
570
494
377
260
86
-23
-118
-235
-352
-477
-610
-676
-777
-838
-887
-925
-957
-981
-971
-970
-999
-1021
-1021
-1005
-981
-974
-986
-1020
-1034
-1032
-1039
-1059
-1039
-1063
-1068
-1065
-1091
-1077
-1075
-1097
-1113
-1108
-1092
-1035
-959
-933
-921
-833
-788
-754
-742
-732
-737
-734
-725
-727
-745
-755
-741
-709
-652
-581
-549
-517
-451
-402
-361
-295
-178
-69
2
47
92
201
334
416
473
574
737
786
824
895
961
1006
977
953
908
863
860
851
822
756
647
504
330
205
104
-29
-146
-207
-236
-274
-312
-378
-460
-509
-562
-603
-660
-705
-750
-772
-801
-821
-799
-785
-744
-718
-717
-699
-679
-663
-614
-569
-498
-432
-408
-379
-359
-341
-307
-262
-271
-293
-311
-282
-275
-280
-318
-352
-386
-427
-472
-474
-413
-352
-251
-163
-106
-35
36
48
34
18
11
49
131
207
248
282
391
544
661
762
844
910
1005
1114
1202
1240
1224
1224
1167
1079
1013
925
816
699
598
445
302
149
-14
-139
-292
-409
-485
-573
-706
-839
-934
-968
-962
-1011
-1087
-1182
-1220
-1238
-1262
-1311
-1377
-1443
-1469
-1498
-1551
-1604
-1653
-1658
-1678
-1707
-1752
-1762
-1771
-1761
-1747
-1753
-1733
-1719
-1662
-1617
-1551
-1498
-1427
-1351
-1290
-1241
-1188
-1131
-1078
-1040
-995
-963
-910
-834
-781
-732
-687
-634
-563
-502
-445
-413
-337
-249
-140
-69
-31
-17
28
73
111
149
237
390
439
444
561
818
1059
1184
1272
1317
1335
1278
1221
1126
1017
874
749
648
531
345
182
39
-78
-231
-374
-507
-624
-685
-709
-780
-812
-846
-846
-840
-852
-862
-836
-824
-833
-843
-848
-824
-804
-763
-747
-759
-730
-701
-630
-548
-491
-438
-385
-332
-287
-242
-242
-236
-227
-178
-172
-172
-169
-135
-69
-16
72
181
242
260
246
234
260
336
397
454
476
474
460
455
456
434
439
442
397
340
331
317
329
417
499
494
543
577
577
576
617
639
680
746
879
1004
1129
1254
1387
1530
1612
1661
1679
1647
1559
1442
1317
1131
957
794
631
433
270
96
-47
-135
-223
-284
-308
-330
-362
-396
-430
-491
-562
-679
-804
-905
-993
-1069
-1122
-1193
-1231
-1265
-1258
-1268
-1267
-1281
-1290
-1278
-1279
-1281
-1280
-1312
-1326
-1340
-1360
-1378
-1349
-1331
-1313
-1310
-1328
-1357
-1362
-1344
-1283
-1245
-1169
-1060
-984
-946
-897
-859
-837
-811
-777
-706
-581
-438
-285
-122
-21
80
197
258
296
362
450
532
603
621
587
553
504
443
390
324
215
144
78
-17
-88
-149
-173
-178
-212
-261
-327
-393
-459
-512
-561
-614
-624
-650
-644
-645
-661
-660
-636
-635
-634
-618
-604
-595
-596
-602
-626
-633
-615
-593
-590
-587
-613
-614
-590
-549
-527
-532
-537
-513
-475
-453
-444
-424
-395
-350
-328
-316
-282
-216
-175
-161
-152
-145
-119
-74
-29
-3
3
48
105
119
105
119
151
212
265
220
200
317
491
689
832
965
1098
1231
1356
1432
1458
1442
1462
1361
1208
1099
966
813
639
441
267
93
-40
-173
-326
-469
-578
-666
-737
-813
-884
-933
-942
-930
-935
-988
-987
-955
-926
-914
-938
-933
-845
-807
-778
-754
-697
-609
-508
-413
-347
-294
-218
-152
-86
-10
39
127
252
385
597
809
821
704
579
436
327
226
155
98
16
-72
-160
-261
-327
-428
-571
-696
-753
-802
-868
-977
-1086
-1168
-1202
-1222
-1260
-1309
-1306
-1235
-1215
-1260
-1276
-1235
-1206
-1168
-1119
-1048
-1022
-1040
-1093
-1169
-1278
-1349
-1458
-1611
-1797
-1960
-2103
-2220
-2363
-2496
-2591
-2673
-2722
-2763
-2816
-2850
-2864
-2884
-2864
-2863
-2881
-2859
-2777
-2716
-2690
-2666
-2600
-2539
-2468
-2411
-2350
-2318
-2230
-2121
-2004
-1933
-1824
-1715
-1633
-1576
-1538
-1506
-1504
-1513
-1522
-1575
-1601
-1544
-1419
-1233
-992
-718
-544
-381
-195
-32
121
333
574
800
1041
1267
1384
1527
1644
1732
1857
1990
2107
2139
2086
1998
1927
1810
1612
1371
1018
619
194
-259
-712
-1194
-1676
-2051
-2362
-2673
-2947
-3204
-3416
-3602
-3776
-3893
-3959
-3973
-3891
-3850
-3872
-3843
-3726
-3528
-3254
-2943
-2669
-2483
-2330
-2205
-1979
-1705
-1330
-999
-904
-1013
-1138
-1160
-1226
-1321
-1416
-1504
-1553
-1610
-1719
-1795
-1871
-1953
-1987
-2005
-2017
-2099
-2187
-2258
-2303
-2356
-2397
-2450
-2507
-2531
-2497
-2448
-2514
-2585
-2592
-2539
-2513
-2529
-2463
-2410
-2381
-2410
-2451
-2398
-2357
-2428
-2499
-2600
-2774
-2948
-3160
-3372
-3629
-3886
-4098
-4241
-4374
-4475
-4528
-4529
-4480
-4451
-4422
-4442
-4440
-4411
-4385
-4399
-4421
-4401
-4348
-4319
-4317
-4314
-4292
-4263
-4247
-4231
-4224
-4148
-4072
-4011
-4016
-4009
-3952
-3899
-3838
-3762
-3686
-3577
-3482
-3394
-3312
-3230
-3164
-3076
-2975
-2832
-2707
-2598
-2516
-2421
-2320
-2304
-2320
-2298
-2222
-2113
-2093
-2036
-1954
-1845
-1671
-1538
-1485
-1376
-1267
-1185
-1128
-1071
-1010
-1005
-948
-891
-891
-865
-770
-596
-384
-143
131
388
614
826
1000
1143
1296
1439
1540
1542
1522
1524
1562
1623
1724
1825
1907
1929
1853
1700
1557
1414
1376
1315
1227
1166
1128
1062
967
850
741
688
635
613
595
629
658
707
721
723
670
621
670
765
898
1072
1298
1590
1921
2195
2369
2543
2755
2941
3153
3379
3591
3803
4001
4164
4307
4424
4446
4472
4431
4278
4115
3972
3839
3706
3605
3480
3337
3194
3061
2944
2746
2548
2374
2211
2102
1959
1834
1725
1672
1658
1587
1478
1412
1355
1273
1197
1136
1098
1099
1111
1149
1183
1228
1237
1251
1242
1197
1126
1017
941
875
843
802
749
735
773
826
921
1030
1064
1023
914
805
729
767
824
792
697
656
607
541
446
358
305
323
355
361
462
587
632
677
616
473
348
162
-79
-353
-594
-792
-955
-1108
-1217
-1293
-1342
-1348
-1330
-1285
-1176
-1051
-956
-868
-786
-752
-723
-689
-623
-547
-481
-356
-247
-138
-37
29
117
199
316
417
542
685
871
1069
1255
1388
1489
1590
1678
1787
1882
1964
2052
2169
2270
2365
2453
2510
2555
2612
2721
2846
2979
3132
3318
3544
3742
3954
4097
4214
4339
4380
4404
4355
4298
4181
3995
3769
3512
3271
2997
2705
2479
2305
2131
1968
1843
1748
1666
1571
1483
1449
1408
1320
1244
1218
1173
1135
1078
1033
967
891
820
779
730
654
566
457
396
320
211
68
-65
-198
-293
-346
-358
-429
-524
-633
-831
-1043
-1284
-1482
-1625
-1788
-1986
-2184
-2317
-2393
-2427
-2461
-2514
-2528
-2519
-2493
-2427
-2374
-2292
-2183
-2095
-2007
-1989
-1957
-1900
-1824
-1748
-1660
-1559
-1458
-1305
-1107
-895
-800
-657
-494
-385
-199
-133
41
150
259
273
244
230
201
181
140
64
-79
-188
-341
-527
-690
-823
-911
-943
-952
-950
-897
-815
-749
-711
-685
-640
-552
-443
-348
-272
-211
-150
-74
2
103
198
293
418
561
724
2693
13374
14446
13964
13589
13415
13410
13527
13753
14045
14444
14926
15506
16162
16537
16280
15700
15247
14794
14312
13830
13405
13006
12631
12300
11989
11658
11401
11144
10870
10613
10387
10270
10096
9910
9698
9486
9323
9180
9027
8829
8603
8429
8286
8123
7980
7827
7694
7628
7610
7639
7648
7628
7571
7518
7442
7244
7032
6791
6517
6206
5932
5720
5508
5296
5133
4935
4737
4539
4327
4070
3778
3537
3325
3139
2986
2833
2670
2537
2471
2422
2373
2264
2188
2156
2130
2096
2014
1948
1899
1842
1801
1730
1673
1607
1525
1408
1291
1182
1065
902
739
565
391
248
95
-58
-232
-385
-518
-661
-794
-937
-1070
-1171
-1242
-1280
-1341
-1390
-1406
-1407
-1397
-1377
-1328
-1271
-1218
-1157
-1128
-1119
-1081
-1055
-1045
-988
-950
-901
-784
-675
-593
-536
-470
-345
-182
-19
167
379
591
803
966
1109
1262
1448
1622
1775
1928
2091
2254
2480
2754
3011
3252
3493
3656
3809
3854
3832
3846
3922
4004
4061
4099
4200
4374
4537
4690
4853
5039
5313
5624
5836
5741
5430
5189
5056
4955
4802
4714
4685
4661
4590
4473
4378
4358
4340
4347
4338
4322
4310
4351
4350
4321
4295
4289
4303
4298
4284
4289
4334
4372
4425
4437
4438
4420
4402
4364
4303
4254
4234
4216
4206
4130
4021
3904
3828
3719
3602
3493
3411
3329
3268
3186
3091
3020
2986
2925
2864
2798
2766
2756
2732
2666
2595
2507
2446
2405
2373
2316
2228
2152
2126
2110
2090
2088
2083
2078
2037
1966
1905
1852
1803
1765
1764
1761
1795
1866
1975
2076
2219
2307
2389
2430
2408
2337
2228
2095
1932
1779
1553
1341
1143
945
733
476
202
-24
-236
-434
-660
-834
-987
-1104
-1192
-1301
-1444
-1532
-1614
-1685
-1751
-1804
-1830
-1864
-1884
-1883
-1871
-1889
-1880
-1898
-1893
-1894
-1923
-1964
-1998
-2022
-2040
-2042
-2045
-2021
-2012
-2015
-1986
-1960
-1934
-1920
-1961
-2022
-2019
-1993
-1964
-1976
-2014
-2009
-1971
-1949
-1935
-1932
-1950
-1921
-1899
-1933
-1990
-2051
-2075
-2089
-2155
-2256
-2317
-2319
-2285
-2294
-2328
-2319
-2299
-2304
-2301
-2279
-2230
-2142
-2085
-2067
-2014
-1905
-1856
-1832
-1750
-1712
-1636
-1503
-1402
-1320
-1254
-1188
-1127
-1086
-1010
-1030
-1106
-1151
-1171
-1247
-1313
-1408
-1525
-1596
-1590
-1616
-1704
-1730
-1710
-1704
-1742
-1764
-1802
-1840
-1893
-1931
-1997
-2038
-2058
-2096
-2125
-2174
-2192
-2212
-2269
-2314
-2334
-2339
-2298
-2222
-2173
-2102
-2014
-1932
-1883
-1871
-1909
-1933
-1913
-1925
-1935
-1980
-1989
-2021
-2033
-2027
-2061
-2106
-2151
-2222
-2254
-2292
-2345
-2377
-2289
-2228
-2190
-2089
-2007
-1931
-1768
-1542
-1368
-1215
-1098
-912
-738
-667
-655
-684
-745
-854
-1028
-1240
-1438
-1695
-1952
-2263
-2574
-2831
-3072
-3258
-3391
-3554
-3636
-3712
-3778
-3873
-3998
-4069
-4145
-4211
-4277
-4318
-4344
-4339
-4344
-4360
-4374
-4398
-4395
-4342
-4293
-4240
-4211
-4216
-4200
-4143
-4117
-4122
-4134
-4122
-4117
-4093
-4092
-4063
-3992
-3983
-3973
-3897
-3821
-3750
-3625
-3451
-3239
-3065
-2867
-2704
-2530
-2473
-2385
-2356
-2427
-2613
-2811
-3037
-3294
-3568
-3842
-4116
-4314
-4467
-4610
-4743
-4838
-4891
-5024
-5065
-5087
-5101
-5135
-5159
-5152
-5146
-5128
-5128
-5123
-5041
-4916
-4815
-4762
-4691
-4609
-4492
-4383
-4295
-4234
-4125
-4008
-3937
-3876
-3823
-3741
-3646
-3593
-3599
-3652
-3740
-3822
-3879
-3967
-4024
-4081
-4107
-4156
-4190
-4183
-3603
-3450
-3488
-3545
-3561
-3549
-3520
-3561
-3562
-3578
-3573
-3549
-3552
-3547
-3502
-3420
-3344
-3278
-3202
-3136
-3095
-3071
-3033
-2972
-2877
-2744
-2591
-2438
-2226
-2028
-1875
-1701
-1503
-1317
-1174
-1065
-956
-890
-885
-926
-1021
-1103
-1236
-1353
-1506
-1631
-1764
-1852
-1934
-2035
-2130
-2218
-2279
-2374
-2483
-2544
-2566
-2578
-2623
-2676
-2710
-2705
-2676
-2669
-2667
-2666
-2625
-2593
-2581
-2559
-2566
-2560
-2503
-2462
-2380
-2314
-2197
-2088
-1993
-1892
-1810
-1728
-1640
-1564
-1503
-1446
-1397
-1326
-1231
-1178
-1112
-1100
-1110
-1103
-1081
-972
-715
-404
-163
148
459
716
914
1047
1096
1025
900
747
549
238
-19
-293
-479
-642
-805
-948
-1065
-1198
-1280
-1321
-1378
-1466
-1537
-1566
-1584
-1655
-1687
-1713
-1754
-1830
-1871
-1920
-1977
-2038
-2043
-2025
-2039
-2057
-2023
-1974
-1925
-1945
-1971
-1977
-1901
-1844
-1858
-1896
-1901
-1863
-1814
-1790
-1816
-1840
-1814
-1826
-1855
-1881
-1871
-1837
-1835
-1880
-1814
-1804
-1792
-1766
-1740
-1724
-1700
-1682
-1653
-1671
-1687
-1709
-1652
-1614
-1596
-1582
-1556
-1507
-1431
-1405
-1379
-1399
-1406
-1357
-1275
-1193
-1144
-1062
-919
-776
-651
-563
-481
-328
-195
-42
19
20
-6
-44
-126
-259
-402
-497
-579
-674
-775
-828
-779
-691
-582
-521
-476
-410
-378
-373
-418
-500
-561
-637
-663
-729
-838
-914
-926
-935
-980
-1037
-1094
-1135
-1126
-1140
-1193
-1202
-1131
-1060
-1042
-1033
-1013
-952
-903
-879
-878
-837
-838
-824
-842
-851
-889
-960
-1013
-1079
-1140
-1228
-1310
-1351
-1353
-1424
-1465
-1408
-1313
-1225
-1203
-1194
-1168
-1139
-1115
-1077
-1089
-1160
-1151
-1119
-1066
-984
-964
-903
-794
-651
-508
-437
-312
-224
-175
-80
-4
129
262
303
379
488
621
730
847
1021
1207
1419
1593
1688
1770
1944
2107
2173
2091
1958
1772
1546
1305
1013
721
429
172
47
-41
-136
-165
-167
-153
-104
-47
6
12
-26
-102
-159
-216
-250
-268
-309
-397
-522
-567
-587
-588
-562
-557
-543
-472
-377
-295
-300
-278
-196
-87
-38
-14
68
125
120
82
158
192
178
152
197
273
339
537
2082
2738
3069
3380
3805
4385
5083
5781
5803
5546
5289
5091
4938
4775
4622
4505
4404
4271
4128
4040
3983
3938
3862
3737
3612
3517
3422
3356
3255
3146
3108
3079
3061
3020
2971
2949
2958
2960
2928
2875
2834
2891
2973
2989
2990
3047
3180
3354
3646
4045
4420
4819
5172
5525
5950
6375
6774
7085
7283
7408
7561
7960
8616
8842
8924
9000
12196
14165
13740
13341
13067
12942
12876
12775
12714
12657
12556
12413
12296
12201
12092
12004
11928
11875
11809
11676
11567
11485
11444
11505
11423
11322
11296
11225
11130
11035
10910
10785
10642
10509
10366
10233
10070
9917
9691
9479
9267
9093
8907
8666
8425
8184
8010
7877
7734
7536
7338
7152
6978
6752
6495
6269
6043
5831
5590
5378
5121
4746
4321
3896
3471
3018
2687
2413
2227
2170
2192
2263
2345
2350
2388
2513
2687
2944
3426
3908
4390
4815
4504
3848
3449
3324
3353
3387
3316
3153
3000
2788
2614
2373
2210
1984
1692
1480
1282
1119
966
849
804
755
654
501
368
251
134
58
1
-70
-119
-151
-171
-212
-307
-378
-435
-461
-481
-486
-510
-539
-561
-590
-622
-636
-575
-522
-508
-528
-569
-575
-568
-542
-545
-569
-587
-569
-547
-553
-562
-509
-456
-432
-420
-414
-419
-418
-424
-465
-526
-555
-584
-660
-721
-797
-858
-892
-945
-1016
-1098
-1164
-1186
-1188
-1245
-1290
-1319
-1299
-1223
-1106
-1005
-888
-690
-478
-315
-129
57
231
405
538
587
561
567
541
475
322
179
70
-39
-172
-281
-444
-618
-771
-914
-1112
-1310
-1522
-1720
-1894
-2068
-2221
-2354
-2471
-2547
-2618
-2719
-2801
-2846
-2899
-2952
-3018
-3071
-3103
-3117
-3141
-3175
-3216
-3261
-3310
-3328
-3354
-3403
-3429
-3438
-3424
-3415
-3393
-3364
-3319
-3258
-3224
-3198
-3176
-3188
-3217
-3241
-3302
-3363
-3389
-3415
-3464
-3573
-3674
-3735
-3755
-3789
-3815
-3868
-3939
-4021
-4047
-4018
-3973
-3920
-3859
-3806
-3711
-3635
-3540
-3452
-3364
-3282
-3173
-3040
-2887
-2713
-2550
-2376
-2150
-1964
-1831
-1678
-1480
-1371
-1318
-1324
-1358
-1403
-1429
-1517
-1660
-1858
-2084
-2282
-2435
-2598
-2751
-2914
-3057
-3182
-3258
-3346
-3441
-3558
-3640
-3701
-3742
-3813
-3895
-3983
-4017
-4016
-4016
-4002
-4000
-3991
-3962
-3933
-3895
-3873
-3820
-3771
-3739
-3701
-3644
-3603
-3565
-3545
-3557
-3523
-3478
-3396
-3343
-3321
-3280
-3219
-3153
-3092
-3058
-3001
-2956
-2903
-2832
-2766
-2665
-2570
-2469
-2306
-2094
-1931
-1768
-1494
-1119
-666
-291
-65
23
16
0
-95
-196
-408
-649
-906
-1217
-1491
-1717
-1915
-2089
-2263
-2396
-2472
-2525
-2563
-2688
-2841
-2994
-3111
-3193
-3213
-3131
-3014
-2871
-2718
-2642
-2643
-2681
-2738
-2770
-2779
-2738
-2704
-2643
-2602
-2593
-2602
-2597
-2581
-2549
-2527
-2527
-2522
-2510
-2469
-2445
-2446
-2434
-2414
-2396
-2384
-2393
-2398
-2322
-2256
-2215
-2235
-2269
-2262
-2230
-2206
-2204
-2209
-2229
-2253
-2269
-2318
-2367
-2345
-2325
-2268
-2273
-2322
-2388
-2412
-2380
-2279
-2136
-1973
-1799
-1507
-1176
-751
-398
-87
125
288
349
333
216
4
-222
-514
-788
-1062
-1303
-1529
-1703
-1856
-2009
-2152
-2285
-2448
-2581
-2676
-2752
-2840
-2957
-3052
-3118
-3138
-3140
-3139
-3110
-3113
-3095
-3077
-3061
-3029
-2991
-2962
-2921
-2895
-2879
-2876
-2858
-2829
-2834
-2820
-2806
-2753
-2741
-2703
-2679
-2657
-2562
-2474
-2392
-2358
-2297
-2226
-2109
-1956
-1861
-1773
-1702
-1614
-1543
-1477
-1406
-1318
-1217
-1084
-931
-778
-645
-482
-270
22
397
708
1039
1213
1262
1217
1156
1061
973
799
587
424
281
107
-36
-210
-327
-415
-453
-471
-512
-538
-567
-577
-591
-617
-670
-694
-710
-724
-742
-764
-802
-851
-917
-988
-1070
-1171
-1242
-1324
-1400
-1525
-1582
-1608
-1646
-1666
-1700
-1726
-1755
-1764
-1798
-1810
-1832
-1848
-1858
-1887
-1925
-1915
-1886
-1872
-1852
-1881
-1882
-1862
-1824
-1798
-1782
-1777
-1743
-1698
-1653
-1631
-1602
-1586
-1560
-1534
-1502
-1453
-1396
-1314
-1273
-1255
-1194
-1112
-1017
-951
-949
-908
-667
-410
-169
184
637
1036
1310
1398
1369
1312
1211
1068
882
684
427
170
-104
-330
-542
-728
-891
-1034
-1167
-1292
-1409
-1504
-1557
-1610
-1663
-1724
-1790
-1816
-1850
-1891
-1936
-1970
-1976
-1978
-2004
-2004
-2016
-1994
-1965
-1943
-1940
-1949
-1951
-1931
-1886
-1848
-1814
-1792
-1776
-1764
-1762
-1762
-1767
-1767
-1779
-1784
-1789
-1791
-1781
-1765
-1763
-1777
-1791
-1757
-1733
-1701
-1707
-1713
-1672
-1619
-1566
-1525
-1505
-1471
-1426
-1355
-1284
-1202
-1101
-1006
-911
-816
-721
-604
-451
-308
-155
71
345
602
977
1376
1729
1986
2103
2102
2036
1903
1760
1586
1360
1068
737
426
169
-43
-269
-443
-568
-711
-828
-945
-1062
-1171
-1237
-1303
-1356
-1409
-1462
-1464
-1448
-1399
-1377
-1328
-1279
-1197
-1136
-1087
-1080
-1051
-1002
-953
-904
-859
-830
-818
-786
-762
-753
-741
-692
-639
-598
-541
-496
-455
-398
-337
-276
-270
-261
-232
-194
-141
-121
-97
-68
-52
-36
-45
-38
-33
-23
-20
-38
0
26
44
89
123
135
134
132
154
183
228
289
350
407
460
526
579
688
797
873
944
1170
1523
1922
2233
2544
2730
2801
2700
2514
2273
2032
1791
1460
1149
857
616
418
206
43
-143
-306
-423
-505
-593
-694
-755
-769
-783
-789
-827
-876
-910
-922
-929
-943
-967
-958
-946
-960
-1001
-1058
-1084
-1094
-1112
-1138
-1162
-1180
-1194
-1223
-1247
-1235
-1213
-1201
-1206
-1226
-1248
-1270
-1270
-1261
-1273
-1276
-1274
-1256
-1222
-1181
-1176
-1177
-1191
-1186
-1183
-1184
-1189
-1184
-1191
-1188
-1212
-1228
-1233
-1259
-1293
-1354
-1376
-1360
-1340
-1302
-1295
-1300
-1312
-1328
-1312
-1290
-1202
-1016
-842
-585
-274
-17
240
349
365
316
173
10
-216
-490
-782
-1113
-1405
-1646
-1858
-2044
-2207
-2360
-2493
-2610
-2692
-2780
-2833
-2886
-2935
-2959
-2983
-2999
-2990
-2961
-2935
-2930
-2892
-2868
-2823
-2797
-2794
-2768
-2736
-2687
-2638
-2618
-2589
-2544
-2491
-2457
-2408
-2370
-2309
-2221
-2126
-2050
-2016
-1959
-1877
-1776
-1675
-1614
-1561
-1485
-1390
-1308
-1263
-1202
-1107
-1019
-931
-830
-705
-562
-445
-344
-303
-254
-193
-132
-71
-37
39
121
178
254
311
377
472
567
700
863
980
1089
1315
1572
1846
2044
2336
2628
2854
2997
3054
3063
3069
3024
2990
2993
2979
3001
3017
2979
2870
2745
2602
2485
2299
2073
1847
1606
1394
1196
998
824
723
628
511
402
285
228
187
126
65
27
7
-7
-31
-55
-89
-109
-135
-161
-199
-233
-239
-227
-237
-255
-269
-295
-297
-311
-327
-376
-410
-442
-474
-500
-522
-563
-592
-633
-645
-679
-724
-777
-838
-867
-865
-870
-888
-889
-898
-889
-888
-872
-834
-810
-784
-758
-713
-660
-646
-614
-538
-352
-126
131
556
909
1240
1551
1777
1910
1928
1887
1792
1649
1486
1194
883
530
199
-112
-386
-572
-735
-860
-969
-1070
-1146
-1187
-1211
-1268
-1350
-1459
-1560
-1631
-1653
-1685
-1707
-1727
-1772
-1798
-1843
-1881
-1899
-1937
-1969
-2007
-2068
-2125
-2147
-2171
-2200
-2216
-2236
-2245
-2225
-2226
-2232
-2216
-2194
-2165
-2124
-2095
-2057
-1991
-1934
-1863
-1806
-1757
-1700
-1639
-1582
-1553
-1512
-1436
-1354
-1297
-1271
-1230
-1164
-1082
-1000
-934
-885
-824
-786
-766
-734
-708
-682
-611
-545
-469
-428
-367
-301
-256
-222
-190
-133
-16
93
194
289
346
395
452
478
477
506
559
608
696
870
1162
1515
1868
2160
2401
2627
2780
2868
2921
2945
2863
2665
2453
2241
2043
1786
1494
1202
990
827
586
329
131
-67
-265
-418
-513
-519
-497
-459
-418
-352
-307
-266
-200
-166
-121
-76
-10
51
85
109
133
167
193
211
249
310
363
408
413
462
496
557
577
563
539
542
576
581
547
490
458
449
475
474
469
476
514
548
555
596
672
760
821
887
936
968
1039
1164
1265
1360
1558
1933
2332
2757
3132
3443
3684
3827
3861
3827
3751
3608
3410
3184
2927
2653
2427
2294
2199
2142
2151
2196
2151
1977
1765
1612
1524
1467
1358
1241
1153
1112
1088
1039
1023
1014
988
974
950
916
887
849
835
867
908
953
998
1043
1077
1087
1065
1103
1148
1162
1109
1099
1181
1324
1425
1491
1573
1614
1680
1805
1881
1897
1887
1877
1897
1887
1778
1635
1449
1223
997
811
648
474
349
216
91
-42
-185
-267
-343
-425
-526
-587
-625
-634
-644
-676
-690
-672
-650
-597
-583
-574
-536
-495
-466
-454
-454
-449
-442
-442
-460
-478
-464
-469
-470
-476
-482
-487
-489
-503
-508
-530
-542
-537
-544
-528
-514
-490
-476
-462
-459
-477
-484
-439
-386
-333
-295
-257
-186
-133
-104
-95
-94
-92
-63
-29
9
15
47
92
110
136
156
194
295
420
553
686
787
950
1242
1573
1847
2121
2378
2552
2669
2764
2821
2828
2821
2755
2654
2593
2498
2300
2074
1848
1574
1362
1136
950
709
483
320
219
131
43
-23
-43
-96
-145
-198
-247
-265
-258
-242
-236
-242
-260
-265
-239
-232
-266
-259
-293
-317
-316
-315
-322
-325
-330
-346
-395
-424
-402
-370
-348
-370
-423
-457
-439
-434
-434
-431
-413
-422
-412
-371
-330
-321
-350
-297
-248
-147
-22
31
69
151
233
328
404
438
472
479
463
487
509
443
342
247
114
-49
-192
-366
-519
-662
-763
-851
-933
-1021
-1066
-1044
-987
-899
-804
-709
-621
-545
-516
-500
-412
-303
-279
-126
185
459
733
974
1248
1489
1687
1830
1918
1915
1916
1871
1754
1601
1415
1174
988
814
640
507
364
211
94
-1
-96
-172
-243
-309
-343
-369
-379
-384
-374
-356
-350
-374
-381
-372
-369
-355
-364
-398
-414
-419
-401
-415
-412
-414
-382
-379
-395
-433
-440
-449
-440
-431
-415
-386
-362
-344
-349
-398
-412
-402
-382
-366
-366
-380
-383
-380
-331
-322
-293
-252
-199
-142
-104
-84
-68
-23
30
79
124
169
210
234
252
240
252
284
333
374
374
398
410
428
406
406
424
429
424
402
380
425
501
610
743
825
926
1112
1443
1956
2536
2961
3187
3269
3276
3210
3067
2914
2702
2410
2136
1862
1570
1344
1132
906
665
467
281
118
-56
-242
-416
-569
-686
-803
-885
-967
-999
-994
-1014
-1040
-1078
-1104
-1124
-1127
-1117
-1091
-1084
-1064
-1050
-1066
-1066
-1042
-1026
-1014
-1005
-1004
-988
-935
-869
-798
-727
-666
-605
-539
-468
-397
-296
-214
-153
-92
-35
98
372
747
1100
1411
1703
1960
2069
2126
2131
2117
2060
1959
1747
1490
1233
976
778
604
392
180
17
-84
-227
-380
-533
-650
-759
-835
-892
-921
-945
-967
-969
-937
-919
-878
-812
-741
-684
-650
-601
-556
-538
-512
-488
-427
-339
-230
-113
-4
72
154
236
302
427
601
696
937
1336
1689
1981
2312
2553
2706
2767
2777
2716
2628
2495
2221
1929
1672
1460
1219
1056
939
844
756
699
611
558
505
434
385
340
269
251
317
609
654
578
604
830
1071
1214
1126
1017
976
996
1041
1073
1082
1044
1015
962
950
934
937
937
934
896
855
852
866
875
861
832
803
789
795
792
776
766
752
757
745
731
711
713
704
690
670
658
674
686
684
693
703
723
732
730
716
713
739
796
841
855
869
879
913
947
945
957
1014
1048
1093
1098
1105
1125
1135
1161
1166
1128
1154
1149
1148
1119
1103
1125
1157
1218
1259
1253
1263
1297
1319
1318
1332
1356
1417
1478
1531
1563
1553
1610
1692
1780
1868
1939
2021
2146
2403
2644
2787
2930
3171
3502
3776
3988
4131
4169
4074
3848
3574
3348
3150
2924
2712
2455
2181
1850
1539
1247
936
605
379
193
40
-134
-243
-331
-432
-473
-568
-677
-759
-830
-925
-1026
-1135
-1223
-1261
-1293
-1338
-1360
-1378
-1407
-1395
-1379
-1367
-1358
-1356
-1351
-1358
-1361
-1370
-1350
-1316
-1322
-1356
-1382
-1420
-1432
-1452
-1501
-1535
-1549
-1537
-1539
-1545
-1513
-1425
-1337
-1311
-1406
-1440
-1214
-940
-823
-752
-664
-619
-587
-492
-426
-431
-438
-458
-540
-657
-745
-854
-949
-1082
-1245
-1408
-1525
-1626
-1735
-1844
-1953
-1987
-1958
-1934
-1910
-1876
-1781
-1686
-1585
-1514
-1438
-1356
-1280
-1198
-1166
-1033
-702
-391
-150
76
288
462
605
714
767
738
672
571
418
232
-9
-221
-374
-483
-592
-680
-789
-884
-966
-1083
-1208
-1309
-1385
-1456
-1480
-1512
-1536
-1541
-1542
-1528
-1530
-1521
-1518
-1486
-1460
-1467
-1460
-1442
-1389
-1351
-1325
-1324
-1308
-1290
-1281
-1255
-1261
-1287
-1307
-1364
-1440
-1535
-1564
-1507
-1441
-1388
-1370
-1361
-1335
-1282
-1233
-1207
-1162
-1113
-1052
-1036
-1014
-980
-942
-897
-883
-867
-868
-830
-759
-688
-639
-601
-563
-497
-421
-355
-317
-288
-231
-182
-129
-91
-65
-8
80
156
205
287
404
505
558
599
631
726
952
1283
1594
1886
2197
2489
2763
2916
3033
3086
3147
3173
3112
2979
2854
2680
2423
2070
1717
1364
1053
761
469
94
-198
-439
-651
-804
-892
-924
-919
-895
-850
-812
-790
-745
-711
-693
-669
-676
-654
-628
-604
-603
-635
-696
-737
-757
-798
-832
-838
-864
-902
-947
-979
-1017
-1055
-1075
-1099
-1125
-1130
-1125
-1101
-1085
-1075
-1078
-1069
-1040
-974
-898
-803
-715
-644
-620
-600
-529
-355
-98
143
355
567
753
965
1151
1252
1272
1223
1090
937
725
499
313
139
-14
-139
-282
-435
-560
-685
-818
-971
-1134
-1243
-1360
-1448
-1549
-1602
-1611
-1579
-1547
-1550
-1540
-1499
-1461
-1427
-1398
-1372
-1334
-1308
-1284
-1285
-1276
-1252
-1195
-1150
-1105
-1103
-1079
-1050
-1016
-1007
-995
-973
-916
-878
-846
-805
-756
-695
-654
-634
-610
-588
-539
-468
-415
-370
-348
-316
-282
-253
-235
-197
-148
-95
-38
-31
-34
-36
-50
-45
-57
-39
-27
11
40
69
95
129
163
204
242
283
349
410
436
438
416
416
432
477
515
541
586
615
668
750
832
920
1073
1259
1533
1844
1987
2120
2377
2688
2945
3131
3213
3229
3134
2991
2828
2685
2522
2359
2161
1975
1749
1475
1218
926
700
459
167
-59
-257
-400
-517
-558
-565
-606
-682
-714
-713
-729
-767
-816
-877
-895
-924
-969
-1030
-1091
-1129
-1134
-1160
-1231
-1272
-1325
-1382
-1439
-1473
-1507
-1533
-1562
-1596
-1641
-1646
-1637
-1661
-1702
-1720
-1711
-1666
-1617
-1579
-1561
-1529
-1468
-1351
-1250
-1221
-1262
-1328
-1227
-1015
-872
-771
-654
-521
-439
-368
-307
-316
-328
-389
-506
-669
-832
-975
-1092
-1225
-1388
-1562
-1687
-1775
-1846
-1934
-2016
-2077
-2097
-2102
-2120
-2120
-2075
-2046
-2017
-1993
-1955
-1929
-1868
-1786
-1710
-1622
-1540
-1452
-1370
-1317
-1301
-1263
-1222
-1161
-1104
-1066
-1063
-1029
-991
-950
-909
-868
-815
-758
-726
-688
-643
-598
-541
-500
-471
-455
-421
-364
-307
-258
-234
-189
-160
-103
-65
-39
-19
3
44
70
102
173
239
305
350
362
364
384
404
430
454
499
581
638
695
744
749
765
781
787
789
789
809
870
911
960
1026
1108
1203
1328
1445
1578
1764
2005
2336
2445
2490
2702
2976
3268
3454
3520
3506
3411
3258
3095
2932
2815
2744
2635
2423
2237
2025
1751
1494
1268
1070
829
666
454
268
143
82
94
91
38
-28
-69
-98
-127
-159
-225
-247
-276
-333
-409
-458
-519
-601
-672
-729
-767
-838
-887
-903
-898
-916
-938
-962
-1003
-1015
-1031
-1065
-1079
-1074
-1067
-1043
-1017
-991
-909
-776
-633
-508
-437
-405
-410
-381
-280
-117
-22
54
171
296
337
363
363
325
259
150
25
-100
-217
-326
-435
-544
-653
-735
-823
-911
-987
-1044
-1078
-1116
-1145
-1165
-1171
-1165
-1177
-1183
-1178
-1146
-1097
-1068
-1039
-1013
-964
-926
-888
-879
-863
-837
-788
-750
-724
-700
-668
-619
-603
-594
-593
-581
-549
-520
-498
-504
-475
-443
-414
-380
-373
-351
-327
-301
-296
-316
-302
-268
-254
-240
-246
-239
-205
-181
-169
-155
-141
-109
-56
-36
-24
-12
17
35
30
-2
-31
-45
0
76
177
265
382
515
658
832
1185
1638
2091
2466
2723
2886
2981
3052
3038
2956
2793
2552
2278
1967
1636
1283
930
673
447
206
-51
-292
-504
-690
-843
-938
-954
-959
-918
-836
-775
-699
-611
-510
-422
-361
-304
-247
-181
-110
-72
-113
-174
-219
-237
-263
-339
-380
-446
-522
-604
-699
-770
-796
-818
-827
-876
-902
-924
-895
-871
-887
-867
-810
-753
-704
-638
-597
-536
-435
-353
-287
-263
-229
-96
145
386
572
758
944
1087
1188
1237
1219
1143
1026
863
665
439
198
0
-186
-372
-525
-668
-785
-902
-1019
-1114
-1223
-1311
-1412
-1488
-1537
-1538
-1535
-1530
-1554
-1547
-1506
-1449
-1427
-1398
-1327
-1239
-1157
-1091
-1046
-1014
-953
-912
-846
-808
-770
-699
-628
-546
-501
-485
-467
-410
-369
-331
-313
-297
-252
-170
-125
-59
-6
43
109
119
125
111
120
142
191
229
278
327
388
400
391
362
369
430
525
607
668
739
834
959
1060
1177
1294
1535
1910
2335
2666
2878
3052
3105
3158
3153
3115
2990
2792
2500
2189
1858
1459
1084
709
334
77
-149
-390
-616
-842
-995
-1112
-1144
-1162
-1156
-1090
-1002
-961
-967
-955
-939
-905
-860
-811
-812
-861
-866
-890
-951
-1033
-1121
-1170
-1231
-1260
-1313
-1408
-1503
-1569
-1630
-1718
-1779
-1801
-1827
-1843
-1872
-1904
-1918
-1886
-1820
-1788
-1798
-1820
-1813
-1784
-1723
-1694
-1645
-1569
-1503
-1437
-1371
-1276
-1167
-1034
-909
-808
-770
-699
-574
-333
92
445
719
960
1146
1222
1248
1210
1128
1011
799
573
347
135
-51
-225
-411
-574
-717
-842
-975
-1100
-1209
-1310
-1376
-1429
-1482
-1523
-1522
-1488
-1459
-1414
-1385
-1340
-1295
-1257
-1243
-1238
-1218
-1186
-1160
-1142
-1147
-1133
-1095
-1038
-1009
-975
-909
-848
-791
-750
-750
-734
-689
-640
-618
-616
-613
-581
-552
-518
-502
-478
-446
-412
-390
-378
-362
-350
-305
-244
-187
-167
-162
-188
-214
-208
-137
37
211
385
548
657
831
1256
1836
2349
2774
3066
3183
3165
3022
2859
2685
2473
2232
1940
1609
1298
1006
732
440
166
-75
-301
-487
-673
-859
-1012
-1165
-1298
-1415
-1503
-1591
-1662
-1711
-1717
-1716
-1740
-1756
-1774
-1765
-1770
-1771
-1800
-1782
-1673
-1628
-1604
-1610
-1628
-1583
-1599
-1611
-1620
-1638
-1670
-1736
-1777
-1784
-1770
-1758
-1756
-1772
-1767
-1718
-1684
-1635
-1590
-1558
-1529
-1476
-1394
-1306
-1249
-1204
-1128
-1067
-1026
-981
-936
-927
-915
-920
-936
-927
-920
-875
-843
-823
-807
-778
-756
-736
-742
-722
-681
-643
-605
-589
-551
-502
-436
-383
-351
-310
-249
-196
-151
-131
-105
-60
-11
18
23
3
-9
-6
-12
-32
-6
51
117
205
348
465
582
780
1233
1813
2358
2811
3037
3094
2985
2787
2530
2304
2092
1851
1594
1302
1010
718
444
170
-104
-290
-433
-576
-729
-862
-944
-976
-1005
-1058
-1087
-1087
-1063
-1041
-1059
-1083
-1051
-1019
-958
-882
-757
-632
-507
-458
-478
-466
-409
-360
-348
-401
-433
-471
-524
-612
-721
-816
-911
-972
-988
-1033
-1086
-1120
-1100
-1086
-1118
-1147
-1173
-1191
-1240
-1311
-1364
-1413
-1435
-1430
-1444
-1482
-1502
-1497
-1471
-1449
-1443
-1459
-1464
-1440
-1418
-1392
-1378
-1358
-1329
-1280
-1271
-1277
-1243
-1221
-1176
-1147
-1129
-1091
-1038
-967
-922
-890
-878
-844
-818
-800
-814
-817
-805
-789
-784
-775
-776
-750
-705
-664
-640
-628
-642
-630
-614
-590
-585
-592
-626
-632
-612
-541
-367
-155
57
298
629
1142
1655
2168
2499
2740
2806
2730
2587
2361
2135
1909
1683
1485
1228
936
644
370
129
-83
-295
-493
-656
-773
-890
-999
-1100
-1166
-1198
-1222
-1263
-1289
-1277
-1232
-1187
-1155
-1133
-1084
-1023
-966
-971
-1003
-1005
-979
-974
-952
-1001
-1058
-1074
-1131
-1274
-1427
-1560
-1703
-1846
-2009
-2142
-2218
-2300
-2357
-2383
-2424
-2477
-2522
-2575
-2593
-2634
-2652
-2668
-2694
-2706
-2701
-2713
-2703
-2674
-2636
-2624
-2623
-2578
-2533
-2488
-2472
-2462
-2450
-2424
-2398
-2392
-2412
-2418
-2424
-2421
-2428
-2446
-2451
-2460
-2453
-2447
-2481
-2501
-2483
-2478
-2475
-2489
-2499
-2493
-2483
-2493
-2517
-2543
-2561
-2566
-2584
-2602
-2631
-2653
-2647
-2665
-2687
-2682
-2687
-2696
-2676
-2647
-2602
-2501
-2327
-2129
-1976
-1823
-1512
-1059
-442
175
600
953
1062
1096
1008
845
659
485
287
101
-97
-389
-587
-773
-985
-1197
-1383
-1536
-1710
-1843
-1986
-2103
-2160
-2155
-2129
-2129
-2129
-2100
-2055
-2010
-1969
-1928
-1852
-1743
-1626
-1501
-1376
-1178
-980
-817
-684
-646
-626
-509
-452
-391
-394
-403
-413
-447
-496
-537
-594
-587
-549
-483
-434
-333
-159
82
356
432
383
317
246
214
223
243
269
301
339
400
461
549
650
767
855
916
1004
1092
1193
1259
1335
1384
1455
1537
1594
1635
1664
1664
1696
1728
1737
1743
1759
1769
1745
1684
1596
1520
1425
1343
1242
1133
1062
991
920
838
767
701
644
606
549
461
385
309
227
170
141
132
139
117
85
19
-10
35
117
242
359
533
844
1297
1810
2323
2654
2911
3036
2979
2816
2542
2268
2011
1754
1528
1287
976
719
478
221
9
-165
-318
-451
-568
-677
-765
-806
-830
-862
-894
-903
-885
-859
-830
-820
-791
-715
-654
-572
-463
-310
-124
39
127
188
259
297
358
392
401
423
401
356
268
167
91
30
-19
-41
-79
-117
-135
-125
-109
-85
-130
-164
-188
-214
-248
-297
-323
-341
-346
-360
-374
-379
-359
-341
-347
-369
-372
-390
-390
-395
-411
-431
-411
-373
-324
-279
-257
-216
-184
-175
-178
-178
-154
-120
-110
-126
-150
-170
-180
-194
-206
-211
-195
-163
-151
-131
-145
-163
-137
-113
-112
-121
-118
-77
-51
-48
-70
-127
-180
-214
-148
-39
104
247
380
497
606
880
1425
2005
2550
2925
3123
3172
3127
2994
2831
2633
2421
2209
2011
1770
1529
1331
1133
935
737
525
313
101
-97
-271
-424
-557
-666
-742
-795
-840
-866
-878
-880
-851
-829
-797
-736
-687
-687
-682
-581
-472
-396
-330
-254
-220
-206
-174
-184
-189
-213
-254
-336
-437
-580
-743
-868
-934
-987
-1048
-1089
-1083
-1117
-1178
-1216
-1277
-1322
-1346
-1370
-1386
-1415
-1449
-1471
-1489
-1501
-1507
-1508
-1479
-1438
-1414
-1417
-1405
-1381
-1332
-1306
-1300
-1282
-1253
-1200
-1162
-1124
-1079
-1034
-981
-940
-906
-886
-860
-807
-754
-716
-678
-633
-595
-542
-528
-510
-465
-404
-338
-281
-236
-198
-153
-121
-103
-91
-67
-29
9
27
27
15
14
63
151
239
340
493
679
920
1177
1602
2147
2727
3152
3393
3459
3445
3388
3317
3208
3034
2848
2636
2424
2167
1941
1778
1635
1472
1286
1074
876
678
492
280
106
-37
-90
-124
-153
-182
-196
-174
-125
-68
-11
30
101
162
196
225
254
315
397
498
586
687
830
1016
1190
1291
1348
1430
1593
1702
1759
1766
1700
1605
1517
1392
1291
1238
1231
1193
1155
1098
981
920
888
850
789
723
678
658
609
538
456
399
370
344
303
277
257
259
254
255
245
216
215
203
177
151
117
101
87
67
29
3
-23
-39
-55
-84
-100
-103
-108
-117
-146
-170
-192
-214
-240
-266
-286
-286
-298
-322
-363
-416
-428
-437
-459
-497
-515
-514
-504
-475
-426
-331
-255
-154
-53
18
192
617
1197
1777
2230
2487
2630
2646
2593
2511
2410
2301
2148
1985
1759
1502
1304
1151
998
835
649
475
277
51
-175
-401
-627
-801
-934
-1043
-1160
-1248
-1282
-1282
-1285
-1292
-1289
-1240
-1218
-1180
-1127
-1070
-988
-922
-865
-831
-828
-821
-809
-814
-802
-788
-779
-747
-740
-708
-713
-733
-719
-713
-729
-697
-675
-672
-675
-709
-741
-719
-685
-584
-483
-382
-229
-128
58
299
416
504
605
722
847
918
940
918
865
839
798
741
731
693
550
425
292
191
150
118
73
-3
-79
-155
-243
-338
-439
-527
-603
-669
-751
-817
-870
-865
-847
-813
-768
-727
-666
-578
-483
-412
-341
-265
-156
-95
-24
58
134
251
368
511
644
720
738
720
702
664
623
591
559
510
449
400
376
347
318
280
254
251
245
207
154
66
-5
-76
-152
-228
-329
-395
-436
-454
-425
-384
-296
-171
-46
152
605
1150
1549
1841
2098
2193
2211
2110
2022
1921
1788
1590
1404
1178
952
754
556
393
260
86
-112
-286
-411
-564
-738
-912
-1055
-1172
-1248
-1272
-1269
-1228
-1167
-1096
-1025
-954
-883
-849
-788
-731
-702
-743
-788
-747
-698
-641
-636
-645
-631
-647
-696
-767
-855
-904
-953
-998
-1032
-1048
-1039
-1046
-1024
-1050
-1076
-1071
-1059
-1050
-1048
-1039
-1023
-1005
-993
-983
-945
-907
-825
-754
-688
-631
-565
-470
-394
-306
-235
-159
-64
2
68
117
174
245
290
339
373
422
488
537
582
620
681
738
795
833
871
920
981
1038
1079
1108
1149
1198
1227
1237
1244
1258
1256
1282
1304
1338
1426
1535
1623
1776
1929
2170
2652
3197
3572
3784
3970
3979
3903
3760
3548
3374
3100
2843
2512
2220
1963
1689
1526
1383
1240
1107
982
906
789
646
460
234
60
-103
-236
-345
-421
-450
-445
-400
-334
-277
-216
-171
-142
-116
-50
93
291
517
743
761
660
584
539
501
444
383
312
230
177
148
155
200
234
305
430
531
576
625
707
764
873
974
1117
1218
1204
1213
1218
1180
1154
1130
1073
1002
936
865
783
701
625
580
535
478
407
331
243
155
22
-95
-183
-232
-314
-385
-461
-506
-520
-529
-549
-540
-541
-515
-491
-488
-476
-485
-463
-453
-447
-437
-451
-450
-452
-459
-479
-491
-501
-501
-506
-538
-550
-560
-574
-588
-608
-630
-654
-651
-653
-665
-662
-665
-633
-607
-602
-609
-614
-616
-654
-715
-764
-715
-614
-497
-344
-211
-58
253
766
1248
1601
1912
2169
2264
2269
2168
2123
2052
1935
1761
1563
1337
1139
941
778
615
429
276
90
-122
-320
-518
-716
-859
-1002
-1155
-1280
-1375
-1432
-1456
-1458
-1438
-1397
-1344
-1291
-1253
-1244
-1226
-1185
-1147
-1109
-1060
-1007
-958
-920
-886
-891
-882
-868
-859
-868
-886
-896
-920
-932
-950
-991
-1017
-1016
-1030
-1083
-1136
-1158
-1167
-1149
-1120
-1067
-950
-807
-664
-539
-353
-200
-57
141
242
324
390
366
344
310
234
189
167
133
57
-60
-203
-328
-416
-457
-528
-589
-650
-703
-752
-809
-880
-975
-1032
-1077
-1130
-1183
-1236
-1277
-1287
-1301
-1321
-1337
-1323
-1305
-1299
-1283
-1245
-1211
-1166
-1125
-1109
-1099
-1070
-1021
-992
-958
-942
-924
-895
-873
-868
-862
-853
-843
-829
-831
-843
-852
-840
-847
-852
-874
-900
-905
-902
-907
-929
-945
-952
-945
-942
-948
-955
-969
-983
-992
-987
-955
-879
-716
-530
-344
-103
350
930
1383
1736
2047
2190
2272
2256
2203
2177
2060
1907
1754
1556
1370
1172
1009
846
672
486
300
114
-72
-284
-482
-668
-831
-964
-1097
-1214
-1302
-1351
-1367
-1373
-1385
-1397
-1400
-1371
-1345
-1313
-1297
-1277
-1239
-1213
-1181
-1184
-1198
-1188
-1168
-1148
-1136
-1142
-1108
-1063
-968
-892
-821
-805
-764
-676
-588
-455
-292
-183
-66
0
-24
-58
-49
-25
-18
16
-4
-42
-118
-213
-308
-365
-422
-483
-544
-553
-535
-564
-640
-701
-742
-737
-721
-711
-727
-733
-749
-758
-787
-816
-832
-858
-867
-881
-895
-913
-925
-930
-914
-926
-935
-947
-949
-935
-938
-939
-946
-936
-926
-925
-926
-946
-953
-935
-923
-921
-930
-918
-898
-880
-881
-893
-879
-853
-833
-813
-799
-770
-746
-720
-702
-700
-678
-654
-625
-607
-597
-588
-556
-518
-513
-522
-524
-508
-455
-360
-197
-34
164
563
1108
1561
1892
2245
2537
2670
2671
2639
2607
2550
2417
2254
2042
1830
1656
1482
1308
1145
959
785
611
468
294
96
-67
-210
-353
-486
-629
-746
-807
-868
-900
-934
-929
-905
-852
-820
-791
-757
-739
-723
-705
-696
-655
-573
44
589
618
561
549
561
556
551
517
512
565
636
670
752
847
918
971
989
940
874
874
888
859
793
761
761
745
657
562
491
434
368
302
226
185
151
113
93
86
70
67
53
19
-19
-39
-34
-31
-24
-24
5
34
68
97
115
153
202
251
280
321
370
415
464
493
507
525
574
586
584
555
531
534
525
507
458
413
408
406
388
374
350
338
338
333
342
330
324
338
350
347
345
316
300
280
246
197
163
125
80
39
-14
-43
-11
106
259
433
725
1270
1723
2034
2291
2565
2682
2683
2574
2473
2356
2239
2041
1829
1603
1362
1121
880
682
539
353
155
-31
-194
-357
-520
-683
-836
-979
-1122
-1247
-1342
-1376
-1390
-1406
-1435
-1484
-1529
-1558
-1603
-1641
-1670
-1654
-1632
-1610
-1620
-1623
-1618
-1630
-1644
-1673
-1689
-1694
-1706
-1724
-1762
-1780
-1814
-1848
-1857
-1881
-1913
-1918
-1904
-1890
-1845
-1807
-1736
-1635
-1472
-1319
-1107
-815
-558
-227
198
396
484
504
447
381
286
143
34
-99
-285
-459
-671
-814
-890
-972
-1054
-1125
-1174
-1219
-1272
-1313
-1379
-1432
-1461
-1502
-1543
-1569
-1567
-1538
-1526
-1516
-1511
-1479
-1445
-1404
-1372
-1354
-1347
-1313
-1291
-1277
-1278
-1272
-1254
-1230
-1196
-1180
-1160
-1144
-1126
-1117
-1131
-1151
-1150
-1130
-1124
-1104
-1090
-1066
-1032
-983
-969
-951
-925
-887
-842
-813
-781
-747
-694
-656
-632
-608
-576
-547
-518
-509
-527
-521
-497
-421
-304
-118
123
434
916
1369
1700
2125
2524
2765
2908
2979
2961
3002
2945
2863
2738
2575
2377
2224
2038
1885
1699
1487
1313
1170
1007
795
609
423
260
74
-112
-265
-374
-475
-570
-652
-705
-731
-780
-868
-929
-1005
-1076
-1147
-1229
-1330
-1431
-1548
-1673
-1847
-2059
-2300
-2574
-2815
-3027
-3268
-3494
-3692
-3845
-3978
-4095
-4183
-4254
-4311
-4345
-4398
-4459
-4497
-4497
-4456
-4399
-4346
-4334
-4325
-4332
-4341
-4329
-4276
-4167
-3993
-3807
-3595
-3338
-2939
-2486
-2260
-2048
-1885
-1711
-1602
-1593
-1609
-1680
-1789
-1884
-2009
-2162
-2325
-2488
-2597
-2698
-2807
-2895
-2966
-3048
-3130
-3196
-3272
-3333
-3367
-3401
-3458
-3492
-3497
-3483
-3473
-3466
-3460
-3422
-3388
-3350
-3309
-3271
-3226
-3155
-3094
-3045
-3007
-2975
-2914
-2869
-2816
-2778
-2737
-2699
-2642
-2604
-2584
-2570
-2541
-2507
-2466
-2413
-2379
-2313
-2256
-2207
-2191
-2179
-2170
-2148
-2132
-2118
-2092
-2039
-1978
-1902
-1845
-1804
-1738
-1662
-1586
-1525
-1491
-1446
-1385
-1332
-1316
-1300
-1274
-1198
-1081
-895
-638
-307
175
688
1087
1440
1865
2218
2444
2607
2668
2694
2668
2619
2531
2388
2225
2039
1906
1753
1600
1437
1304
1187
1092
967
804
618
455
302
149
24
-85
-126
-171
-228
-269
-295
-290
-278
-294
-308
-332
-352
-355
-389
-415
-425
-451
-475
-513
-539
-553
-573
-574
-594
-651
-671
-689
-665
-631
-597
-531
-422
-313
-295
-307
-246
-93
164
405
568
742
818
856
830
769
652
603
589
523
452
327
194
51
-44
-132
-249
-358
-396
-445
-479
-524
-585
-605
-612
-626
-671
-685
-701
-681
-655
-631
-634
-614
-569
-543
-514
-509
-489
-457
-412
-398
-378
-360
-326
-292
-276
-254
-228
-183
-122
-81
-20
37
98
180
206
238
262
291
348
393
413
433
467
499
517
518
498
507
504
499
513
493
502
493
481
463
447
456
470
471
472
443
425
430
468
577
720
932
1263
1688
2041
2372
2703
3014
3212
3307
3289
3244
3215
3120
2977
2765
2524
2298
2112
1871
1659
1433
1221
1023
797
556
330
118
-80
-278
-464
-650
-775
-863
-904
-945
-983
-1012
-980
-958
-946
-937
-899
-838
-762
-686
-615
-558
-520
-475
-443
-425
-419
-358
-297
-236
-210
-184
-102
-20
62
123
194
295
404
486
547
608
630
636
646
660
721
830
1004
1147
1200
1203
1215
1235
1255
1277
1216
1150
1116
1055
967
858
725
649
561
444
319
218
180
173
161
129
84
66
86
83
71
42
39
32
10
3
-23
-9
40
81
105
99
123
145
150
140
120
94
88
78
62
46
51
77
91
82
87
101
115
127
129
117
123
149
169
175
185
205
227
261
247
202
220
302
390
431
432
433
421
453
519
564
640
852
1064
1250
1462
1688
1851
2014
2085
2119
2153
2129
2004
1887
1805
1717
1600
1499
1404
1271
1128
1003
902
793
668
543
426
309
166
41
-92
-217
-326
-402
-484
-560
-598
-612
-603
-596
-574
-550
-524
-490
-461
-455
-431
-390
-319
-258
-213
-172
-143
-90
-33
8
26
55
93
142
171
205
231
272
325
351
380
412
450
470
476
478
487
507
536
562
580
596
634
666
682
687
703
719
733
759
777
780
804
842
883
915
924
929
967
968
956
947
949
951
971
957
928
904
882
833
757
681
615
612
646
755
1066
1579
1978
2309
2640
2838
3024
3236
3302
3288
3222
3113
2950
2776
2550
2276
2035
1794
1582
1356
1182
996
784
610
436
262
64
-110
-322
-520
-683
-826
-908
-934
-952
-974
-1008
-1042
-1076
-1102
-1131
-1149
-1158
-1158
-1161
-1164
-1164
-1198
-1210
-1198
-1178
-1158
-1144
-1120
-1140
-1189
-1223
-1249
-1271
-1271
-1287
-1265
-1220
-1182
-1121
-1033
-924
-781
-720
-721
-750
-770
-794
-787
-790
-851
-883
-912
-934
-939
-963
-997
-996
-991
-1000
-1009
-1038
-1079
-1091
-1057
-1041
-1034
-1041
-1019
-1012
-1003
-1019
-995
-979
-957
-935
-909
-880
-856
-815
-786
-779
-761
-745
-713
-647
-606
-568
-539
-498
-449
-425
-391
-325
-272
-196
-147
-102
-45
-11
42
68
88
117
155
184
190
199
194
199
217
222
206
211
205
225
232
232
258
383
581
744
956
1331
1756
2109
2335
2478
2587
2555
2502
2393
2250
2117
1984
1841
1698
1555
1357
1159
1016
883
730
597
444
291
138
-25
-223
-409
-572
-715
-858
-967
-1076
-1152
-1201
-1217
-1235
-1251
-1263
-1243
-1211
-1173
-1147
-1137
-1092
-1035
-982
-941
-923
-891
-834
-800
-759
-737
-717
-685
-651
-622
-613
-601
-556
-518
-494
-489
-473
-457
-423
-389
-373
-366
-354
-313
-268
-234
-229
-197
-131
-93
-55
-60
-34
27
68
80
89
130
191
220
240
239
263
312
332
356
382
400
438
495
521
531
537
559
579
620
649
678
744
805
858
887
916
954
980
992
976
950
912
894
849
817
822
904
1090
1465
1978
2353
2664
2921
3133
3359
3484
3516
3538
3516
3450
3355
3192
3006
2808
2610
2412
2200
1974
1748
1574
1411
1258
1115
972
798
612
438
321
220
119
18
-77
-143
-196
-267
-355
-472
-538
-572
-594
-618
-663
-677
-697
-746
-784
-837
-853
-844
-870
-919
-948
-970
-952
-938
-935
-1011
-1093
-1111
-1127
-1111
-1099
-1111
-1070
-969
-852
-803
-771
-683
-642
-581
-456
-368
-292
-210
-188
-183
-254
-320
-361
-478
-652
-826
-969
-1078
-1179
-1304
-1457
-1590
-1691
-1773
-1861
-1956
-2065
-2160
-2205
-2250
-2326
-2387
-2425
-2432
-2446
-2464
-2459
-2445
-2407
-2381
-2349
-2308
-2263
-2202
-2145
-2100
-2066
-2005
-1939
-1882
-1829
-1788
-1727
-1656
-1595
-1554
-1525
-1484
-1439
-1405
-1385
-1363
-1334
-1285
-1259
-1233
-1238
-1241
-1225
-1199
-1183
-1167
-1129
-1053
-879
-681
-495
-269
84
459
858
1099
1285
1410
1439
1394
1251
1169
1103
1042
933
816
715
582
449
324
191
90
2
-93
-188
-331
-456
-565
-641
-712
-807
-902
-963
-961
-932
-910
-915
-897
-856
-815
-777
-755
-698
-641
-575
-530
-485
-440
-383
-326
-288
-254
-232
-194
-156
-122
-108
-102
-68
-42
-20
-4
-13
1
39
65
67
55
71
85
99
111
123
128
154
172
196
190
184
193
211
227
222
251
312
373
397
463
616
908
1219
1476
1807
2182
2535
2827
3053
3196
3199
3165
3070
2937
2784
2641
2540
2439
2306
2143
1980
1837
1694
1551
1418
1275
1112
979
862
737
628
527
439
330
229
128
83
54
36
22
-2
-22
4
10
8
-30
-44
-53
-60
-63
-77
-101
-92
-90
-97
-113
-145
-159
-175
-201
-239
-277
-284
-291
-323
-372
-410
-451
-480
-518
-563
-612
-638
-654
-659
-675
-678
-679
-655
-617
-576
-558
-557
-516
-391
-238
-75
78
179
255
253
212
141
8
-145
-262
-319
-331
-260
-151
-26
50
28
69
135
159
133
130
218
284
274
240
211
162
130
89
55
14
-43
-100
-161
-206
-301
-383
-444
-539
-621
-709
-797
-838
-876
-925
-982
-1048
-1086
-1112
-1124
-1123
-1141
-1132
-1123
-1132
-1146
-1146
-1120
-1086
-1077
-1057
-1071
-1070
-1068
-1080
-1087
-1116
-1132
-1123
-1118
-1106
-1115
-1122
-1100
-1084
-1062
-1044
-1022
-973
-961
-935
-915
-881
-836
-814
-800
-786
-766
-737
-692
-683
-678
-696
-682
-677
-665
-674
-673
-678
-687
-689
-683
-684
-686
-670
-669
-664
-671
-653
-639
-633
-607
-591
-571
-537
-503
-479
-480
-462
-438
-433
-428
-429
-434
-418
-411
-391
-388
-378
-344
-312
-280
-268
-268
-263
-237
-199
-193
-171
-139
-94
-53
-24
14
59
116
169
198
216
248
297
329
370
396
434
479
511
552
566
576
596
603
615
635
661
702
731
763
785
814
863
897
942
968
970
965
949
935
917
922
971
1145
1544
1969
2344
2636
2877
3103
3344
3445
3506
3468
3488
3422
3289
3077
2891
2650
2376
2150
1924
1738
1540
1328
1116
963
800
602
428
242
68
-95
-258
-421
-584
-709
-810
-898
-999
-1060
-1126
-1214
-1302
-1384
-1433
-1449
-1435
-1397
-1375
-1363
-1345
-1316
-1292
-1266
-1234
-1200
-1129
-1041
-970
-929
-911
-891
-862
-830
-804
-775
-743
-694
-653
-619
-609
-591
-582
-564
-548
-522
-481
-420
-367
-301
-219
-143
-48
18
59
64
44
53
62
94
128
138
172
206
238
254
249
261
268
270
275
265
279
299
337
355
375
378
400
407
414
411
429
453
458
474
475
495
513
533
565
564
570
572
596
616
634
640
656
676
700
718
723
741
750
762
774
772
784
798
830
842
841
846
870
884
900
893
881
883
901
907
908
899
921
955
964
974
958
957
971
971
955
943
940
950
949
925
920
922
948
980
996
989
995
998
1008
1001
985
980
985
997
1000
982
977
976
969
957
923
909
925
920
908
896
906
935
957
973
947
918
873
847
806
749
683
642
751
1082
1457
1749
1961
2173
2347
2521
2684
2755
2821
2841
2792
2629
2431
2190
1859
1548
1307
1033
807
595
421
235
37
-149
-323
-497
-640
-803
-977
-1130
-1263
-1380
-1497
-1563
-1616
-1704
-1786
-1903
-1956
-1978
-1988
-2008
-2020
-2015
-2006
-2004
-2006
-2012
-1990
-1970
-1946
-1934
-1929
-1911
-1873
-1835
-1830
-1821
-1812
-1790
-1776
-1775
-1776
-1762
-1740
-1711
-1687
-1685
-1665
-1616
-1571
-1539
-1507
-1478
-1429
-1384
-1339
-1305
-1256
-1199
-1123
-1047
-990
-929
-841
-775
-718
-686
-670
-648
-610
-565
-543
-521
-495
-438
-406
-372
-354
-313
-264
-198
-169
-131
-109
-56
-11
21
41
70
115
181
238
272
317
355
396
412
413
439
468
506
555
571
576
605
658
703
725
751
767
812
850
855
864
854
880
885
871
839
823
849
869
864
858
840
860
862
848
832
818
838
838
820
788
750
730
721
701
660
619
587
578
566
544
506
484
466
428
379
303
246
217
160
89
18
-31
-53
-98
-155
-237
-298
-336
-333
-351
-375
-365
-324
-263
-187
-86
-4
97
240
403
512
645
746
807
860
794
728
683
638
572
531
519
431
314
205
117
16
-33
-71
-53
-135
-217
-255
-279
-311
-454
-571
-659
-697
-773
-926
-1089
-1222
-1355
-1472
-1581
-1698
-1815
-1903
-1979
-2055
-2150
-2232
-2281
-2305
-2321
-2337
-2359
-2354
-2352
-2347
-2352
-2347
-2341
-2319
-2285
-2265
-2220
-2171
-2110
-2034
-1993
-1977
-1943
-1882
-1837
-1784
-1723
-1652
-1557
-1475
-1414
-1348
-1277
-1201
-1113
-1042
-954
-872
-747
-646
-558
-529
-511
-458
-426
-397
-356
-311
-254
-197
-148
-134
-108
-55
16
57
91
120
158
196
210
194
182
183
209
206
200
197
196
218
223
235
232
239
257
286
302
309
331
349
390
408
417
416
461
495
519
548
562
600
609
618
589
551
498
539
672
846
971
1032
1230
1416
1569
1732
1918
1984
1962
1938
1843
1669
1495
1362
1176
919
733
657
514
302
104
-59
-233
-419
-617
-829
-1003
-1146
-1279
-1422
-1565
-1641
-1694
-1720
-1714
-1740
-1754
-1759
-1768
-1802
-1836
-1868
-1886
-1902
-1926
-1955
-1996
-1987
-1971
-1953
-1958
-1964
-1948
-1907
-1858
-1846
-1848
-1826
-1800
-1791
-1779
-1782
-1741
-1717
-1688
-1664
-1655
-1639
-1621
-1609
-1575
-1580
-1560
-1526
-1492
-1474
-1479
-1450
-1418
-1377
-1355
-1333
-1309
-1280
-1254
-1228
-1210
-1205
-1185
-1153
-1147
-1137
-1142
-1128
-1094
-1085
-1085
-1107
-1112
-1107
-1102
-1114
-1123
-1117
-1105
-1079
-1067
-1073
-1055
-1035
-1013
-993
-977
-974
-929
-884
-858
-832
-812
-780
-746
-705
-687
-667
-638
-609
-587
-571
-573
-555
-523
-503
-474
-469
-424
-400
-368
-350
-359
-360
-351
-339
-319
-331
-338
-318
-292
-297
-311
-297
-231
-155
-102
-41
20
102
151
192
274
375
500
576
642
630
596
576
531
430
305
188
106
18
-99
-232
-333
-327
-321
-272
-301
-269
-249
-215
-213
-262
-319
-325
-339
-421
-522
-631
-719
-760
-826
-914
-1039
-1172
-1289
-1414
-1509
-1610
-1698
-1764
-1817
-1855
-1893
-1915
-1915
-1895
-1875
-1882
-1844
-1803
-1737
-1661
-1608
-1555
-1498
-1427
-1366
-1321
-1260
-1194
-1093
-1005
-923
-857
-796
-708
-626
-560
-511
-462
-401
-344
-315
-270
-232
-179
-122
-73
-55
-29
12
50
91
115
149
190
224
262
276
296
328
369
398
408
422
451
465
485
484
470
468
463
434
402
357
339
323
294
278
262
246
228
218
202
178
166
192
221
241
270
336
424
490
547
576
621
687
753
819
841
865
926
979
1001
989
982
1004
1026
1092
1168
1202
1278
1319
1287
1267
1226
1177
1101
992
859
673
487
334
160
-52
-293
-479
-642
-805
-948
-1091
-1224
-1312
-1383
-1471
-1553
-1573
-1539
-1513
-1512
-1528
-1534
-1539
-1510
-1478
-1456
-1457
-1423
-1397
-1371
-1409
-1475
-1516
-1592
-1687
-1804
-1913
-1989
-2077
-2148
-2209
-2258
-2303
-2323
-2335
-2351
-2375
-2378
-2352
-2303
-2281
-2274
-2274
-2240
-2191
-2162
-2124
-2086
-2029
-1976
-1915
-1886
-1857
-1800
-1743
-1672
-1623
-1574
-1513
-1442
-1371
-1318
-1261
-1200
-1129
-1068
-1023
-974
-908
-847
-771
-714
-669
-616
-545
-496
-467
-433
-399
-350
-316
-296
-276
-271
-233
-204
-186
-183
-163
-141
-112
-94
-68
-50
-18
16
38
50
72
110
144
176
174
145
113
97
90
104
142
199
244
339
472
646
799
825
830
848
862
896
930
956
1013
1058
1140
1228
1285
1351
1408
1484
1566
1623
1641
1643
1631
1628
1610
1561
1520
1494
1441
1365
1270
1182
1106
1018
936
835
718
630
559
488
447
386
320
249
215
177
139
86
37
8
-26
-50
-64
-78
-84
-82
-87
-85
-107
-105
-76
-60
-54
-40
-26
0
32
48
70
88
114
143
153
169
201
239
280
283
307
333
335
349
387
401
430
459
479
499
498
532
561
575
587
575
553
567
577
561
549
537
539
561
552
542
536
538
533
528
512
480
474
471
468
444
428
431
455
456
447
423
432
456
462
450
445
451
480
509
500
494
508
520
540
552
552
547
588
593
605
604
616
611
610
603
600
597
621
637
649
640
645
663
660
660
644
656
676
725
749
731
715
701
696
697
691
673
655
639
630
610
596
584
598
599
604
578
566
584
579
573
549
531
545
557
569
555
521
530
532
529
511
514
498
501
489
460
426
400
359
330
281
240
199
170
144
99
70
44
32
10
-19
-60
-65
-65
-83
-103
-141
-150
-166
-160
-169
-178
-194
-168
-163
-160
-172
-190
-187
-171
-173
-193
-222
-234
-246
-268
-290
-319
-297
-306
-280
-294
-296
-298
-289
-294
-295
-313
-318
-309
-287
-296
-310
-313
-318
-304
-302
-311
-312
-292
-301
-298
-307
-323
-326
-329
-313
-308
-307
-291
-269
-253
-259
-252
-255
-256
-240
-249
-252
-247
-265
-272
-284
-290
-283
-277
-271
-265
-294
-287
-285
-253
-248
-245
-219
-203
-177
-155
-153
-135
-125
-120
-96
-90
-61
-49
-49
-37
-36
-18
2
31
51
44
51
65
87
103
112
110
132
142
164
178
181
205
211
214
208
213
220
232
239
234
220
222
236
241
239
241
257
283
305
311
316
321
337
355
373
353
356
365
379
386
377
376
375
372
388
391
391
415
427
443
436
443
452
474
474
479
461
456
470
479
470
468
459
465
479
491
496
522
560
589
607
627
653
662
694
699
701
701
702
697
685
659
635
630
625
619
607
597
592
599
585
575
546
522
498
484
450
409
402
404
392
370
352
326
321
323
301
285
265
255
254
240
218
204
178
169
140
102
86
83
88
102
100
120
134
144
173
168
168
152
170
179
165
164
193
219
241
263
281
310
348
377
389
382
404
426
464
473
483
483
493
495
483
445
416
392
372
354
320
313
310
298
282
250
218
213
204
166
121
76
56
47
27
-2
-16
-36
-50
-49
-83
-109
-106
-105
-76
-69
-70
-68
-54
-34
-20
-2
-14
-2
20
17
15
15
31
45
43
21
20
34
54
83
90
112
134
146
170
158
165
185
197
223
232
235
240
235
235
219
210
219
216
236
222
221
235
244
268
246
234
225
209
187
142
104
86
64
42
16
-41
-63
-77
-95
-119
-143
-167
-168
-169
-164
-180
-185
-165
-131
-105
-131
-143
-159
-166
-180
-198
-222
-220
-226
-219
-233
-255
-260
-270
-284
-296
-325
-325
-311
-309
-331
-349
-349
-337
-343
-349
-387
-392
-387
-367
-381
-419
-422
-417
-416
-432
-446
-468
-456
-472
-494
-499
-528
-540
-516
-521
-541
-565
-556
-553
-547
-559
-588
-578
-569
-547
-550
-566
-573
-575
-569
-591
-617
-620
-615
-608
-598
-616
-617
-607
-600
-595
-627
-630
-610
-610
-636
-641
-646
-622
-621
-619
-633
-633
-604
-584
-562
-559
-566
-546
-517
-508
-526
-544
-541
-557
-560
-594
-623
-635
-642
-640
-669
-726
-728
-723
-714
-719
-745
-755
-750
-759
-777
-799
-823
-820
-810
-822
-836
-845
-827
-821
-831
-845
-867
-853
-833
-839
-844
-845
-839
-829
-835
-826
-848
-860
-834
-822
-844
-849
-844
-835
-837
-843
-859
-854
-861
-845
-844
-866
-864
-846
-817
-810
-810
-815
-801
-789
-786
