-149
-175
-153
-124
-133
-182
-231
-313
-366
-375
-346
-366
-346
-258
-133
0
163
258
367
462
571
688
783
849
915
964
1005
979
961
1027
1109
1121
1121
1055
989
932
918
908
894
849
800
691
558
457
396
320
195
70
9
35
73
97
113
184
317
450
507
536
570
615
681
730
764
769
728
662
624
567
472
423
322
221
112
24
-77
-122
-142
-191
-223
-213
-160
-138
-154
-183
-197
-231
-245
-290
-361
-418
-444
-482
-498
-512
-530
-556
-605
-676
-714
-775
-846
-971
-1059
-1154
-1263
-1312
-1305
-1244
-1199
-1158
-1076
-981
-856
-747
-614
-471
-346
-264
-211
-199
-233
-207
-212
-246
-295
-317
-341
-375
-446
-589
-752
-938
-1136
-1362
-1588
-1814
-2000
-2163
-2316
-2469
-2586
-2668
-2744
-2810
-2898
-3015
-3047
-3013
-2991
-2975
-2946
-2851
-2718
-2575
-2422
-2279
-2170
-2053
-1971
-1905
-1823
-1714
-1632
-1600
-1580
-1548
-1522
-1508
-1499
-1501
-1550
-1595
-1629
-1630
-1601
-1587
-1569
-1528
-1506
-1505
-1534
-1572
-1582
-1568
-1577
-1572
-1515
-1454
-1401
-1330
-1235
-1102
-959
-850
-741
-632
-537
-420
-303
-202
-101
-19
98
215
348
457
558
659
784
872
933
971
993
1075
1146
1162
1188
1214
1238
1229
1158
1041
946
897
815
744
656
590
529
513
511
473
447
456
451
442
393
377
383
377
359
391
425
470
531
580
594
585
617
658
687
740
749
715
666
634
563
438
337
276
181
72
1
-40
-62
-65
-118
-251
-394
-476
-571
-653
-735
-801
-807
-736
-611
-486
-361
-244
-187
-130
-127
-147
-165
-199
-265
-331
-388
-404
-382
-368
-323
-294
-312
-336
-337
-419
-544
-620
-677
-726
-758
-803
-860
-874
-825
-716
-542
-409
-314
-189
-36
81
126
179
228
216
163
75
-50
-151
-276
-429
-572
-715
-816
-904
-1037
-1170
-1303
-1456
-1599
-1700
-1817
-1926
-1979
-2036
-2118
-2206
-2255
-2267
-2289
-2318
-2320
-2326
-2308
-2284
-2277
-2272
-2250
-2201
-2100
-1991
-1930
-1842
-1747
-1604
-1471
-1354
-1253
-1152
-1064
-1023
-1030
-1042
-1051
-1031
-986
-985
-947
-881
-824
-775
-718
-647
-538
-462
-386
-304
-275
-226
-173
-107
-41
30
139
292
445
619
762
871
959
1060
1142
1218
1294
1339
1344
1330
1368
1406
1432
1458
1515
1510
1457
1459
1504
1592
1680
1762
1863
1858
1797
1611
1413
1260
1117
984
902
845
807
781
759
743
740
741
732
738
729
700
680
678
649
608
555
479
430
396
339
222
59
-36
-131
-207
-295
-438
-533
-615
-686
-774
-856
-913
-958
-1015
-1103
-1174
-1219
-1260
-1292
-1316
-1316
-1287
-1205
-1144
-1110
-1090
-1076
-1047
-1027
-1025
-1011
-1013
-984
-985
-1030
-1059
-1056
-1038
-1022
-1010
-988
-959
-935
-932
-910
-892
-866
-809
-721
-639
-615
-566
-465
-370
-282
-200
-166
-117
-76
-15
46
128
199
275
408
474
531
549
610
663
729
830
912
1007
1124
1225
1334
1422
1504
1570
1646
1707
1752
1823
1911
2012
2088
2114
2128
2150
2172
2163
2131
2074
2052
2047
2088
2133
2242
2359
2425
2470
2470
2448
2432
2416
2428
2423
2411
2379
2303
2208
2075
1942
1871
1783
1674
1549
1454
1397
1373
1341
1292
1243
1237
1269
1264
1226
1165
1112
1051
975
914
843
742
609
435
282
139
-24
-133
-221
-292
-393
-450
-507
-560
-626
-675
-704
-733
-778
-798
-776
-796
-805
-776
-731
-719
-707
-678
-652
-643
-623
-628
-638
-654
-707
-764
-776
-794
-895
-1038
-1171
-1280
-1351
-1446
-1541
-1617
-1674
-1712
-1778
-1849
-1937
-2062
-2138
-2116
-2084
-2106
-2120
-2111
-2089
-2023
-1941
-1853
-1744
-1591
-1474
-1392
-1331
-1278
-1202
-1153
-1137
-1208
-1296
-1345
-1383
-1436
-1561
-1735
-1878
-1995
-2120
-2294
-2447
-2572
-2681
-2790
-2915
-3040
-3101
-3130
-3150
-3226
-3343
-3409
-3433
-3438
-3443
-3467
-3441
-3407
-3369
-3331
-3315
-3293
-3267
-3214
-3153
-3119
-3058
-2957
-2891
-2857
-2843
-2811
-2766
-2732
-2694
-2660
-2658
-2632
-2594
-2568
-2548
-2460
-2327
-2218
-2136
-2060
-1943
-1800
-1667
-1566
-1528
-1531
-1497
-1459
-1414
-1385
-1380
-1346
-1314
-1305
-1283
-1295
-1296
-1278
-1240
-1187
-1163
-1122
-1013
-860
-707
-606
-505
-372
-247
-122
-34
91
200
276
358
411
456
513
579
611
649
687
721
747
742
689
623
625
635
701
767
824
877
934
1010
1030
1021
1082
1153
1270
1311
1321
1370
1458
1492
1533
1559
1585
1601
1535
1453
1344
1181
1093
992
875
750
668
611
585
544
419
310
272
231
205
189
187
205
211
197
156
161
206
272
367
433
421
395
338
267
172
63
-32
-70
-131
-219
-382
-515
-648
-781
-914
-1088
-1251
-1384
-1517
-1691
-1877
-2030
-2125
-2182
-2227
-2309
-2391
-2420
-2444
-2473
-2485
-2530
-2504
-2459
-2457
-2475
-2528
-2557
-2564
-2598
-2647
-2667
-2641
-2600
-2555
-2537
-2521
-2455
-2373
-2324
-2267
-2255
-2233
-2184
-2096
-2001
-1940
-1845
-1736
-1660
-1599
-1550
-1493
-1411
-1225
-1062
-945
-850
-733
-570
-437
-366
-384
-413
-435
-447
-421
-395
-324
-302
-308
-320
-391
-448
-489
-550
-576
-637
-703
-748
-774
-784
-789
-784
-750
-701
-672
-640
-579
-503
-415
-298
-181
-64
69
212
321
378
439
534
572
584
606
606
651
685
730
754
768
774
745
688
627
510
422
377
359
310
228
196
158
109
48
-61
-61
0
117
242
291
320
332
342
360
351
349
346
308
259
171
114
57
-44
-132
-227
-360
-485
-628
-753
-878
-1021
-1146
-1203
-1269
-1386
-1503
-1598
-1669
-1730
-1775
-1797
-1823
-1807
-1827
-1865
-1906
-1901
-1844
-1826
-1831
-1880
-1854
-1778
-1702
-1631
-1582
-1556
-1507
-1475
-1418
-1373
-1316
-1259
-1233
-1223
-1217
-1217
-1191
-1134
-1105
-1119
-1176
-1214
-1205
-1183
-1217
-1274
-1319
-1343
-1327
-1274
-1203
-1132
-1098
-1080
-1051
-1049
-1015
-977
-951
-937
-928
-902
-807
-736
-635
-540
-479
-422
-373
-373
-411
-506
-520
-486
-420
-400
-405
-364
-288
-243
-190
-119
-66
-9
92
137
119
97
158
229
300
366
442
530
579
605
591
609
647
676
694
660
615
589
607
645
629
620
658
703
694
645
611
627
672
701
698
669
687
681
669
645
588
570
561
512
463
354
266
205
160
136
98
60
-1
-46
-80
-151
-212
-224
-208
-199
-173
-132
-87
-65
-12
17
88
205
300
388
417
433
453
454
453
471
495
544
573
582
577
553
562
559
518
465
455
414
369
312
251
180
135
133
186
210
236
265
287
288
266
184
75
-26
-67
-108
-179
-274
-369
-422
-510
-571
-637
-732
-841
-994
-1127
-1236
-1369
-1457
-1528
-1610
-1659
-1621
-1641
-1644
-1670
-1692
-1704
-1718
-1712
-1692
-1666
-1625
-1605
-1560
-1503
-1491
-1442
-1325
-1162
-976
-851
-688
-535
-372
-219
-162
-186
-247
-323
-418
-551
-676
-793
-926
-1035
-1136
-1253
-1396
-1539
-1656
-1789
-1932
-2033
-2104
-2199
-2308
-2441
-2542
-2624
-2673
-2714
-2743
-2746
-2708
-2688
-2722
-2783
-2795
-2792
-2798
-2805
-2876
-2929
-2935
-2923
-2901
-2885
-2836
-2775
-2741
-2740
-2722
-2661
-2518
-2306
-2108
-1882
-1656
-1415
-1203
-1029
-947
-859
-758
-663
-592
-566
-568
-574
-592
-574
-560
-566
-544
-495
-495
-533
-599
-670
-736
-802
-897
-954
-978
-980
-970
-996
-1091
-1200
-1229
-1249
-1217
-1191
-1162
-1061
-966
-833
-659
-447
-173
119
317
480
623
776
962
1125
1213
1168
1097
1071
1057
1004
922
893
873
851
875
865
853
846
853
819
770
732
691
620
544
483
474
479
455
410
344
310
322
351
380
370
356
370
419
507
541
567
574
598
580
509
414
343
282
225
191
103
115
147
171
187
169
164
209
200
166
57
-19
-76
-137
-208
-325
-442
-508
-561
-662
-795
-883
-954
-992
-1024
-1046
-1024
-1008
-1028
-1040
-1062
-1086
-1143
-1165
-1124
-1098
-1107
-1121
-1105
-1096
-1101
-1113
-1079
-1091
-1105
-1085
-1105
-1110
-1130
-1110
-1069
-1049
-967
-872
-784
-718
-694
-656
-611
-625
-651
-704
-697
-671
-657
-666
-682
-682
-670
-668
-721
-774
-803
-771
-695
-607
-536
-516
-459
-433
-407
-354
-320
-259
-177
-159
-125
-101
-52
14
71
95
79
77
87
53
-56
-165
-282
-377
-478
-603
-720
-815
-844
-876
-910
-932
-966
-992
-983
-969
-931
-860
-778
-683
-582
-506
-435
-340
-258
-217
-183
-165
-131
-107
-62
-28
-66
-127
-184
-208
-224
-265
-347
-448
-501
-546
-607
-708
-796
-878
-1041
-1158
-1246
-1295
-1333
-1382
-1427
-1447
-1476
-1490
-1456
-1399
-1290
-1173
-1078
-990
-929
-900
-891
-907
-933
-962
-986
-986
-957
-900
-847
-806
-753
-682
-594
-533
-531
-526
-510
-516
-577
-678
-760
-826
-855
-865
-881
-869
-907
-973
-1098
-1231
-1384
-1517
-1599
-1675
-1757
-1810
-1824
-1786
-1733
-1651
-1575
-1450
-1317
-1246
-1151
-1063
-946
-772
-629
-476
-351
-218
-109
8
84
145
211
272
348
436
561
670
771
809
854
866
900
862
796
730
613
488
406
340
306
307
325
366
376
378
337
347
363
395
409
407
362
328
350
426
508
510
484
496
508
546
603
656
751
868
944
939
925
901
835
790
737
692
626
544
483
407
341
284
255
194
118
92
114
138
120
71
26
6
-8
-32
-37
-13
-20
-15
-15
23
52
118
167
179
97
-20
-108
-174
-215
-225
-286
-347
-404
-461
-527
-565
-614
-652
-651
-665
-753
-862
-907
-900
-929
-986
-1052
-1128
-1177
-1182
-1220
-1238
-1209
-1187
-1149
-1088
-1047
-1038
-1045
-1040
-1028
-996
-914
-797
-688
-627
-551
-475
-441
-415
-391
-371
-347
-344
-345
-402
-468
-517
-593
-681
-769
-894
-955
-935
-894
-841
-821
-862
-900
-957
-991
-1023
-999
-874
-700
-514
-351
-198
-35
177
320
437
453
439
453
482
506
515
506
435
292
118
-94
-292
-478
-690
-902
-1088
-1231
-1340
-1422
-1539
-1692
-1855
-1998
-2099
-2144
-2115
-2044
-1949
-1854
-1766
-1657
-1569
-1493
-1392
-1310
-1257
-1250
-1168
-1073
-1020
-1077
-1159
-1208
-1211
-1193
-1231
-1319
-1372
-1388
-1406
-1451
-1483
-1463
-1437
-1388
-1347
-1315
-1286
-1287
-1273
-1253
-1294
-1310
-1330
-1387
-1413
-1431
-1469
-1466
-1365
-1277
-1232
-1166
-1057
-932
-789
-656
-531
-388
-287
-205
-171
-193
-187
-155
-133
-121
-145
-190
-224
-200
-218
-271
-291
-282
-266
-225
-130
-13
75
157
195
194
196
218
234
205
129
63
37
13
-13
-33
-24
10
67
96
137
149
135
101
56
7
-64
-146
-263
-396
-505
-638
-699
-711
-711
-673
-671
-633
-567
-535
-523
-549
-590
-610
-594
-591
-636
-681
-686
-708
-724
-758
-803
-797
-779
-778
-769
-749
-746
-791
-781
-724
-706
-680
-639
-680
-746
-787
-844
-847
-790
-719
-631
-560
-507
-419
-353
-312
-255
-198
-169
-167
-205
-258
-290
-351
-452
-569
-640
-735
-811
-877
-972
-1060
-1148
-1257
-1382
-1491
-1586
-1643
-1655
-1653
-1656
-1630
-1564
-1493
-1392
-1297
-1196
-1087
-970
-861
-744
-627
-464
-311
-202
-157
-154
-147
-152
-178
-188
-206
-209
-189
-140
-150
-203
-252
-266
-304
-349
-402
-409
-348
-282
-211
-129
-34
91
216
333
466
599
773
926
1069
1135
1169
1218
1300
1366
1388
1408
1474
1556
1617
1693
1746
1768
1758
1709
1566
1325
1084
872
674
531
436
365
345
313
247
198
210
263
308
337
335
321
292
298
308
279
241
235
284
345
411
413
442
464
435
347
265
156
85
59
-17
-99
-137
-161
-173
-239
-364
-430
-420
-398
-382
-398
-393
-377
-339
-310
-324
-333
-343
-365
-418
-489
-565
-599
-606
-601
-672
-738
-776
-790
-866
-975
-1070
-1146
-1152
-1142
-1132
-1087
-1026
-981
-920
-838
-750
-617
-492
-367
-266
-209
-148
-77
-20
12
-4
-10
-51
-89
-123
-176
-221
-316
-417
-493
-575
-663
-716
-740
-822
-947
-1048
-1136
-1237
-1278
-1300
-1301
-1244
-1156
-1031
-914
-813
-712
-595
-470
-421
-435
-464
-493
-498
-539
-621
-716
-777
-830
-901
-989
-1098
-1215
-1291
-1307
-1301
-1330
-1339
-1353
-1335
-1325
-1293
-1211
-1116
-1050
-997
-915
-820
-732
-644
-595
-546
-451
-356
-318
-340
-328
-279
-213
-137
-96
-58
51
168
263
287
296
318
324
310
244
143
61
-15
-86
-168
-269
-340
-389
-450
-472
-484
-458
-363
-254
-166
-90
-24
17
62
76
102
140
193
231
276
325
359
397
404
426
433
399
392
393
387
369
364
409
454
495
515
509
518
518
504
443
355
298
269
228
194
162
117
60
3
-35
-106
-188
-237
-271
-291
-292
-268
-254
-220
-159
-125
-76
-19
47
123
149
127
111
114
117
97
77
53
24
-37
-94
-170
-219
-243
-244
-266
-307
-295
-277
-291
-303
-301
-279
-261
-266
-286
-302
-355
-345
-323
-323
-339
-361
-385
-451
-517
-618
-694
-739
-715
-677
-648
-624
-622
-569
-512
-455
-379
-270
-182
-150
-116
-110
-86
-57
-33
-71
-142
-237
-338
-439
-540
-649
-710
-720
-734
-740
-731
-729
-691
-665
-674
-662
-636
-579
-584
-604
-642
-703
-719
-739
-753
-794
-806
-824
-829
-811
-856
-888
-881
-857
-886
-995
-1104
-1175
-1224
-1262
-1350
-1483
-1571
-1632
-1654
-1676
-1705
-1691
-1650
-1601
-1575
-1580
-1564
-1540
-1499
-1450
-1438
-1409
-1371
-1305
-1252
-1218
-1157
-1081
-972
-855
-784
-723
-652
-570
-504
-495
-501
-494
-449
-423
-430
-462
-457
-441
-423
-452
-513
-570
-602
-614
-611
-640
-693
-731
-747
-756
-785
-792
-766
-717
-656
-627
-618
-586
-520
-471
-459
-435
-473
-522
-551
-600
-634
-636
-665
-747
-856
-927
-927
-920
-936
-954
-968
-977
-911
-885
-923
-945
-1006
-1059
-1056
-1022
-973
-891
-766
-603
-450
-297
-123
40
165
247
285
256
222
156
111
16
-55
-89
-115
-106
-80
-98
-100
-76
-96
-157
-210
-239
-284
-355
-450
-532
-573
-607
-695
-783
-836
-877
-899
-937
-990
-1028
-1048
-1028
-1030
-1048
-1070
-1061
-1071
-1065
-1033
-1039
-1046
-993
-905
-829
-768
-702
-626
-538
-489
-407
-362
-305
-210
-139
-78
39
156
257
366
432
448
430
416
371
305
248
260
301
310
269
193
105
4
-84
-179
-274
-345
-398
-451
-552
-685
-780
-829
-882
-927
-980
-1037
-1023
-982
-900
-874
-848
-739
-663
-629
-674
-740
-733
-734
-744
-810
-867
-870
-844
-815
-799
-758
-709
-700
-734
-800
-888
-959
-1004
-1086
-1131
-1169
-1183
-1138
-1106
-1068
-1134
-1229
-1286
-1327
-1351
-1313
-1247
-1194
-1172
-1148
-1136
-1095
-1063
-1072
-1079
-1091
-1065
-1033
-1007
-991
-996
-1020
-1030
-1028
-1027
-1045
-1106
-1177
-1278
-1411
-1520
-1608
-1690
-1724
-1738
-1743
-1752
-1730
-1654
-1593
-1564
-1519
-1519
-1493
-1444
-1403
-1385
-1344
-1235
-1082
-939
-844
-778
-696
-579
-503
-498
-551
-604
-620
-622
-646
-678
-698
-649
-620
-619
-645
-596
-471
-362
-267
-255
-226
-160
-115
-103
-102
-78
-66
-111
-160
-198
-198
-193
-159
-139
-159
-147
-159
-160
-165
-218
-250
-221
-160
-78
-21
11
56
97
135
196
267
343
396
434
472
504
520
536
597
663
606
489
401
292
204
178
102
1
-108
-225
-313
-414
-496
-494
-437
-371
-289
-223
-157
-96
-51
-27
22
40
66
90
131
163
208
274
312
341
394
423
424
395
334
252
176
115
39
-10
43
114
167
205
193
152
64
-2
-73
-168
-229
-270
-346
-447
-580
-662
-676
-708
-726
-750
-762
-730
-677
-606
-540
-508
-470
-432
-406
-382
-358
-317
-326
-358
-399
-444
-466
-492
-521
-550
-603
-637
-703
-774
-850
-911
-977
-1015
-1017
-972
-943
-942
-933
-904
-855
-810
-765
-648
-539
-473
-412
-341
-309
-314
-343
-452
-523
-568
-563
-563
-568
-613
-606
-572
-543
-563
-612
-618
-616
-622
-651
-677
-676
-664
-640
-620
-623
-649
-654
-678
-749
-858
-940
-1022
-1046
-1078
-1119
-1151
-1169
-1147
-1090
-1024
-915
-798
-710
-644
-595
-507
-412
-249
-106
-18
64
165
266
348
419
490
506
522
563
604
642
668
700
741
790
819
872
933
953
882
757
624
536
495
419
318
252
157
48
-47
-123
-176
-196
-225
-254
-311
-364
-398
-443
-492
-568
-617
-666
-737
-870
-1056
-1181
-1230
-1254
-1283
-1354
-1436
-1502
-1573
-1614
-1652
-1638
-1600
-1518
-1452
-1411
-1393
-1348
-1239
-1130
-1013
-904
-833
-799
-781
-786
-843
-884
-902
-914
-943
-1004
-1057
-1098
-1151
-1173
-1185
-1211
-1187
-1158
-1134
-1122
-1084
-1018
-936
-848
-799
-765
-739
-733
-713
-715
-720
-679
-630
-639
-734
-816
-809
-768
-730
-698
-707
-745
-763
-756
-756
-762
-767
-805
-803
-796
-849
-925
-978
-1027
-1059
-1104
-1161
-1237
-1286
-1320
-1373
-1402
-1349
-1288
-1259
-1239
-1225
-1201
-1152
-1132
-1146
-1178
-1196
-1225
-1249
-1267
-1249
-1192
-1163
-1106
-1101
-1085
-1053
-958
-841
-770
-682
-606
-540
-502
-449
-415
-386
-352
-366
-363
-370
-332
-312
-326
-335
-340
-306
-218
-136
-60
-7
9
11
6
-28
-77
-153
-198
-243
-296
-378
-444
-476
-483
-457
-448
-439
-410
-428
-437
-432
-412
-351
-298
-278
-252
-238
-181
-159
-139
-94
-62
-44
-18
20
11
-30
-101
-177
-230
-235
-306
-401
-442
-432
-414
-448
-489
-507
-536
-585
-638
-720
-777
-815
-829
-882
-948
-1049
-1110
-1159
-1185
-1226
-1232
-1203
-1137
-1088
-1064
-1007
-966
-937
-866
-800
-768
-765
-783
-789
-807
-878
-966
-1037
-1034
-1050
-1070
-1056
-1042
-1042
-1099
-1148
-1147
-1121
-1083
-1054
-1052
-1032
-987
-934
-908
-915
-916
-898
-841
-753
-687
-586
-443
-348
-291
-265
-236
-195
-129
-76
-92
-180
-297
-414
-523
-632
-698
-747
-771
-759
-760
-744
-744
-749
-754
-763
-775
-778
-790
-812
-830
-859
-860
-886
-935
-945
-936
-904
-833
-738
-700
-698
-669
-628
-552
-464
-407
-346
-293
-261
-306
-372
-443
-509
-566
-654
-787
-912
-1045
-1106
-1101
-1130
-1201
-1267
-1320
-1361
-1410
-1451
-1512
-1546
-1551
-1571
-1600
-1641
-1707
-1709
-1700
-1701
-1667
-1645
-1629
-1605
-1612
-1636
-1658
-1664
-1658
-1644
-1573
-1472
-1355
-1246
-1164
-1115
-1070
-1041
-1017
-1016
-978
-890
-765
-632
-531
-474
-413
-356
-332
-316
-298
-293
-286
-252
-234
-222
-231
-211
-179
-184
-202
-226
-283
-371
-432
-520
-577
-648
-672
-686
-731
-802
-836
-856
-888
-912
-907
-883
-838
-818
-838
-862
-809
-783
-730
-692
-654
-588
-543
-490
-408
-337
-288
-256
-265
-297
-298
-298
-305
-312
-322
-354
-388
-400
-434
-487
-532
-561
-602
-668
-769
-912
-1045
-1198
-1351
-1460
-1531
-1526
-1455
-1367
-1272
-1219
-1148
-1031
-930
-829
-805
-752
-664
-576
-523
-505
-487
-488
-504
-520
-549
-578
-649
-744
-887
-1073
-1314
-1555
-1741
-1858
-1975
-2070
-2099
-2094
-2091
-2091
-2082
-2087
-2053
-1996
-1958
-1936
-1907
-1885
-1828
-1767
-1706
-1661
-1632
-1561
-1495
-1434
-1363
-1246
-1137
-1066
-1013
-975
-926
-877
-872
-894
-914
-905
-860
-815
-821
-859
-891
-865
-836
-818
-765
-694
-656
-632
-650
-699
-752
-790
-781
-776
-752
-664
-555
-402
-293
-273
-307
-291
-209
-92
-54
-28
-19
1
62
100
138
214
296
397
446
434
435
496
567
605
560
499
454
460
509
591
657
659
621
572
543
567
585
614
607
600
607
633
667
653
604
563
545
559
541
488
412
351
310
272
177
89
-6
-67
-112
-165
-203
-213
-251
-312
-373
-379
-411
-416
-421
-426
-446
-478
-480
-489
-521
-566
-588
-633
-651
-646
-641
-623
-591
-562
-546
-560
-621
-722
-763
-747
-694
-660
-559
-458
-387
-292
-216
-99
18
119
220
258
263
234
212
171
105
44
6
-76
-193
-310
-453
-596
-721
-787
-875
-941
-998
-1027
-1036
-1012
-978
-937
-884
-831
-805
-764
-703
-615
-544
-506
-500
-534
-554
-552
-566
-611
-664
-735
-811
-882
-958
-1007
-1014
-965
-964
-998
-1003
-937
-888
-874
-848
-816
-767
-706
-624
-571
-549
-461
-423
-414
-409
-395
-389
-379
-417
-499
-531
-513
-510
-510
-434
-333
-262
-233
-253
-298
-303
-308
-318
-344
-393
-434
-420
-367
-301
-291
-307
-314
-280
-235
-194
-176
-138
-93
-67
-69
-83
26
159
312
465
547
623
637
632
583
512
474
460
480
446
408
326
244
183
88
17
-71
-166
-283
-426
-579
-696
-749
-763
-747
-759
-847
-885
-856
-822
-827
-834
-852
-858
-801
-713
-570
-453
-352
-243
-118
-1
142
259
320
322
261
204
190
149
88
0
-88
-159
-216
-292
-393
-475
-509
-504
-526
-526
-548
-582
-631
-680
-704
-695
-677
-628
-571
-569
-498
-441
-440
-466
-567
-668
-763
-829
-911
-1012
-1186
-1329
-1438
-1514
-1585
-1651
-1746
-1847
-1923
-2032
-2127
-2180
-2218
-2267
-2287
-2303
-2277
-2257
-2235
-2211
-2193
-2159
-2064
-1976
-1888
-1800
-1647
-1538
-1443
-1342
-1271
-1245
-1219
-1257
-1345
-1440
-1511
-1587
-1644
-1662
-1694
-1701
-1698
-1720
-1732
-1732
-1731
-1749
-1754
-1755
-1804
-1822
-1828
-1818
-1769
-1720
-1649
-1532
-1423
-1322
-1265
-1281
-1252
-1199
-1133
-1016
-873
-740
-639
-573
-549
-578
-627
-643
-634
-620
-602
-588
-574
-521
-503
-483
-484
-474
-468
-450
-436
-418
-361
-260
-194
-133
-88
-43
-11
27
-7
-9
13
18
89
160
201
187
161
137
111
82
56
68
113
112
51
-74
-183
-271
-366
-448
-536
-631
-676
-702
-693
-671
-605
-560
-546
-556
-568
-597
-581
-524
-498
-510
-526
-528
-479
-362
-267
-210
-144
-19
82
92
83
54
64
73
47
-24
-119
-244
-310
-392
-493
-569
-614
-638
-629
-624
-623
-668
-713
-754
-795
-775
-680
-571
-483
-430
-389
-367
-366
-364
-369
-418
-479
-545
-611
-693
-759
-808
-815
-793
-732
-650
-574
-521
-433
-338
-237
-120
-11
77
122
65
36
89
222
288
287
275
174
92
-25
-134
-243
-300
-366
-398
-418
-463
-381
-248
-115
-44
44
76
129
122
65
24
48
30
46
-11
-45
-48
-66
-40
-6
-94
-176
-242
-254
-355
-443
-398
-408
-370
-368
-297
-236
-127
-10
66
154
183
195
252
278
252
218
169
124
79
38
18
-16
-50
-60
-40
-49
-83
-115
-109
-125
-93
-40
-116
-187
-253
-386
-415
-486
-581
-663
-720
-796
-841
-857
-886
-968
-990
-1035
-1080
-1181
-1276
-1333
-1394
-1420
-1458
-1444
-1497
-1521
-1489
-1465
-1427
-1389
-1301
-1192
-1091
-1009
-921
-796
-687
-544
-391
-217
-100
-29
3
10
-24
-210
-319
-428
-494
-657
-710
-798
-886
-987
-1150
-1283
-1384
-1455
-1531
-1613
-1642
-1640
-1649
-1573
-1587
-1596
-1602
-1578
-1619
-1651
-1594
-1506
-1381
-1315
-1277
-1251
-1194
-1123
-1028
-990
-1008
-963
-881
-756
-631
-665
-589
-488
-363
-368
-392
-366
-390
-329
-263
-225
-164
-76
-31
-53
-106
-40
36
107
41
21
43
144
210
251
229
245
231
222
193
179
177
259
354
359
420
449
520
629
629
624
626
560
542
501
498
516
542
618
652
646
601
569
524
550
512
441
324
369
391
432
394
353
228
179
153
108
70
46
68
117
149
171
153
92
51
-58
-153
-235
-247
-372
-381
-397
-371
-345
-335
-321
-312
-236
-222
-216
-238
-295
-412
-521
-622
-710
-698
-597
-480
-306
-108
9
70
152
147
129
147
125
186
274
391
448
454
542
637
549
551
513
452
351
242
171
133
88
0
-101
-210
-311
-406
-515
-497
-558
-646
-717
-739
-800
-901
-954
-968
-944
-906
-877
-839
-768
-702
-607
-519
-418
-330
-328
-302
-302
-363
-420
-382
-287
-216
-163
-201
-239
-215
-195
-175
-199
-244
-220
-211
-154
-72
37
146
222
231
182
111
50
-45
-154
-255
-356
-401
-430
-412
-400
-388
-382
-414
-434
-510
-567
-612
-612
-621
-709
-754
-697
-588
-455
-346
-336
-279
-178
-96
-30
65
141
212
171
100
90
76
23
1
-44
-76
-92
-72
-65
-94
-112
-146
-222
-267
-355
-488
-597
-596
-562
-513
-431
-330
-187
-24
174
245
246
264
305
317
279
170
146
175
236
220
238
200
171
170
136
27
-116
-145
-211
-223
-294
-376
-485
-586
-662
-738
-820
-865
-860
-892
-886
-862
-791
-771
-733
-657
-524
-436
-391
-369
-381
-405
-334
-391
-516
-625
-726
-792
-826
-921
-992
-1087
-1188
-1229
-1282
-1391
-1440
-1430
-1359
-1250
-1141
-1032
-889
-828
-779
-788
-779
-684
-613
-512
-451
-390
-319
-248
-172
-138
-109
-60
-22
-27
14
17
33
-12
-24
-85
-123
-211
-256
-365
-389
-460
-555
-672
-706
-740
-849
-894
-926
-942
-999
-1044
-1132
-1220
-1273
-1344
-1382
-1408
-1401
-1344
-1227
-1211
-1193
-1183
-1149
-1083
-1054
-1088
-1039
-973
-902
-831
-722
-613
-512
-486
-460
-399
-431
-422
-377
-345
-307
-348
-282
-200
-178
-198
-255
-258
-276
-314
-380
-433
-451
-456
-403
-394
-349
-350
-379
-350
-326
-344
-303
-291
-215
-139
-144
-141
-70
-75
-53
-110
-139
-205
-181
-257
-281
-265
-277
-206
-161
-166
-154
-109
-91
-53
-58
-44
-70
-84
-150
-148
-103
22
185
459
602
745
846
955
1072
1143
1119
1085
1119
1093
1122
959
927
898
914
912
811
773
672
682
658
696
655
567
557
456
422
297
221
139
68
-27
-103
-191
-213
-184
-168
-130
-73
44
68
73
-3
-79
-174
-215
-253
-341
-375
-353
-335
-328
-377
-443
-496
-567
-570
-548
-597
-588
-550
-509
-543
-531
-557
-591
-617
-750
-845
-962
-1000
-1045
-1079
-1150
-1112
-1080
-1058
-1024
-995
-1004
-990
-991
-1057
-1083
-1089
-1109
-1158
-1151
-1133
-1072
-1023
-978
-853
-744
-662
-574
-441
-298
-181
-105
-98
-100
-145
-183
-232
-234
-291
-344
-405
-450
-484
-560
-617
-750
-867
-912
-978
-1054
-1197
-1254
-1270
-1336
-1374
-1345
-1365
-1351
-1294
-1212
-1163
-1102
-1020
-954
-845
-827
-903
-929
-951
-850
-717
-651
-667
-579
-522
-493
-427
-302
-185
-114
-53
64
96
137
163
212
313
351
396
437
396
367
341
338
433
436
458
444
443
390
384
377
387
326
321
307
285
311
273
247
279
320
302
268
262
311
262
217
208
170
192
218
218
223
207
268
259
233
138
104
70
70
80
68
30
42
4
9
-79
-128
-173
-183
-278
-327
-321
-295
-194
-99
-28
17
118
159
88
64
-18
-135
-278
-421
-416
-440
-420
-344
-283
-158
-97
12
32
-2
-51
-60
-203
-252
-377
-478
-512
-565
-618
-675
-800
-943
-1019
-1057
-1166
-1299
-1360
-1493
-1602
-1631
-1680
-1704
-1686
-1668
-1652
-1654
-1642
-1656
-1647
-1613
-1597
-1685
-1756
-1797
-1826
-1800
-1790
-1741
-1721
-1726
-1702
-1697
-1698
-1682
-1611
-1529
-1505
-1452
-1403
-1379
-1355
-1339
-1286
-1177
-1120
-1075
-987
-905
-852
-786
-729
-672
-681
-657
-645
-611
-613
-612
-598
-584
-513
-475
-480
-537
-608
-613
-627
-668
-694
-645
-657
-625
-742
-813
-966
-1019
-1068
-1211
-1354
-1463
-1489
-1515
-1533
-1495
-1519
-1564
-1564
-1511
-1416
-1291
-1209
-1138
-1021
-912
-769
-616
-463
-368
-251
-156
-55
88
122
138
120
161
294
365
356
376
442
499
528
462
367
306
304
288
155
106
82
62
28
73
82
77
111
177
111
54
120
181
282
383
428
448
493
502
464
403
327
274
186
164
107
83
1
4
-72
-106
-124
-195
-227
-232
-258
-258
-220
-171
-83
-45
0
125
154
180
160
103
74
13
-36
-65
-126
-144
-170
-171
-191
-189
-173
-189
-290
-407
-478
-539
-521
-587
-663
-704
-726
-702
-695
-634
-683
-690
-731
-622
-546
-489
-356
-239
-217
-160
-131
-102
-49
12
145
288
405
462
515
527
517
618
675
728
871
953
944
1032
1127
1203
1248
1324
1369
1353
1335
1315
1376
1458
1529
1672
1789
1884
1910
1976
1985
1963
1945
1874
1825
1843
1938
1938
1970
1990
2024
2031
2055
2029
1968
1982
1894
1853
1782
1785
1719
1648
1582
1408
1291
1148
1060
935
818
752
619
593
484
341
253
243
172
154
138
139
51
-50
-138
-172
-225
-187
-161
-155
-167
-147
-218
-202
-278
-233
-192
-195
-224
-256
-268
-350
-432
-493
-575
-692
-763
-851
-917
-935
-1017
-1088
-1213
-1338
-1426
-1464
-1535
-1569
-1622
-1704
-1730
-1801
-1850
-1845
-1825
-1891
-1917
-1955
-2008
-2017
-1976
-1952
-1943
-1959
-1961
-1952
-1870
-1817
-1768
-1680
-1571
-1533
-1567
-1608
-1574
-1619
-1631
-1665
-1683
-1705
-1667
-1689
-1651
-1569
-1426
-1283
-1158
-1070
-945
-802
-731
-678
-664
-693
-683
-574
-529
-453
-396
-335
-340
-316
-245
-174
-41
122
210
248
286
335
478
531
528
538
536
607
660
748
777
795
829
911
918
877
828
833
815
847
794
756
765
789
751
717
672
606
518
498
472
463
458
446
424
329
176
142
140
169
183
205
239
273
285
224
167
141
117
133
104
59
59
135
74
108
63
45
-8
-84
-150
-226
-248
-195
-202
-170
-160
-138
-176
-176
-173
-205
-179
-163
-179
-195
-236
-345
-379
-391
-479
-528
-540
-487
-434
-472
-452
-414
-361
-304
-286
-284
-255
-239
-194
-251
-253
-221
-237
-238
-226
-255
-198
-188
-106
-68
-48
-54
-28
-73
-111
-156
-151
-169
-195
-150
-160
-209
-270
-319
-360
-303
-227
-145
-107
10
111
160
170
184
210
203
244
266
256
246
197
159
42
-3
-120
-177
-294
-447
-572
-798
-923
-1109
-1283
-1416
-1541
-1694
-1811
-1920
-1973
-1973
-1955
-1902
-1918
-1952
-1945
-1916
-1863
-1851
-1813
-1752
-1635
-1492
-1472
-1434
-1317
-1303
-1208
-1137
-1066
-1037
-894
-751
-656
-574
-498
-437
-413
-401
-433
-392
-366
-271
-226
-248
-282
-270
-256
-280
-271
-268
-230
-214
-208
-237
-271
-274
-203
-154
-29
53
85
130
201
239
239
327
436
545
586
635
603
604
670
677
711
666
671
655
589
518
480
347
276
254
178
178
219
220
258
220
163
154
174
162
80
31
-30
-79
-188
-170
-219
-185
-185
-230
-393
-502
-590
-619
-637
-703
-748
-836
-833
-878
-939
-1005
-1010
-957
-941
-951
-898
-893
-879
-762
-748
-695
-542
-425
-292
-204
-138
-112
-3
58
124
140
95
73
99
65
-11
-52
-68
-34
-48
-130
-231
-280
-309
-309
-380
-375
-309
-283
-234
-272
-321
-330
-391
-429
-443
-367
-296
-247
-218
-142
-93
-64
31
80
42
1
-81
-115
-144
-232
-261
-267
-305
-354
-425
-501
-610
-719
-820
-810
-855
-856
-803
-832
-826
-840
-830
-735
-664
-547
-537
-461
-373
-230
-154
-21
96
213
274
350
384
422
463
492
609
685
756
761
781
799
831
822
883
897
911
873
847
765
733
707
698
712
651
550
497
409
308
255
243
292
358
403
456
476
537
594
570
596
574
548
514
538
531
560
642
622
698
732
727
772
758
765
791
796
793
767
722
621
550
547
576
556
455
373
264
155
84
-17
-78
-123
-168
-213
-227
-288
-281
-319
-401
-454
-520
-538
-554
-559
-525
-437
-444
-424
-336
-314
-352
-359
-321
-339
-327
-365
-391
-403
-491
-567
-638
-647
-688
-737
-803
-891
-973
-1116
-1161
-1232
-1285
-1373
-1372
-1350
-1347
-1379
-1496
-1613
-1639
-1696
-1772
-1825
-1841
-1835
-1826
-1797
-1768
-1702
-1670
-1644
-1682
-1682
-1689
-1663
-1634
-1629
-1624
-1598
-1541
-1573
-1547
-1563
-1502
-1385
-1309
-1214
-1143
-1072
-1054
-993
-971
-930
-842
-816
-734
-685
-542
-481
-364
-288
-200
-229
-258
-346
-375
-361
-427
-453
-494
-441
-470
-441
-490
-504
-478
-487
-528
-616
-687
-740
-893
-950
-940
-1006
-1032
-1052
-1086
-1135
-1078
-1007
-946
-851
-775
-674
-681
-615
-614
-690
-676
-644
-626
-633
-551
-442
-381
-343
-321
-276
-258
-213
-199
-194
-223
-185
-178
-162
-159
-168
-162
-211
-189
-128
-162
-130
-118
-113
-162
-271
-328
-445
-379
-308
-183
-82
-25
32
93
175
104
63
-25
-57
25
78
60
80
68
42
-40
-226
-359
-492
-574
-623
-724
-773
-839
-972
-1146
-1309
-1452
-1486
-1547
-1623
-1585
-1599
-1561
-1485
-1428
-1396
-1367
-1306
-1257
-1162
-1061
-973
-944
-843
-734
-689
-742
-787
-753
-729
-668
-567
-485
-463
-439
-451
-496
-464
-411
-445
-448
-447
-437
-408
-384
-366
-390
-368
-382
-350
-332
-279
-279
-284
-306
-382
-464
-530
-571
-566
-615
-647
-764
-817
-791
-742
-697
-644
-635
-564
-542
-524
-569
-585
-561
-532
-581
-610
-636
-636
-616
-665
-674
-642
-601
-556
-540
-499
-487
-461
-473
-511
-450
-341
-208
-107
-31
26
127
236
337
446
491
540
628
681
763
789
771
837
843
833
826
831
790
808
890
919
901
872
852
918
979
1036
1102
1140
1166
1188
1179
1184
1143
1131
1043
961
935
906
892
901
885
768
673
556
461
390
324
344
328
283
257
191
115
27
-14
-115
-141
-236
-353
-414
-448
-581
-642
-664
-655
-667
-651
-598
-522
-481
-436
-454
-405
-404
-424
-410
-442
-433
-401
-415
-377
-380
-319
-305
-229
-247
-253
-287
-258
-226
-181
-169
-145
-107
-116
-82
-16
0
71
109
135
176
221
220
200
220
261
306
382
464
638
733
765
708
722
651
675
724
833
950
1059
1100
1082
994
937
899
865
863
897
859
833
780
762
680
635
615
639
671
649
617
591
538
485
479
453
450
444
406
345
192
121
60
22
-27
-26
-23
22
51
77
99
156
147
152
95
63
25
23
111
182
248
305
334
308
232
183
145
135
74
42
-111
-236
-422
-596
-749
-850
-945
-974
-1003
-1052
-1118
-1163
-1197
-1215
-1241
-1374
-1572
-1667
-1696
-1696
-1643
-1623
-1620
-1611
-1677
-1699
-1667
-1585
-1532
-1471
-1439
-1459
-1433
-1338
-1250
-1224
-1233
-1224
-1219
-1213
-1247
-1221
-1195
-1157
-1245
-1294
-1332
-1352
-1368
-1390
-1422
-1483
-1536
-1570
-1631
-1680
-1737
-1786
-1787
-1792
-1735
-1734
-1668
-1627
-1582
-1556
-1578
-1600
-1653
-1654
-1678
-1712
-1709
-1685
-1651
-1590
-1584
-1613
-1612
-1624
-1622
-1667
-1649
-1710
-1701
-1704
-1698
-1657
-1651
-1665
-1608
-1610
-1603
-1571
-1565
-1579
-1565
-1603
-1604
-1572
-1471
-1405
-1383
-1381
-1382
-1337
-1335
-1290
-1214
-1240
-1174
-1148
-1148
-1154
-1113
-1012
-936
-865
-827
-778
-740
-691
-720
-749
-704
-713
-647
-594
-574
-536
-465
-481
-499
-548
-553
-519
-517
-551
-627
-684
-847
-879
-950
-1026
-1079
-1124
-1200
-1238
-1326
-1371
-1393
-1388
-1433
-1566
-1661
-1749
-1806
-1804
-1738
-1689
-1607
-1546
-1372
-1186
-960
-762
-505
-279
-22
235
409
562
705
800
909
1121
1192
1293
1388
1347
1306
1205
1088
935
772
560
374
211
-1
-275
-516
-702
-914
-1140
-1352
-1526
-1651
-1825
-1958
-2040
-2165
-2206
-2259
-2360
-2426
-2497
-2495
-2540
-2535
-2513
-2533
-2492
-2491
-2507
-2487
-2465
-2399
-2298
-2216
-2073
-2122
-2102
-2088
-2012
-2036
-1979
-1897
-1802
-1745
-1674
-1633
-1662
-1605
-1544
-1538
-1545
-1533
-1543
-1490
-1445
-1379
-1308
-1274
-1213
-1208
-1155
-1073
-978
-825
-662
-553
-428
-362
-219
-124
-42
7
33
90
90
139
184
218
271
218
213
125
87
-8
-141
-242
-324
-290
-290
-308
-396
-484
-637
-698
-732
-781
-793
-902
-959
-1025
-996
-951
-902
-836
-748
-623
-506
-308
-122
76
239
364
376
410
519
636
737
786
857
902
899
908
876
827
761
700
624
523
370
245
200
37
-116
-225
-313
-384
-455
-580
-646
-687
-736
-802
-884
-929
-978
-1044
-1060
-1082
-1033
-1057
-1043
-1027
-1045
-1079
-1113
-1113
-1131
-1145
-1183
-1186
-1166
-1190
-1235
-1344
-1426
-1479
-1503
-1564
-1542
-1568
-1575
-1561
-1595
-1636
-1693
-1667
-1601
-1599
-1523
-1594
-1556
-1468
-1411
-1329
-1258
-1244
-1203
-1102
-969
-860
-751
-650
-634
-577
-524
-508
-467
-414
-432
-458
-420
-325
-280
-198
-188
-191
-159
-106
-147
-135
-94
-123
-99
-117
-117
-51
-69
7
41
112
194
303
391
589
742
813
908
1003
1069
1202
1327
1415
1491
1544
1582
1564
1482
1448
1434
1475
1434
1468
1415
1408
1332
1338
1345
1325
1287
1261
1239
1261
1287
1293
1240
1191
1096
1025
1003
1021
1041
970
982
970
888
800
739
694
706
732
744
715
722
693
715
662
613
613
587
573
555
446
345
327
266
221
192
263
364
369
407
366
395
421
450
507
431
526
583
644
622
648
697
659
621
496
353
179
103
83
76
-49
-174
-235
-336
-461
-562
-715
-786
-820
-842
-876
-914
-928
-852
-764
-715
-658
-557
-462
-396
-314
-276
-188
-100
-74
-96
-153
-119
-145
-107
-250
-326
-402
-380
-421
-459
-520
-602
-673
-697
-729
-703
-725
-684
-658
-617
-608
-563
-534
-563
-549
-515
-481
-457
-439
-398
-353
-377
-339
-278
-327
-353
-410
-415
-437
-475
-600
-701
-789
-877
-986
-1081
-1134
-1112
-1088
-1062
-1115
-1135
-1184
-1213
-1189
-1230
-1318
-1350
-1321
-1276
-1223
-1178
-1183
-1159
-1110
-1049
-967
-872
-827
-774
-752
-768
-763
-722
-651
-590
-552
-669
-722
-732
-718
-717
-826
-959
-1020
-1015
-939
-942
-947
-938
-862
-791
-746
-675
-574
-421
-278
-153
-112
-3
114
231
340
422
451
477
495
457
428
442
426
388
359
302
297
292
314
280
239
225
232
241
188
106
177
272
301
283
277
318
352
393
411
373
335
373
430
501
460
494
437
430
401
363
306
280
302
311
306
297
281
319
335
323
380
371
442
530
568
621
637
682
696
691
686
724
795
792
721
664
611
510
422
377
306
224
163
87
-66
-229
-362
-505
-668
-739
-815
-940
-1028
-1057
-1083
-1140
-1172
-1243
-1325
-1351
-1396
-1330
-1248
-1187
-1149
-1158
-1120
-1044
-987
-905
-780
-714
-613
-593
-625
-643
-752
-847
-869
-898
-922
-956
-1032
-1120
-1173
-1274
-1375
-1441
-1550
-1626
-1640
-1674
-1783
-1805
-1787
-1819
-1818
-1813
-1808
-1732
-1691
-1691
-1717
-1751
-1725
-1680
-1619
-1585
-1642
-1616
-1642
-1687
-1753
-1824
-1798
-1716
-1721
-1739
-1748
-1789
-1688
-1681
-1663
-1643
-1567
-1472
-1384
-1302
-1328
-1287
-1211
-1197
-1229
-1278
-1339
-1365
-1418
-1551
-1763
-1916
-2017
-2099
-2152
-2213
-2258
-2296
-2301
-2333
-2386
-2370
-2317
-2174
-2031
-1857
-1704
-1530
-1344
-1170
-944
-703
-560
-348
-174
-31
132
265
408
525
570
641
615
649
650
662
609
575
565
520
403
294
212
171
145
69
37
78
29
100
71
-5
19
57
152
240
311
393
481
526
512
557
586
615
703
715
753
769
814
896
906
880
896
876
854
813
775
804
849
910
932
910
869
863
781
693
632
618
589
560
489
364
221
133
24
-139
-256
-399
-552
-634
-627
-722
-767
-812
-796
-867
-992
-1155
-1184
-1162
-1109
-1048
-1028
-952
-899
-850
-812
-771
-714
-648
-616
-540
-569
-614
-663
-597
-552
-530
-525
-496
-516
-428
-438
-443
-475
-504
-433
-384
-346
-308
-299
-283
-285
-356
-376
-414
-394
-426
-475
-570
-619
-676
-690
-731
-807
-895
-907
-936
-989
-989
-1060
-1007
-969
-995
-966
-932
-879
-791
-725
-720
-708
-651
-594
-523
-549
-500
-391
-274
-173
-128
-75
-68
-97
-185
-261
-337
-349
-323
-411
-493
-525
-551
-498
-527
-553
-565
-603
-569
-516
-525
-543
-514
-482
-464
-448
-480
-385
-319
-258
-240
-249
-244
-228
-152
-114
-152
-153
-185
-201
-318
-375
-463
-497
-546
-628
-723
-794
-895
-1028
-1081
-1190
-1285
-1342
-1328
-1304
-1333
-1378
-1444
-1456
-1450
-1511
-1491
-1420
-1234
-1101
-1035
-990
-1047
-1035
-1009
-989
-1009
-952
-907
-898
-864
-835
-819
-731
-678
-704
-714
-680
-673
-711
-737
-746
-720
-659
-650
-679
-736
-765
-770
-887
-982
-1083
-1159
-1127
-1061
-1023
-1021
-1026
-931
-860
-765
-712
-683
-566
-490
-437
-408
-382
-265
-256
-247
-267
-251
-339
-348
-386
-404
-433
-415
-366
-317
-305
-293
-259
-210
-149
-154
-211
-140
-102
-111
-66
-40
-18
70
127
153
187
240
289
327
301
377
472
605
791
852
838
812
818
832
864
925
927
976
990
1039
1063
1069
1202
1278
1360
1303
1227
1170
1168
1182
1192
1104
1003
886
743
634
460
234
109
-24
-119
-293
-479
-622
-731
-802
-873
-897
-931
-893
-909
-877
-836
-754
-672
-623
-547
-452
-411
-350
-279
-208
-151
-75
-87
-99
-77
-72
-19
3
37
3
-122
-183
-217
-251
-277
-293
-298
-312
-357
-414
-463
-596
-653
-679
-761
-818
-884
-937
-949
-965
-1036
-1068
-1088
-1093
-1131
-1141
-1194
-1218
-1227
-1174
-1165
-1104
-1078
-977
-920
-867
-791
-709
-592
-475
-449
-475
-457
-314
-261
-212
-329
-541
-674
-791
-879
-1042
-1151
-1304
-1357
-1452
-1540
-1628
-1689
-1673
-1711
-1756
-1772
-1727
-1626
-1592
-1582
-1579
-1547
-1506
-1465
-1441
-1384
-1335
-1274
-1198
-1137
-1066
-978
-853
-765
-640
-614
-481
-380
-255
-154
-88
29
124
225
368
450
538
604
705
787
832
816
869
978
1066
1137
1186
1212
1214
1148
1066
949
904
880
831
819
843
884
972
962
896
870
804
824
736
710
657
655
660
615
639
586
602
614
667
749
844
889
882
870
841
780
833
862
865
906
982
1043
1114
1171
1266
1273
1220
1103
905
796
701
568
394
196
87
-125
-382
-623
-776
-988
-1387
-1661
-1847
-1948
-2036
-2118
-2152
-2126
-2038
-1956
-1874
-1836
-1693
-1540
-1342
-1144
-981
-905
-719
-576
-459
-342
-276
-175
-87
14
0
41
90
116
136
202
311
387
504
549
610
667
699
756
827
851
831
836
798
836
798
772
758
829
811
827
849
867
881
876
815
770
637
549
473
385
347
276
250
209
164
93
64
48
42
1
21
-5
-7
0
-16
-36
-34
-66
10
92
149
181
205
322
367
296
208
137
-26
-179
-274
-407
-456
-505
-658
-775
-863
-920
-969
-1035
-1059
-1010
-965
-970
-952
-981
-967
-958
-932
-879
-838
-899
-987
-1013
-1122
-1156
-1185
-1190
-1210
-1201
-1272
-1304
-1307
-1352
-1418
-1412
-1398
-1327
-1270
-1153
-1044
-968
-915
-870
-761
-666
-625
-554
-505
-404
-316
-275
-346
-489
-606
-677
-722
-734
-722
-651
-606
-557
-500
-326
-217
-168
-197
-177
-116
-15
3
69
135
244
289
265
212
136
107
75
53
102
14
17
-44
-30
52
3
6
-89
-160
-198
-307
-402
-527
-652
-747
-808
-909
-991
-1062
-1115
-1137
-1203
-1217
-1246
-1222
-1146
-1093
-1032
-937
-836
-748
-722
-700
-659
-647
-629
-597
-585
-571
-530
-537
-551
-557
-589
-560
-544
-610
-663
-692
-714
-730
-733
-815
-833
-807
-829
-839
-798
-732
-569
-426
-273
-164
-1
124
162
215
340
473
671
824
949
994
1018
1002
949
861
766
742
724
591
458
409
266
149
32
-56
-127
-228
-371
-472
-538
-540
-597
-668
-769
-878
-1003
-1104
-1157
-1218
-1275
-1324
-1406
-1447
-1459
-1465
-1443
-1449
-1450
-1511
-1572
-1582
-1541
-1570
-1594
-1665
-1766
-1827
-1936
-1945
-1990
-1985
-2030
-2083
-2236
-2250
-2311
-2335
-2376
-2367
-2335
-2349
-2292
-2301
-2287
-2305
-2293
-2252
-2195
-2094
-2082
-2056
-2044
-2097
-2071
-2014
-1948
-1922
-1873
-1802
-1639
-1496
-1343
-1314
-1248
-1139
-953
-741
-653
-510
-393
-311
-178
-61
92
209
275
363
416
400
368
342
241
67
-119
-345
-508
-625
-788
-1099
-1285
-1386
-1443
-1509
-1570
-1671
-1753
-1810
-1855
-1956
-2009
-2080
-2106
-2092
-2083
-2084
-1975
-1880
-1792
-1691
-1566
-1403
-1270
-1261
-1232
-1144
-1068
-980
-914
-848
-787
-678
-649
-600
-512
-424
-363
-302
-214
-132
-125
-126
-155
-196
-187
-155
-173
-230
-248
-258
-217
-191
-200
-147
-142
-183
-203
-223
-182
-125
-93
-94
-85
-61
-45
-67
-81
-72
-75
-157
-198
-157
-96
-35
74
112
183
254
342
399
385
419
435
568
693
818
879
1004
1113
1276
1305
1325
1330
1242
1171
1018
806
514
257
59
-272
-625
-837
-1023
-1197
-1350
-1416
-1533
-1604
-1594
-1512
-1430
-1396
-1405
-1414
-1412
-1386
-1529
-1545
-1557
-1606
-1651
-1685
-1734
-1800
-1834
-1856
-1897
-1897
-1915
-1968
-1977
-2018
-2075
-2099
-2181
-2175
-2257
-2269
-2243
-2227
-2145
-2121
-2064
-2015
-1991
-1938
-1933
-1907
-1898
-1872
-1838
-1777
-1818
-1889
-1971
-2096
-2259
-2412
-2537
-2582
-2648
-2765
-2847
-2896
-2945
-2945
-2942
-2913
-2901
-2877
-2801
-2668
-2543
-2494
-2406
-2289
-2207
-2162
-2061
-1973
-1848
-1760
-1746
-1693
-1627
-1570
-1504
-1463
-1451
-1475
-1446
-1446
-1385
-1284
-1167
-1024
-826
-701
-600
-505
-396
-253
-219
-225
-286
-331
-397
-492
-516
-582
-572
-648
-686
-712
-732
-770
-769
-753
-841
-834
-814
-826
-838
-864
-917
-897
-954
-974
-988
-1002
-1011
-1006
-965
-941
-896
-830
-742
-647
-594
-553
-508
-442
-381
-238
-121
32
195
328
366
375
322
284
275
275
261
249
220
95
-91
-303
-501
-699
-897
-1083
-1216
-1428
-1561
-1656
-1722
-1722
-1779
-1795
-1861
-1893
-2002
-1996
-1955
-1830
-1742
-1647
-1546
-1458
-1260
-1074
-965
-767
-604
-378
-180
-17
136
261
349
420
529
630
662
728
750
745
713
637
561
473
402
293
240
242
262
371
432
508
470
213
-13
-211
-468
-666
-829
-946
-1047
-1221
-1354
-1471
-1596
-1739
-1902
-1990
-2099
-2187
-2275
-2320
-2396
-2416
-2425
-2451
-2496
-2541
-2475
-2457
-2443
-2372
-2277
-2168
-2174
-2250
-2245
-2306
-2372
-2454
-2555
-2688
-2805
-2922
-3065
-3208
-3394
-3592
-3717
-3850
-3916
-3914
-3975
-3922
-3865
-3783
-3674
-3603
-3532
-3471
-3338
-3175
-3050
-2876
-2733
-2535
-2372
-2277
-2114
-2019
-1845
-1728
-1652
-1557
-1414
-1228
-1111
-986
-823
-680
-609
-508
-447
-346
-183
-112
-51
44
97
179
365
551
825
1037
1154
1352
1469
1545
1670
1844
2042
2137
2219
2216
2206
2180
2148
2150
2138
2172
2162
2067
1942
1833
1716
1553
1379
1167
875
564
165
-288
-713
-1088
-1513
-1824
-2065
-2306
-2598
-2784
-2996
-3057
-3145
-3202
-3200
-3075
-2987
-2801
-2684
-2589
-2415
-2203
-1977
-1751
-1588
-1445
-1374
-1321
-1255
-1081
-807
-533
-530
-673
-836
-979
-1122
-1275
-1392
-1566
-1691
-1748
-1824
-1957
-2074
-2175
-2224
-2246
-2303
-2360
-2455
-2481
-2530
-2525
-2537
-2557
-2567
-2560
-2592
-2558
-2470
-2394
-2261
-2160
-2017
-1908
-1799
-1802
-1807
-1932
-2095
-2115
-2216
-2333
-2545
-2731
-3005
-3358
-3669
-4044
-4419
-4693
-4919
-5072
-5125
-5234
-5193
-5105
-5017
-4874
-4741
-4684
-4583
-4545
-4457
-4348
-4277
-4206
-4124
-4067
-4038
-4026
-4000
-3966
-3895
-3866
-3800
-3724
-3550
-3484
-3435
-3430
-3396
-3330
-3264
-3176
-3059
-2873
-2687
-2599
-2523
-2422
-2346
-2305
-2276
-2290
-2268
-2159
-2150
-2157
-2162
-2250
-2424
-2549
-2712
-2829
-3015
-3241
-3384
-3455
-3493
-3575
-3607
-3612
-3571
-3462
-3386
-3269
-3116
-3015
-2841
-2724
-2629
-2486
-2288
-2076
-1745
-1392
-993
-511
-136
217
509
801
1154
1465
1706
1892
1963
2096
2294
2468
2621
2746
2822
2796
2679
2453
2279
2116
2034
1981
1856
1723
1590
1427
1215
1062
929
834
733
688
679
641
640
701
711
689
701
696
753
896
1137
1378
1604
1878
2189
2481
2707
2870
3111
3285
3418
3535
3668
3880
3962
4023
4105
4171
4288
4376
4364
4211
4110
4057
4058
4092
4104
4055
4055
3938
3764
3433
3080
2727
2396
2122
1848
1650
1497
1440
1411
1408
1434
1363
1310
1296
1278
1292
1304
1365
1460
1536
1502
1502
1540
1539
1513
1489
1428
1311
1229
1086
1020
938
889
832
831
805
843
976
1129
1292
1316
1240
1152
1186
1085
1003
840
779
697
602
485
342
217
19
-179
-420
-677
-820
-915
-1040
-1106
-1215
-1256
-1373
-1526
-1700
-1941
-2127
-2203
-2179
-2217
-2151
-2113
-2037
-1955
-1873
-1687
-1489
-1277
-1079
-905
-719
-631
-578
-521
-433
-324
-50
242
534
732
833
855
867
879
940
978
1027
1122
1275
1304
1392
1387
1316
1191
1125
1016
928
894
932
900
929
1005
1058
1129
1186
1227
1249
1227
1227
1288
1312
1278
1202
1205
1198
1201
1163
1134
1122
1210
1239
1292
1341
1332
1327
1339
1334
1344
1303
1352
1485
1561
1694
1827
1880
1792
1760
1672
1590
1524
1490
1402
1307
1269
1240
1152
1095
1066
1034
985
936
875
780
679
578
453
300
137
-37
-211
-344
-487
-588
-741
-915
-1156
-1397
-1750
-2042
-2268
-2454
-2695
-2921
-3162
-3315
-3403
-3474
-3506
-3607
-3645
-3579
-3513
-3360
-3174
-2962
-2764
-2703
-2708
-2809
-2952
-2947
-2979
-3017
-3012
-3129
-3246
-3347
-3472
-3573
-3698
-3851
-3976
-4025
-4142
-4128
-4119
-4078
-4012
-3911
-3829
-3780
-3647
-3538
-3456
-3380
-3335
-3313
-3281
-3247
-3146
-2960
-2807
-2609
-2368
-2057
-1765
-1434
-1160
-903
-646
-405
-131
126
312
445
554
707
824
957
1039
1115
1197
1279
1404
1475
3444
14125
14914
14401
14002
13839
13798
13855
13964
14190
14501
14900
15445
16062
16288
15977
15321
14776
14263
13683
13138
12685
12232
11833
11480
11105
10752
10421
10129
9872
9615
9374
9308
9191
9017
8831
8633
8435
8249
8124
7971
7808
7699
7536
7383
7126
6900
6643
6490
6278
5967
5614
5239
4786
4433
4034
3609
3210
2857
2546
2289
1978
1766
1641
1498
1427
1398
1345
1336
1235
1159
1106
1011
1077
1159
1292
1349
1458
1644
1842
2068
2201
2399
2524
2625
2799
2875
2913
2966
2995
3009
2971
2905
2823
2714
2589
2464
2238
1997
1785
1528
1254
943
686
445
204
-70
-311
-509
-662
-836
-1022
-1147
-1345
-1454
-1520
-1577
-1648
-1743
-1777
-1739
-1715
-1689
-1701
-1652
-1623
-1574
-1473
-1511
-1462
-1386
-1325
-1305
-1223
-1106
-1057
-883
-740
-645
-544
-449
-296
-55
157
369
581
682
845
916
957
995
1036
998
960
872
819
795
742
689
601
560
536
479
434
468
509
597
698
793
854
1052
1309
1583
1875
2167
2542
3055
3537
3990
4133
4038
4040
4128
4261
4424
4610
4784
4970
5123
5218
5381
5447
5488
5570
5623
5578
5581
5581
5543
5514
5517
5546
5551
5490
5464
5493
5511
5572
5625
5631
5586
5533
5527
5474
5421
5333
5251
5185
5068
4959
4826
4709
4576
4481
4415
4229
4141
4016
3915
3820
3667
3558
3449
3400
3299
3233
3145
3036
2983
2965
2856
2795
2757
2704
2651
2645
2621
2622
2556
2507
2374
2231
2106
2035
1872
1801
1744
1687
1599
1456
1199
925
699
425
227
15
-242
-454
-628
-814
-947
-1100
-1225
-1326
-1435
-1588
-1676
-1721
-1750
-1738
-1758
-1803
-1797
-1809
-1764
-1719
-1681
-1636
-1591
-1509
-1421
-1333
-1284
-1196
-1101
-1013
-964
-915
-854
-783
-761
-708
-784
-841
-917
-993
-1050
-1145
-1202
-1251
-1352
-1469
-1545
-1583
-1595
-1656
-1738
-1855
-1980
-2081
-2190
-2323
-2486
-2611
-2687
-2703
-2735
-2745
-2738
-2735
-2686
-2645
-2563
-2492
-2391
-2320
-2203
-2121
-2045
-1957
-1891
-1825
-1759
-1739
-1725
-1668
-1607
-1602
-1573
-1520
-1403
-1250
-1149
-1078
-1012
-967
-901
-887
-855
-794
-814
-859
-935
-996
-1067
-1101
-1121
-1203
-1304
-1413
-1546
-1641
-1723
-1818
-1919
-2036
-2131
-2219
-2199
-2133
-2067
-1979
-1878
-1777
-1660
-1507
-1364
-1190
-1065
-932
-799
-674
-500
-391
-274
-165
-108
-63
-69
-51
2
40
52
14
34
-23
-57
-83
-71
-80
-118
-147
-156
-209
-334
-429
-486
-543
-631
-692
-866
-1029
-1111
-1244
-1387
-1550
-1667
-1724
-1785
-1861
-1962
-2105
-2258
-2353
-2506
-2631
-2676
-2729
-2778
-2844
-2939
-2996
-3008
-3022
-3046
-3117
-3133
-3194
-3162
-3121
-3121
-3135
-3155
-3133
-3165
-3247
-3323
-3341
-3365
-3418
-3452
-3518
-3571
-3589
-3540
-3597
-3658
-3703
-3703
-3687
-3634
-3643
-3586
-3537
-3461
-3379
-3322
-3240
-3164
-3063
-2975
-2904
-2822
-2817
-2883
-2903
-2969
-2970
-2994
-2985
-2947
-2959
-2973
-3049
-3106
-3177
-3320
-3463
-3564
-3659
-3716
-3798
-3984
-4079
-4161
-4175
-4195
-4205
-4227
-4193
-4187
-4253
-4335
-4417
-4505
-4562
-4715
-4753
-4700
-4612
-4536
-4475
-4322
-4189
-4036
-3935
-3782
-3711
-3629
-3504
-3361
-3290
-3245
-3259
-3225
-3130
-3069
-3031
-3028
-3099
-3017
-2960
-2907
-2885
-2905
-2950
-2960
-2950
-3011
-3077
-3134
-3287
-3430
-3656
-3913
-4205
-4446
-4658
-4832
-4995
-5138
-5204
-5313
-5358
-5332
-4752
-4599
-4542
-4533
-4562
-4517
-4493
-4444
-4478
-4458
-4440
-4418
-4380
-4346
-4264
-4182
-4141
-4132
-4075
-3950
-3797
-3611
-3478
-3377
-3343
-3277
-3176
-3067
-2966
-2944
-2862
-2801
-2806
-2777
-2859
-2935
-3068
-3242
-3405
-3591
-3765
-3836
-3907
-3929
-3911
-3982
-3944
-3878
-3735
-3610
-3572
-3398
-3310
-3201
-3027
-2951
-2818
-2701
-2600
-2518
-2423
-2280
-2137
-2028
-1952
-1886
-1837
-1742
-1589
-1480
-1379
-1270
-1161
-1044
-978
-869
-671
-473
-340
-215
-224
-269
-301
-301
-402
-503
-585
-667
-853
-986
-1198
-1331
-1494
-1668
-1769
-1886
-2003
-2029
-2005
-1960
-1859
-1845
-1867
-1864
-1848
-1936
-1977
-1995
-2083
-2165
-2328
-2340
-2291
-2182
-1996
-1770
-1544
-1332
-1134
-936
-783
-650
-541
-500
-451
-465
-560
-677
-830
-1004
-1105
-1248
-1411
-1499
-1548
-1547
-1588
-1622
-1590
-1529
-1507
-1513
-1533
-1528
-1490
-1452
-1513
-1601
-1630
-1648
-1654
-1692
-1676
-1752
-1847
-1837
-1898
-1907
-1902
-1831
-1841
-1846
-1764
-1796
-1767
-1849
-1920
-1891
-1830
-1773
-1685
-1684
-1729
-1705
-1676
-1627
-1589
-1601
-1589
-1536
-1441
-1288
-1247
-1186
-1174
-1133
-1099
-1187
-1182
-1019
-807
-690
-645
-711
-764
-859
-1002
-1243
-1574
-1885
-2196
-2527
-2784
-3058
-3299
-3573
-3884
-4158
-4384
-4596
-4739
-4892
-4926
-4914
-4848
-4695
-4638
-4629
-4595
-4519
-4345
-4034
-3742
-3516
-3391
-3099
-2825
-2551
-2339
-2206
-2043
-1869
-1716
-1650
-1609
-1500
-1314
-1181
-1128
-1096
-1095
-1144
-1178
-1219
-1276
-1317
-1378
-1454
-1499
-1587
-1704
-1890
-2043
-2176
-2301
-2410
-2511
-2527
-2537
-2619
-2641
-2508
-2345
-2236
-2160
-2072
-1963
-1846
-1660
-1527
-1474
-1496
-1425
-1300
-1114
-916
-718
-652
-411
-213
28
161
270
352
461
562
623
657
714
752
750
838
963
1058
1119
1176
1225
1342
1451
1552
1543
1686
1849
1898
1853
1736
1479
1126
869
577
224
-201
-554
-740
-835
-960
-1055
-1041
-992
-867
-758
-663
-538
-509
-493
-538
-562
-542
-526
-500
-482
-450
-341
-224
-99
-50
45
106
177
253
329
386
325
330
356
342
340
503
612
737
778
887
1020
1069
1114
1257
1455
1618
1844
3485
4065
4251
4477
4830
5229
5774
6287
6186
5787
5388
5131
4905
4693
4507
4364
4239
4053
3952
3891
3957
3991
3953
3965
3991
4092
4201
4258
4296
4293
4364
4446
4437
4435
4430
4512
4463
4483
4488
4468
4444
4482
4494
4474
4477
4420
4545
4698
4851
5125
5436
5710
5908
6149
6215
6340
6465
6582
6643
6665
6651
6849
7274
7417
7403
7286
10482
12123
11641
11188
10896
10801
10815
10766
10811
10954
11087
11169
11322
11417
11591
11817
12043
12104
12145
12171
12189
12234
12258
12299
12211
12078
12062
12001
11925
11816
11683
11471
11273
11156
11013
10801
10638
10381
10050
9719
9427
9135
8824
8550
8338
8140
7942
7730
7473
7216
6905
6552
6241
5910
5579
5204
4829
4454
4162
3888
3614
3189
2764
2339
1886
1433
1080
868
751
735
741
823
976
1129
1158
1291
1477
1769
2168
2593
3018
3310
2935
2193
1768
1582
1631
1651
1617
1541
1355
1181
1072
1011
970
817
674
598
607
633
557
623
821
964
1021
980
919
843
718
575
458
305
142
17
-108
-241
-366
-499
-616
-682
-694
-685
-656
-611
-620
-646
-589
-513
-412
-295
-246
-220
-211
-204
-172
-134
-154
-132
-156
-150
-168
-184
-191
-134
-46
7
5
27
68
129
174
186
185
185
128
119
87
65
36
22
-16
-42
-195
-304
-326
-443
-552
-726
-802
-836
-877
-972
-1125
-1242
-1428
-1561
-1759
-1957
-2198
-2424
-2610
-2676
-2698
-2680
-2660
-2615
-2625
-2611
-2587
-2454
-2256
-2082
-1949
-1824
-1681
-1548
-1362
-1267
-1226
-1255
-1261
-1252
-1293
-1388
-1454
-1495
-1524
-1595
-1661
-1749
-1825
-1819
-1872
-1917
-1970
-1990
-2035
-2092
-2153
-2262
-2395
-2490
-2615
-2748
-2865
-2931
-2937
-2892
-2791
-2730
-2659
-2614
-2680
-2729
-2838
-2971
-3134
-3297
-3450
-3613
-3746
-3899
-4042
-4167
-4224
-4290
-4343
-4317
-4316
-4354
-4372
-4369
-4383
-4301
-4248
-4139
-4057
-3948
-3823
-3706
-3605
-3523
-3447
-3473
-3432
-3375
-3375
-3304
-3247
-3159
-3114
-3048
-2939
-2905
-2867
-2899
-2883
-2932
-2918
-2984
-3016
-3133
-3138
-3122
-3096
-3106
-3082
-3081
-3086
-3152
-3205
-3231
-3245
-3254
-3274
-3383
-3526
-3635
-3676
-3793
-3910
-4005
-4066
-4075
-4085
-4063
-4120
-4054
-4038
-3972
-3896
-3874
-3813
-3725
-3643
-3555
-3454
-3366
-3284
-3159
-3139
-3082
-3025
-2892
-2835
-2782
-2737
-2666
-2600
-2555
-2454
-2444
-2438
-2447
-2365
-2336
-2298
-2347
-2418
-2494
-2506
-2445
-2357
-2214
-2089
-2023
-2007
-2041
-1953
-1800
-1778
-1895
-2081
-2234
-2377
-2530
-2673
-2761
-2814
-2813
-2725
-2751
-2650
-2584
-2531
-2465
-2443
-2500
-2609
-2734
-2829
-2972
-2974
-2929
-2776
-2550
-2352
-2243
-2231
-2213
-2227
-2189
-2132
-2098
-2032
-1937
-1849
-1796
-1747
-1731
-1686
-1652
-1607
-1566
-1568
-1497
-1448
-1474
-1483
-1445
-1392
-1370
-1446
-1447
-1421
-1395
-1357
-1300
-1314
-1312
-1326
-1250
-1189
-1238
-1267
-1269
-1266
-1275
-1309
-1321
-1345
-1274
-1221
-1187
-1165
-1155
-1196
-1208
-1269
-1266
-1209
-1092
-1043
-926
-916
-904
-901
-1044
-1230
-1487
-1761
-2072
-2329
-2640
-2914
-3126
-3259
-3335
-3417
-3408
-3376
-3310
-3244
-3162
-3184
-3155
-3145
-3157
-3183
-3284
-3393
-3438
-3432
-3426
-3435
-3511
-3473
-3449
-3373
-3324
-3275
-3209
-3143
-3086
-3041
-3003
-2950
-2912
-2903
-2869
-2857
-2791
-2794
-2699
-2679
-2663
-2610
-2590
-2495
-2442
-2416
-2367
-2214
-2051
-1934
-1863
-1762
-1709
-1747
-1800
-1871
-1932
-1970
-2031
-2072
-2125
-2170
-2176
-2094
-1941
-1788
-1759
-1698
-1672
-1619
-1581
-1543
-1490
-1456
-1403
-1397
-1398
-1378
-1307
-1182
-1029
-886
-712
-559
-318
-120
66
199
281
326
364
307
190
114
57
-52
-169
-286
-411
-574
-760
-946
-1158
-1311
-1497
-1683
-1940
-2166
-2319
-2472
-2538
-2591
-2692
-2835
-2923
-3011
-3093
-3142
-3135
-3141
-3165
-3136
-3054
-3001
-2913
-2825
-2807
-2746
-2675
-2599
-2490
-2381
-2369
-2324
-2283
-2150
-2128
-2083
-2038
-2016
-1928
-1908
-1867
-1896
-1847
-1838
-1806
-1740
-1754
-1713
-1719
-1695
-1715
-1681
-1663
-1510
-1347
-1276
-1238
-1218
-1093
-998
-903
-837
-819
-785
-791
-823
-785
-782
-787
-692
-559
-458
-333
-251
-273
-291
-416
-511
-577
-665
-828
-1026
-1267
-1508
-1782
-1994
-2235
-2461
-2614
-2767
-2900
-3033
-3104
-3124
-3108
-3105
-3098
-3118
-3092
-3047
-2952
-2851
-2794
-2733
-2662
-2596
-2551
-2545
-2496
-2480
-2464
-2463
-2469
-2440
-2466
-2425
-2411
-2487
-2465
-2451
-2398
-2372
-2421
-2439
-2430
-2377
-2353
-2324
-2267
-2179
-2054
-1966
-1909
-1900
-1888
-1882
-1872
-1850
-1862
-1833
-1862
-1915
-1922
-1931
-1830
-1644
-1501
-1440
-1438
-1439
-1441
-1419
-1381
-1403
-1479
-1493
-1498
-1623
-1599
-1542
-1399
-1225
-999
-825
-724
-591
-557
-591
-679
-736
-837
-903
-952
-1018
-1052
-1123
-1094
-1070
-1048
-1003
-942
-876
-788
-706
-624
-523
-447
-322
-261
-314
-396
-462
-471
-461
-522
-554
-536
-558
-599
-694
-795
-852
-893
-898
-914
-909
-911
-927
-928
-926
-894
-860
-811
-766
-759
-791
-803
-815
-795
-792
-783
-751
-717
-656
-547
-573
-555
-479
-408
-347
-302
-245
-163
-81
-63
-47
-6
-4
-28
-44
-105
-48
85
238
412
529
561
573
690
704
722
788
754
709
671
683
697
822
965
1060
1193
1302
1359
1375
1326
1231
1130
1013
925
782
541
300
8
-303
-577
-803
-1015
-1213
-1322
-1417
-1470
-1541
-1573
-1597
-1598
-1532
-1532
-1527
-1526
-1548
-1526
-1524
-1517
-1493
-1502
-1473
-1471
-1497
-1509
-1535
-1530
-1575
-1601
-1630
-1632
-1638
-1614
-1659
-1630
-1631
-1605
-1619
-1657
-1706
-1700
-1698
-1769
-1763
-1845
-1898
-1955
-2016
-2069
-2145
-2177
-2218
-2267
-2349
-2450
-2551
-2668
-2756
-2788
-2841
-2890
-2931
-2984
-3050
-3074
-3088
-3104
-3124
-3267
-3410
-3511
-3654
-3797
-3906
-3947
-3898
-3765
-3648
-3474
-3321
-3188
-3045
-3031
-2965
-2972
-3021
-2997
-3013
-3013
-3001
-2956
-2947
-2933
-2862
-2844
-2820
-2725
-2643
-2567
-2557
-2496
-2408
-2313
-2242
-2154
-2105
-2034
-2002
-2012
-1959
-2000
-1997
-1959
-1933
-1942
-1952
-1986
-2015
-1999
-1938
-1856
-1768
-1727
-1718
-1742
-1701
-1672
-1631
-1536
-1475
-1387
-1316
-1240
-1123
-1091
-1136
-1070
-1050
-1012
-990
-983
-971
-945
-884
-767
-685
-640
-507
-344
-227
-41
122
320
473
530
568
650
732
857
1031
1084
1104
1075
950
817
716
640
611
554
453
328
154
145
240
335
460
569
678
803
1044
1256
1468
1742
1983
2146
2320
2344
2310
2249
2192
2083
1974
1879
1808
1665
1522
1348
1136
924
726
452
309
111
-22
-110
-198
-227
-322
-379
-450
-412
-398
-443
-461
-470
-436
-431
-443
-409
-411
-393
-381
-395
-354
-345
-269
-224
-212
-155
-135
-97
-68
-102
-26
-23
22
67
112
78
62
36
58
20
8
15
53
162
228
299
352
374
392
463
456
395
375
353
337
184
59
43
100
243
441
566
764
907
887
799
636
450
264
7
-285
-616
-927
-1153
-1316
-1514
-1726
-1889
-2052
-2147
-2256
-2294
-2323
-2352
-2372
-2394
-2400
-2378
-2362
-2344
-2318
-2327
-2286
-2284
-2279
-2234
-2210
-2226
-2181
-2132
-2137
-2115
-2122
-2104
-2028
-1994
-1968
-1948
-1907
-1858
-1844
-1795
-1742
-1728
-1683
-1607
-1589
-1548
-1466
-1341
-1253
-1187
-1086
-1033
-932
-866
-800
-805
-803
-737
-636
-575
-499
-470
-409
-352
-243
-148
-23
72
189
215
144
83
26
-19
-29
-154
-242
-308
-353
-478
-595
-712
-800
-925
-1034
-1177
-1403
-1528
-1604
-1607
-1695
-1704
-1775
-1851
-1860
-1955
-2098
-2136
-2102
-2026
-1938
-1821
-1696
-1543
-1331
-1057
-816
-485
-154
245
576
907
1164
1362
1515
1586
1652
1686
1762
1807
1773
1707
1619
1502
1377
1301
1176
1123
1074
979
897
821
668
607
578
521
445
379
363
420
444
449
433
430
483
540
593
617
658
659
691
729
770
756
766
746
637
528
467
505
539
610
676
758
853
996
1053
1029
1029
1005
1011
985
987
961
939
945
916
948
1043
1176
1468
1760
2071
2446
2799
3040
3074
2979
2930
2908
2882
2794
2651
2550
2489
2471
2453
2424
2363
2331
2265
2227
2161
2149
2127
2139
2138
2150
2121
2064
2032
1994
1899
1846
1785
1724
1629
1541
1446
1424
1329
1247
1194
1123
1099
1028
940
887
792
721
672
652
705
714
713
770
811
837
913
942
971
1009
993
932
734
548
350
207
-5
-179
-420
-583
-716
-782
-899
-981
-1090
-1139
-1168
-1165
-1187
-1165
-1151
-1117
-1099
-1070
-1075
-1030
-996
-1002
-990
-981
-924
-906
-872
-906
-901
-856
-818
-796
-803
-789
-751
-713
-725
-749
-831
-892
-937
-994
-1018
-1012
-946
-889
-848
-834
-858
-842
-860
-884
-937
-1025
-1057
-1039
-1019
-997
-956
-944
-906
-865
-839
-798
-697
-564
-469
-326
-152
-19
114
196
297
335
330
296
179
153
58
46
-11
-99
-170
-265
-326
-469
-578
-679
-720
-694
-551
-325
-139
14
200
511
803
1095
1307
1408
1517
1562
1542
1454
1337
1204
1079
970
888
800
747
659
602
501
425
349
325
301
269
224
204
186
137
42
-40
-72
-98
-120
-158
-219
-301
-350
-411
-429
-490
-514
-563
-634
-683
-778
-849
-850
-793
-811
-801
-813
-827
-798
-764
-782
-796
-764
-711
-727
-698
-686
-645
-520
-387
-299
-217
-129
-34
37
39
71
124
195
240
285
301
275
187
34
-129
-246
-399
-508
-641
-784
-927
-1090
-1215
-1358
-1424
-1477
-1515
-1481
-1452
-1370
-1282
-1237
-1219
-1195
-1129
-943
-818
-655
-567
-466
-349
-224
17
274
515
807
1048
1201
1387
1496
1591
1662
1663
1645
1647
1637
1571
1510
1478
1402
1314
1238
1121
1045
974
886
761
660
572
477
416
355
279
218
152
107
66
40
-9
-14
-63
-92
-133
-186
-224
-273
-299
-352
-409
-454
-454
-474
-512
-512
-528
-577
-643
-672
-690
-695
-690
-756
-857
-923
-1005
-1006
-1000
-943
-898
-816
-767
-733
-767
-789
-763
-718
-636
-598
-553
-563
-497
-440
-387
-330
-269
-220
-179
-145
-121
-147
-169
-175
-236
-297
-302
-286
-241
-192
-174
-256
-357
-398
-289
-188
-55
70
256
399
597
854
1017
1243
1484
1637
1835
1988
2026
2029
1934
1693
1401
1026
651
298
-55
-296
-522
-763
-975
-1173
-1326
-1459
-1568
-1685
-1761
-1862
-1896
-1897
-1913
-1922
-1920
-1867
-1785
-1719
-1610
-1528
-1446
-1329
-1263
-1239
-1168
-1086
-1041
-988
-1012
-983
-971
-910
-861
-866
-842
-804
-784
-746
-758
-772
-829
-800
-755
-808
-817
-700
-583
-501
-479
-434
-317
-143
149
423
664
862
1103
1191
1286
1308
1207
1064
901
727
541
343
248
187
146
64
-37
-98
-159
-208
-242
-299
-315
-331
-402
-436
-545
-569
-564
-590
-581
-638
-616
-615
-533
-472
-355
-246
-60
93
202
303
344
415
510
555
569
574
572
610
676
721
707
768
911
1168
1409
1701
1942
2128
2281
2406
2432
2426
2373
2278
2115
1990
1847
1873
2071
2026
1909
1871
2045
2257
2295
2142
1968
1902
1853
1859
1881
1855
1810
1722
1656
1640
1614
1582
1544
1506
1457
1404
1359
1314
1238
1185
1124
1029
928
857
786
737
680
656
646
662
663
653
615
595
588
583
621
655
675
693
688
697
675
661
600
562
557
577
606
677
748
743
761
870
987
1021
1070
1127
1193
1294
1318
1334
1379
1424
1490
1512
1526
1552
1653
1719
1772
1754
1774
1850
1945
2040
2049
2090
2161
2199
2193
2215
2310
2392
2474
2550
2607
2660
2777
2872
2960
3048
3119
3207
3260
3294
3218
3117
3137
3157
3210
3181
3072
2939
2753
2600
2269
1816
1505
1213
860
507
108
-345
-744
-1055
-1267
-1301
-1279
-1105
-893
-719
-556
-344
-132
21
174
283
295
340
299
223
106
24
-85
-142
-224
-285
-386
-418
-411
-437
-471
-500
-557
-577
-653
-754
-820
-896
-901
-925
-974
-1040
-1173
-1234
-1279
-1367
-1492
-1558
-1611
-1668
-1750
-1832
-1881
-1910
-1881
-1884
-1879
-1845
-1833
-1801
-1756
-1801
-1934
-1995
-2024
-1983
-1907
-1836
-1748
-1719
-1653
-1682
-1743
-1769
-1770
-1823
-1832
-1820
-1804
-1738
-1728
-1723
-1721
-1703
-1712
-1712
-1744
-1839
-1934
-1979
-2008
-2018
-2094
-2065
-2036
-1954
-1905
-1856
-1827
-1739
-1657
-1631
-1692
-1704
-1663
-1602
-1485
-1342
-1233
-1132
-989
-923
-806
-620
-408
-222
-10
115
232
385
480
529
509
460
426
414
385
314
161
18
-99
-232
-406
-604
-790
-907
-1050
-1151
-1294
-1343
-1409
-1438
-1483
-1540
-1601
-1650
-1626
-1650
-1699
-1756
-1822
-1910
-2011
-2120
-2144
-2068
-2015
-1954
-1940
-1914
-1869
-1853
-1808
-1737
-1728
-1667
-1643
-1567
-1541
-1475
-1366
-1290
-1214
-1153
-1121
-1060
-951
-902
-853
-859
-854
-851
-896
-896
-914
-880
-804
-661
-528
-502
-453
-451
-431
-445
-431
-472
-467
-501
-521
-616
-704
-730
-744
-718
-794
-855
-921
-1016
-1054
-1130
-1218
-1259
-1235
-1186
-1212
-1234
-1329
-1430
-1573
-1706
-1815
-1872
-1777
-1614
-1561
-1460
-1359
-1185
-987
-775
-483
-130
144
418
659
845
978
1121
1254
1349
1378
1358
1324
1290
1214
1143
1010
928
827
739
663
597
531
465
389
301
192
97
26
-45
-106
-194
-282
-331
-365
-453
-529
-638
-733
-821
-946
-1034
-1129
-1211
-1264
-1267
-1291
-1259
-1247
-1202
-1168
-1127
-1113
-1099
-1033
-962
-896
-858
-801
-775
-772
-711
-658
-515
-317
-91
166
329
492
666
791
807
754
659
516
391
179
36
-238
-381
-567
-753
-939
-1137
-1225
-1307
-1321
-1324
-1342
-1366
-1365
-1406
-1477
-1543
-1584
-1604
-1601
-1611
-1640
-1656
-1650
-1579
-1550
-1543
-1527
-1489
-1463
-1422
-1396
-1325
-1224
-1148
-1099
-1050
-1009
-927
-845
-763
-706
-665
-594
-568
-515
-501
-444
-395
-319
-266
-234
-239
-244
-228
-246
-247
-273
-228
-196
-191
-191
-217
-176
-100
-39
22
42
91
179
261
302
322
375
420
427
503
532
598
664
713
745
806
844
905
934
943
1004
1053
1141
1212
1265
1289
1257
1124
961
844
681
469
352
199
56
-142
-383
-714
-1025
-1266
-1399
-1415
-1349
-1339
-1230
-1067
-841
-530
-177
134
360
477
495
471
405
317
164
-34
-220
-337
-425
-550
-675
-800
-917
-1012
-1107
-1168
-1213
-1231
-1245
-1290
-1366
-1411
-1427
-1465
-1522
-1571
-1569
-1607
-1627
-1684
-1698
-1693
-1677
-1706
-1740
-1778
-1860
-1872
-1848
-1880
-1864
-1826
-1788
-1759
-1725
-1718
-1673
-1620
-1544
-1518
-1469
-1420
-1338
-1293
-1267
-1264
-1259
-1239
-1240
-1264
-1305
-1319
-1331
-1328
-1321
-1330
-1352
-1357
-1386
-1457
-1558
-1667
-1792
-1880
-1968
-2050
-2145
-2262
-2344
-2410
-2481
-2510
-2461
-2390
-2308
-2259
-2230
-2201
-2172
-2111
-2095
-2069
-2091
-2082
-2087
-2075
-2051
-2022
-2000
-1955
-1929
-1891
-1830
-1735
-1634
-1581
-1536
-1516
-1467
-1418
-1361
-1300
-1262
-1161
-1060
-943
-848
-791
-738
-700
-655
-614
-573
-502
-407
-319
-270
-248
-222
-193
-193
-190
-197
-188
-93
-5
83
154
195
229
258
287
313
314
352
413
462
494
551
612
707
760
855
908
901
923
972
1006
1026
1025
1030
973
872
763
600
343
131
-22
-83
-77
-32
-108
-251
-437
-663
-861
-970
-938
-813
-601
-375
-189
-36
221
596
1021
1420
1694
1880
1937
1925
1843
1734
1581
1395
1242
1068
827
601
360
174
21
-142
-267
-343
-388
-412
-417
-441
-447
-463
-449
-440
-418
-392
-358
-332
-308
-292
-295
-307
-278
-244
-253
-282
-343
-372
-343
-282
-237
-232
-218
-157
-100
-12
26
67
85
99
123
180
212
194
137
28
-60
-109
-125
-120
-142
-164
-225
-263
-289
-360
-455
-543
-592
-602
-673
-774
-845
-902
-940
-997
-1073
-1122
-1127
-1122
-1120
-1165
-1185
-1197
-1192
-1197
-1179
-1161
-1152
-1145
-1154
-1168
-1174
-1152
-1107
-1054
-1001
-977
-945
-900
-866
-813
-789
-760
-742
-716
-721
-739
-753
-731
-715
-717
-717
-733
-728
-716
-719
-719
-726
-685
-632
-583
-534
-516
-494
-465
-447
-463
-489
-486
-457
-419
-390
-406
-447
-485
-519
-531
-522
-496
-447
-418
-400
-382
-333
-357
-410
-486
-581
-634
-820
-1173
-1548
-1879
-2065
-2141
-2096
-1987
-1834
-1648
-1436
-1250
-1009
-698
-345
30
429
804
1115
1356
1568
1731
1884
1979
2024
2073
2102
2120
2123
2091
2042
1993
1940
1883
1822
1740
1645
1536
1411
1248
1131
1022
934
809
676
581
499
458
405
317
246
185
119
37
-51
-168
-239
-296
-353
-410
-410
-384
-350
-370
-402
-405
-389
-418
-394
-333
-267
-201
-169
-176
-190
-192
-195
-154
-78
39
164
297
471
669
802
884
889
855
798
689
564
431
298
165
12
-141
-294
-427
-528
-610
-705
-762
-765
-733
-704
-692
-716
-707
-700
-671
-657
-628
-575
-514
-453
-400
-329
-268
-202
-141
-92
-95
-83
-45
26
79
161
243
309
391
420
425
427
436
497
538
579
661
743
825
896
922
940
964
1009
1066
1095
1104
1142
1230
1283
1283
1278
1323
1352
1390
1384
1318
1273
1232
1187
1099
998
903
887
792
618
361
-14
-439
-770
-1062
-1225
-1254
-1193
-1068
-915
-741
-543
-317
-6
325
636
910
1136
1310
1419
1468
1492
1489
1480
1409
1292
1129
955
792
649
506
389
307
241
165
112
11
-60
-142
-195
-256
-351
-433
-534
-610
-639
-677
-699
-698
-712
-724
-753
-782
-827
-880
-929
-986
-1047
-1085
-1123
-1199
-1281
-1357
-1410
-1448
-1426
-1452
-1478
-1492
-1443
-1423
-1399
-1392
-1398
-1418
-1440
-1435
-1429
-1363
-1268
-1151
-1094
-1006
-843
-690
-449
-237
-11
215
389
514
590
599
550
505
429
296
122
-31
-148
-281
-390
-499
-632
-765
-818
-875
-932
-977
-987
-978
-940
-928
-923
-923
-905
-867
-849
-804
-766
-728
-687
-642
-660
-615
-574
-540
-502
-470
-460
-440
-402
-364
-332
-271
-233
-217
-241
-265
-281
-255
-179
-103
-37
-59
-41
-29
-15
-29
-78
-98
-155
-189
-201
-217
-205
-167
-167
-141
-123
-176
-277
-365
-403
-398
-322
-284
-264
-155
-102
-14
111
254
407
516
625
654
725
725
680
598
481
328
116
-96
-337
-594
-868
-1109
-1383
-1640
-1852
-2005
-2087
-2148
-2170
-2150
-2126
-2069
-2035
-2017
-1997
-1940
-1852
-1786
-1710
-1634
-1517
-1374
-1257
-1124
-999
-882
-749
-624
-515
-449
-408
-374
-333
-342
-380
-396
-401
-398
-378
-377
-371
-355
-371
-387
-403
-387
-416
-465
-526
-614
-680
-721
-730
-727
-756
-765
-765
-779
-817
-870
-884
-858
-838
-844
-839
-832
-794
-741
-729
-715
-670
-613
-568
-519
-505
-471
-457
-454
-459
-450
-482
-511
-552
-590
-666
-761
-832
-898
-986
-1087
-1188
-1254
-1303
-1285
-1256
-1211
-1110
-1096
-1153
-1241
-1298
-1324
-1275
-1180
-1135
-1034
-909
-723
-580
-455
-354
-245
-71
115
258
303
313
342
399
383
330
242
176
94
12
-105
-248
-373
-474
-540
-616
-711
-772
-796
-828
-822
-819
-770
-748
-777
-843
-909
-927
-921
-941
-1017
-1088
-1154
-1166
-1128
-1087
-1063
-1002
-893
-805
-760
-689
-601
-492
-391
-258
-133
-38
50
126
164
130
92
60
7
-42
-130
-231
-313
-395
-448
-501
-572
-633
-690
-735
-796
-872
-921
-992
-1033
-1109
-1175
-1204
-1220
-1215
-1235
-1264
-1302
-1312
-1332
-1364
-1417
-1446
-1466
-1490
-1504
-1528
-1554
-1555
-1550
-1530
-1525
-1511
-1487
-1449
-1437
-1453
-1498
-1539
-1557
-1560
-1594
-1643
-1665
-1689
-1690
-1692
-1708
-1740
-1766
-1775
-1746
-1724
-1753
-1791
-1857
-1906
-1911
-1850
-1749
-1596
-1433
-1316
-1153
-990
-792
-594
-493
-432
-375
-266
-178
-129
-158
-215
-268
-350
-467
-576
-693
-836
-999
-1211
-1409
-1572
-1705
-1793
-1831
-1815
-1793
-1744
-1706
-1697
-1711
-1716
-1730
-1783
-1871
-1980
-2037
-2063
-2061
-2099
-2156
-2213
-2211
-2158
-2057
-1962
-1874
-1765
-1677
-1606
-1561
-1527
-1511
-1520
-1554
-1592
-1641
-1675
-1707
-1764
-1825
-1886
-1912
-1957
-1981
-2030
-2083
-2128
-2157
-2195
-2256
-2322
-2375
-2436
-2474
-2515
-2576
-2647
-2692
-2741
-2794
-2851
-2912
-2953
-2991
-3025
-3078
-3123
-3141
-3141
-3161
-3181
-3222
-3271
-3316
-3369
-3440
-3528
-3585
-3626
-3652
-3668
-3663
-3658
-3634
-3585
-3583
-3617
-3626
-3664
-3709
-3741
-3753
-3767
-3729
-3705
-3667
-3579
-3497
-3490
-3495
-3477
-3459
-3377
-3252
-3143
-2931
-2705
-2519
-2245
-1988
-1776
-1602
-1459
-1326
-1250
-1197
-1181
-1186
-1185
-1167
-1133
-1128
-1138
-1167
-1183
-1199
-1225
-1274
-1275
-1249
-1183
-1112
-1096
-1047
-971
-895
-834
-752
-664
-593
-498
-449
-415
-366
-328
-294
-289
-289
-244
-168
-92
-35
31
217
415
672
983
1169
1286
1381
1476
1609
1742
1859
1947
2023
2076
2081
2090
2128
2169
2183
2192
2174
2158
2129
2103
2069
2020
1938
1881
1832
1779
1703
1608
1507
1450
1393
1327
1266
1217
1172
1096
979
846
721
612
495
342
225
100
24
-77
-186
-281
-369
-464
-552
-647
-735
-796
-853
-914
-996
-1045
-1098
-1132
-1220
-1308
-1396
-1441
-1490
-1572
-1660
-1769
-1835
-1867
-1872
-1852
-1857
-1804
-1679
-1562
-1578
-1679
-1822
-1883
-1871
-1783
-1682
-1549
-1416
-1263
-1022
-848
-695
-532
-346
-213
-112
-30
46
117
170
219
272
360
448
530
571
566
550
551
571
653
748
814
859
904
957
964
986
1015
1060
1031
970
909
883
838
785
697
580
437
336
283
254
311
399
508
603
712
794
895
1020
1086
1124
1150
1166
1186
1174
1133
1051
980
898
810
709
608
520
411
323
214
89
1
-75
-151
-227
-298
-359
-377
-386
-408
-437
-478
-487
-481
-515
-529
-536
-545
-567
-576
-550
-566
-588
-574
-569
-579
-617
-631
-657
-669
-683
-724
-762
-748
-760
-765
-755
-767
-767
-766
-798
-874
-975
-1057
-1133
-1250
-1367
-1420
-1398
-1316
-1173
-1056
-1038
-1087
-1169
-1235
-1194
-1093
-930
-756
-582
-457
-304
-92
134
360
513
622
660
666
634
589
518
430
359
293
176
51
-58
-159
-230
-252
-278
-284
-252
-220
-226
-255
-293
-331
-353
-375
-420
-442
-458
-457
-489
-550
-603
-648
-705
-800
-963
-1116
-1187
-1171
-1151
-1125
-1049
-916
-763
-620
-446
-283
-109
44
169
251
285
299
297
271
230
169
108
63
10
-61
-143
-225
-301
-377
-459
-554
-625
-701
-754
-807
-841
-890
-928
-944
-978
-1031
-1084
-1116
-1110
-1092
-1104
-1098
-1093
-1096
-1072
-1079
-1089
-1080
-1054
-1040
-1022
-1044
-1039
-1046
-1043
-1059
-1097
-1113
-1135
-1119
-1103
-1109
-1083
-1097
-1109
-1135
-1176
-1192
-1192
-1216
-1250
-1276
-1247
-1186
-1053
-971
-1000
-1088
-1145
-1096
-1008
-855
-669
-443
-202
39
296
522
796
1088
1314
1423
1464
1448
1366
1271
1085
887
713
550
474
408
307
231
182
148
143
163
234
351
468
569
635
744
845
921
987
1032
1010
1008
1096
1153
1235
1323
1345
1327
1298
1288
1295
1238
1162
1096
1080
1066
1119
1201
1334
1435
1568
1701
1834
2008
2141
2284
2345
2411
2477
2499
2501
2467
2422
2356
2280
2171
2083
2001
1935
1840
1723
1622
1513
1437
1320
1219
1086
985
884
767
650
517
392
267
191
103
32
-6
-40
-101
-162
-223
-280
-312
-328
-389
-446
-472
-492
-524
-569
-626
-675
-716
-717
-749
-787
-805
-793
-805
-821
-903
-956
-1027
-1084
-1166
-1254
-1320
-1319
-1258
-1187
-1253
-1451
-1614
-1709
-1643
-1518
-1332
-1106
-880
-682
-519
-307
-66
208
500
686
849
925
947
902
759
533
276
64
-122
-348
-546
-699
-852
-969
-1122
-1255
-1356
-1405
-1443
-1417
-1351
-1280
-1171
-1076
-959
-842
-771
-714
-619
-562
-509
-460
-419
-353
-324
-322
-320
-354
-370
-419
-476
-525
-607
-678
-731
-784
-850
-916
-945
-998
-1107
-1224
-1357
-1363
-1358
-1356
-1350
-1355
-1365
-1355
-1339
-1282
-1308
-1403
-1498
-1551
-1552
-1495
-1386
-1223
-1049
-875
-712
-486
-194
98
339
525
688
789
877
943
981
1005
1031
1009
943
834
709
621
520
432
344
268
215
193
173
147
127
105
123
99
89
115
133
186
239
296
353
348
277
220
171
83
1
-75
-163
-245
-362
-457
-539
-610
-671
-724
-753
-747
-738
-758
-787
-848
-930
-987
-1044
-1093
-1138
-1172
-1204
-1242
-1299
-1375
-1436
-1497
-1568
-1586
-1541
-1416
-1291
-1242
-1276
-1393
-1526
-1635
-1701
-1640
-1428
-1171
-879
-622
-381
-107
167
393
579
753
862
950
955
894
799
646
460
286
74
-124
-267
-410
-527
-636
-745
-833
-904
-970
-994
-1006
-968
-915
-854
-797
-763
-734
-729
-703
-669
-631
-605
-625
-657
-695
-692
-666
-565
-470
-337
-236
-154
-101
-75
-46
-37
-17
-14
-30
-68
-129
-190
-228
-289
-301
-311
-323
-328
-348
-343
-321
-335
-349
-346
-332
-314
-328
-362
-411
-427
-453
-494
-516
-521
-509
-475
-418
-373
-351
-306
-240
-191
-153
-96
-43
58
175
276
371
514
657
758
846
947
1072
1197
1322
1404
1453
1502
1559
1565
1558
1524
1533
1590
1707
1808
1786
1653
1490
1365
1240
1139
1014
913
911
927
1028
1191
1316
1557
1798
2039
2237
2463
2689
2806
2801
2676
2419
2145
1888
1631
1374
1162
999
856
761
673
612
596
601
603
627
688
813
999
1197
1360
1319
1186
1077
1006
897
764
669
635
606
545
457
369
287
186
98
49
81
138
154
168
127
93
93
88
102
49
-17
-33
5
43
96
197
314
439
592
755
953
1127
1236
1331
1426
1492
1568
1644
1693
1683
1630
1592
1551
1498
1389
1280
1163
1068
973
848
747
638
572
490
395
294
177
82
-13
-101
-172
-273
-334
-400
-488
-570
-636
-693
-759
-835
-930
-1001
-1077
-1143
-1209
-1334
-1422
-1493
-1531
-1551
-1575
-1591
-1607
-1608
-1614
-1659
-1675
-1684
-1668
-1680
-1714
-1752
-1740
-1733
-1765
-1806
-1888
-1922
-1881
-1764
-1621
-1545
-1511
-1518
-1530
-1533
-1567
-1555
-1430
-1256
-1015
-741
-484
-192
65
339
551
676
801
926
992
943
810
624
438
212
-29
-241
-453
-651
-804
-937
-1046
-1141
-1161
-1162
-1165
-1191
-1207
-1208
-1155
-1067
-985
-876
-759
-642
-509
-427
-361
-295
-242
-204
-210
-239
-265
-287
-325
-382
-458
-519
-580
-675
-751
-833
-921
-982
-1031
-1084
-1160
-1236
-1285
-1330
-1383
-1401
-1340
-1207
-1119
-1070
-1096
-1141
-1161
-1173
-1141
-1046
-913
-770
-645
-536
-465
-370
-196
-10
133
250
326
402
455
500
505
473
444
373
297
215
139
63
2
-64
-135
-201
-254
-311
-382
-443
-504
-553
-587
-621
-659
-704
-738
-760
-798
-836
-868
-909
-947
-985
-1030
-1064
-1105
-1110
-1134
-1166
-1195
-1217
-1216
-1245
-1267
-1324
-1377
-1415
-1441
-1467
-1524
-1573
-1611
-1643
-1661
-1690
-1699
-1673
-1620
-1604
-1586
-1579
-1608
-1640
-1678
-1712
-1722
-1579
-1381
-1315
-1295
-1313
-1347
-1331
-1317
-1288
-1222
-1059
-785
-432
-79
232
458
670
856
1009
1091
1167
1255
1250
1141
1016
842
585
311
0
-274
-531
-729
-892
-1055
-1218
-1351
-1494
-1576
-1664
-1705
-1731
-1733
-1692
-1663
-1658
-1636
-1598
-1537
-1476
-1431
-1370
-1313
-1225
-1116
-999
-928
-857
-808
-799
-837
-903
-964
-959
-947
-947
-965
-963
-906
-882
-902
-936
-968
-977
-948
-945
-931
-921
-939
-951
-906
-845
-757
-624
-471
-354
-266
-209
-127
-18
99
175
209
219
205
148
82
16
-93
-164
-265
-382
-477
-578
-679
-767
-849
-931
-1026
-1114
-1159
-1235
-1311
-1368
-1406
-1447
-1481
-1515
-1560
-1584
-1622
-1648
-1664
-1709
-1712
-1713
-1722
-1736
-1745
-1757
-1752
-1746
-1753
-1775
-1765
-1763
-1775
-1778
-1807
-1813
-1806
-1807
-1823
-1825
-1841
-1809
-1783
-1763
-1754
-1759
-1741
-1731
-1757
-1810
-1851
-1883
-1801
-1615
-1533
-1562
-1540
-1502
-1445
-1344
-1201
-1058
-846
-589
-258
73
384
658
950
1207
1370
1533
1650
1759
1825
1818
1761
1644
1470
1196
939
682
470
317
154
-20
-173
-282
-320
-321
-343
-367
-377
-357
-341
-315
-274
-173
-20
636
1292
1380
1404
1453
1498
1512
1496
1470
1394
1337
1284
1183
1095
1042
971
953
975
1020
1145
1254
1247
1146
1070
1096
1141
1223
1299
1325
1370
1390
1381
1372
1384
1460
1501
1521
1472
1427
1398
1376
1356
1311
1250
1179
1167
1167
1149
1108
1059
1041
1003
969
920
882
837
771
726
673
624
567
535
523
470
454
503
535
540
520
518
547
588
606
606
580
574
598
630
621
572
527
513
504
486
448
410
408
417
399
365
299
223
194
137
88
27
-22
-79
-140
-216
-304
-405
-514
-623
-711
-721
-568
-497
-573
-668
-729
-767
-799
-828
-823
-752
-540
-283
-42
156
342
528
691
816
959
1076
1164
1273
1299
1279
1154
913
621
290
-21
-313
-587
-828
-1069
-1310
-1567
-1841
-2053
-2239
-2425
-2578
-2731
-2832
-2933
-3028
-3123
-3205
-3246
-3295
-3324
-3344
-3349
-3311
-3282
-3258
-3258
-3251
-3244
-3235
-3242
-3247
-3253
-3271
-3280
-3285
-3292
-3333
-3362
-3361
-3343
-3309
-3214
-3126
-3031
-2930
-2987
-3140
-3273
-3398
-3374
-3221
-2980
-2739
-2465
-2191
-1950
-1639
-1347
-1036
-744
-518
-332
-189
-64
31
49
39
10
-35
-64
-117
-242
-359
-454
-530
-612
-694
-803
-885
-956
-1017
-1083
-1171
-1242
-1280
-1337
-1408
-1461
-1510
-1539
-1571
-1597
-1654
-1695
-1711
-1733
-1767
-1824
-1881
-1922
-1951
-1969
-1995
-2040
-2033
-2017
-2022
-2013
-2008
-1986
-1937
-1880
-1831
-1799
-1758
-1692
-1647
-1606
-1577
-1520
-1438
-1350
-1255
-1189
-1140
-1079
-1053
-1037
-1036
-983
-830
-589
-472
-484
-452
-438
-433
-447
-421
-268
24
399
774
1085
1377
1618
1830
2071
2204
2299
2416
2533
2571
2489
2336
2227
2064
1852
1595
1303
1046
834
636
438
240
54
-79
-180
-275
-384
-460
-542
-651
-760
-885
-1028
-1145
-1254
-1407
-1633
-1907
-2218
-2475
-2732
-2973
-3136
-3322
-3465
-3598
-3715
-3816
-3892
-3930
-3956
-4005
-4003
-4003
-4000
-3991
-3959
-3949
-3969
-3991
-4023
-4076
-4098
-4069
-3987
-3886
-3841
-3823
-3757
-3632
-3489
-3291
-3138
-3005
-2880
-2827
-2751
-2685
-2632
-2550
-2462
-2417
-2422
-2438
-2422
-2373
-2332
-2314
-2302
-2290
-2306
-2322
-2375
-2451
-2508
-2553
-2635
-2736
-2853
-2954
-3030
-3106
-3201
-3250
-3316
-3332
-3381
-3419
-3445
-3427
-3393
-3355
-3367
-3381
-3407
-3416
-3430
-3448
-3472
-3490
-3466
-3450
-3464
-3488
-3512
-3530
-3508
-3505
-3517
-3501
-3467
-3433
-3417
-3441
-3475
-3513
-3525
-3523
-3539
-3521
-3468
-3373
-3278
-3212
-3136
-3019
-2886
-2777
-2668
-2592
-2510
-2393
-2250
-2133
-2045
-1963
-1887
-1799
-1733
-1667
-1534
-1277
-1065
-1049
-1017
-968
-886
-841
-829
-712
-486
-155
244
669
980
1178
1390
1588
1786
1972
2115
2268
2431
2556
2554
2505
2352
2166
1980
1723
1497
1299
1156
1023
906
797
726
708
722
713
695
683
681
701
652
640
616
600
578
552
523
485
479
469
440
374
329
268
197
109
0
-117
-218
-327
-422
-510
-571
-551
-469
-408
-363
-381
-476
-564
-635
-615
-554
-421
-288
-217
-116
-15
128
245
321
403
456
482
531
580
614
659
664
623
574
517
422
313
218
101
25
-46
-128
-204
-245
-321
-397
-492
-580
-662
-719
-801
-862
-928
-944
-966
-1004
-1026
-1035
-1019
-1001
-1007
-1004
-1010
-1008
-974
-954
-966
-956
-911
-885
-844
-803
-779
-741
-696
-684
-679
-673
-687
-682
-672
-688
-712
-713
-699
-713
-735
-747
-715
-644
-556
-511
-493
-477
-459
-462
-500
-553
-504
-306
-120
-104
-124
-119
-99
-38
33
134
222
375
549
860
1152
1426
1683
1895
2093
2210
2236
2297
2331
2322
2277
2134
1960
1762
1488
1231
939
665
424
198
-28
-240
-438
-547
-664
-781
-890
-961
-993
-996
-980
-954
-905
-860
-803
-742
-647
-530
-387
-234
-81
82
256
430
616
790
907
995
1066
1142
1176
1225
1263
1295
1315
1301
1275
1174
1031
906
818
818
792
776
754
709
723
757
874
1017
1142
1213
1203
1158
1092
997
872
729
628
562
513
487
442
416
400
409
364
338
318
334
356
354
359
335
329
339
344
326
297
294
326
327
325
311
273
253
187
130
85
69
31
13
-21
-55
-64
-67
-58
-82
-120
-152
-162
-184
-225
-259
-304
-338
-360
-413
-484
-522
-527
-466
-450
-418
-440
-445
-435
-430
-452
-481
-475
-404
-251
-53
159
433
707
948
1146
1271
1396
1521
1684
1801
1872
1929
1986
2052
2093
2067
2001
1900
1783
1640
1531
1422
1340
1258
1125
962
799
601
427
264
111
-14
-102
-168
-229
-295
-336
-362
-400
-414
-428
-450
-462
-421
-424
-431
-447
-445
-431
-422
-432
-466
-469
-440
-418
-406
-390
-378
-354
-325
-325
-303
-297
-256
-218
-194
-182
-184
-164
-162
-161
-164
-190
-178
-164
-150
-164
-184
-181
-172
-165
-159
-181
-191
-186
-186
-204
-236
-285
-261
-252
-278
-307
-345
-371
-400
-434
-460
-442
-447
-463
-483
-505
-527
-529
-563
-579
-513
-370
-386
-539
-664
-781
-830
-729
-517
-260
32
258
470
656
842
1016
1190
1402
1565
1708
1851
1927
1939
1930
1935
1840
1687
1446
1154
823
448
137
-120
-306
-480
-666
-840
-1038
-1236
-1399
-1532
-1603
-1679
-1684
-1683
-1651
-1602
-1553
-1477
-1382
-1311
-1223
-1152
-1086
-1045
-1021
-1050
-1107
-1127
-1120
-1079
-1053
-1031
-1022
-1051
-1108
-1153
-1191
-1203
-1158
-1132
-1106
-1045
-928
-803
-708
-655
-623
-614
-576
-481
-393
-292
-175
-93
-27
7
27
15
56
105
171
197
226
255
243
225
237
196
196
190
172
192
208
240
256
222
190
141
96
47
-35
-111
-177
-209
-247
-281
-290
-287
-280
-278
-304
-310
-363
-383
-397
-415
-431
-436
-468
-480
-500
-524
-553
-573
-585
-584
-622
-623
-632
-623
-641
-667
-676
-737
-813
-845
-850
-793
-736
-670
-604
-516
-455
-580
-806
-980
-1123
-1114
-1019
-866
-668
-456
-282
-96
47
233
431
643
817
918
979
973
920
811
658
495
332
146
-66
-264
-462
-615
-778
-931
-1074
-1207
-1289
-1350
-1432
-1493
-1527
-1539
-1537
-1535
-1547
-1535
-1494
-1460
-1451
-1450
-1441
-1417
-1397
-1373
-1402
-1405
-1404
-1394
-1389
-1390
-1416
-1426
-1420
-1408
-1430
-1454
-1470
-1463
-1451
-1471
-1489
-1489
-1451
-1433
-1439
-1461
-1451
-1398
-1382
-1388
-1398
-1386
-1337
-1328
-1325
-1320
-1306
-1268
-1239
-1205
-1179
-1153
-1104
-1078
-1044
-1028
-1027
-1001
-1006
-992
-997
-1006
-992
-951
-913
-856
-815
-758
-687
-658
-617
-576
-510
-449
-411
-373
-379
-363
-322
-169
43
88
35
13
10
86
239
480
772
1064
1321
1533
1774
2015
2326
2600
2798
2893
3026
3102
3151
3129
3126
3164
3076
2933
2707
2415
2158
1932
1720
1522
1296
1110
947
749
563
351
226
63
-62
-195
-328
-416
-461
-502
-516
-545
-516
-494
-433
-380
-331
-337
-336
-354
-376
-375
-368
-359
-358
-372
-443
-560
-642
-718
-800
-766
-725
-664
-582
-541
-523
-503
-503
-532
-566
-569
-543
-521
-512
-565
-606
-677
-743
-769
-755
-750
-766
-792
-802
-814
-890
-966
-1042
-1103
-1164
-1246
-1347
-1442
-1537
-1608
-1674
-1740
-1806
-1863
-1901
-1911
-1952
-1970
-1990
-1997
-1981
-1975
-1991
-2007
-1978
-1976
-1971
-1993
-1993
-1981
-1981
-1976
-2002
-1986
-1981
-1979
-2003
-2004
-2033
-2038
-2043
-2067
-2060
-2062
-2061
-2070
-2084
-2113
-2147
-2165
-2199
-2204
-2253
-2273
-2207
-2125
-2068
-1973
-1799
-1682
-1783
-1957
-2100
-2176
-2088
-1862
-1605
-1364
-1123
-882
-625
-368
-170
42
254
440
557
618
619
543
486
398
273
110
-23
-132
-227
-293
-364
-435
-409
-383
-380
-386
-412
-406
-390
-370
-325
-291
-196
-108
-32
-6
51
133
199
231
253
260
278
290
310
292
270
236
214
188
139
94
41
3
-7
-78
-98
-155
-175
-189
-238
-267
-279
-340
-352
-334
-363
-349
-327
-301
-281
-269
-257
-245
-231
-240
-202
-131
-60
57
283
446
358
146
-66
-175
-141
85
377
752
1044
1270
1468
1654
1852
2038
2224
2319
2401
2435
2406
2340
2239
2151
2008
1891
1738
1595
1462
1345
1250
1149
1061
979
870
775
658
557
462
401
335
259
177
89
60
31
-40
-106
-167
-191
-220
-269
-335
-401
-477
-530
-601
-689
-777
-872
-933
-1028
-1129
-1238
-1355
-1443
-1560
-1669
-1794
-1903
-2004
-2092
-2158
-2246
-2275
-2285
-2299
-2265
-2220
-2202
-2173
-2195
-2261
-2362
-2450
-2526
-2564
-2538
-2405
-2207
-1950
-1676
-1365
-1073
-742
-411
-80
231
542
873
1114
1288
1413
1474
1496
1541
1570
1541
1500
1429
1320
1259
1193
1140
1039
944
856
731
598
465
340
258
187
111
29
-72
-133
-182
-223
-276
-347
-408
-469
-535
-617
-688
-741
-755
-760
-757
-775
-761
-723
-709
-712
-730
-744
-743
-765
-774
-819
-833
-835
-851
-831
-825
-826
-814
-826
-825
-819
-828
-823
-839
-868
-902
-940
-978
-996
-1034
-1060
-1109
-1135
-1176
-1205
-1262
-1338
-1395
-1419
-1464
-1486
-1552
-1564
-1584
-1602
-1628
-1673
-1682
-1696
-1714
-1723
-1745
-1719
-1690
-1664
-1650
-1657
-1651
-1646
-1620
-1618
-1628
-1633
-1623
-1605
-1593
-1584
-1555
-1529
-1507
-1487
-1480
-1500
-1490
-1456
-1436
-1420
-1386
-1357
-1312
-1298
-1304
-1284
-1262
-1233
-1221
-1212
-1207
-1195
-1190
-1181
-1169
-1179
-1174
-1162
-1165
-1170
-1161
-1151
-1160
-1172
-1162
-1165
-1159
-1149
-1131
-1093
-1067
-1062
-1028
-983
-949
-888
-866
-778
-717
-672
-656
-656
-657
-591
-393
-167
-101
-133
-134
-146
-80
63
289
620
931
1242
1499
1642
1785
1971
2134
2287
2461
2543
2543
2553
2521
2519
2516
2463
2300
2114
1857
1565
1254
943
590
298
-33
-364
-605
-817
-1029
-1227
-1425
-1588
-1670
-1719
-1705
-1644
-1573
-1491
-1420
-1311
-1216
-1107
-998
-881
-738
-575
-432
-371
-326
-300
-271
-251
-227
-233
-224
-246
-260
-292
-337
-386
-420
-469
-514
-552
-572
-598
-622
-663
-692
-690
-661
-641
-619
-619
-631
-633
-595
-577
-528
-496
-462
-453
-433
-399
-406
-388
-383
-417
-441
-467
-491
-477
-465
-451
-477
-501
-513
-537
-559
-585
-619
-605
-596
-584
-590
-583
-567
-583
-551
-542
-541
-527
-517
-520
-546
-556
-565
-591
-593
-583
-590
-583
-565
-579
-565
-575
-580
-562
-569
-568
-592
-624
-608
-596
-591
-596
-602
-586
-580
-571
-612
-624
-610
-605
-610
-612
-607
-583
-574
-592
-585
-576
-577
-601
-619
-631
-619
-641
-617
-599
-590
-578
-573
-589
-595
-604
-633
-662
-648
-636
-654
-692
-718
-700
-701
-708
-708
-717
-716
-706
-716
-736
-754
-745
-735
-730
-728
-737
-692
-680
-666
-646
-684
-689
-618
-406
-194
-165
-222
-260
-248
-160
-27
284
659
1084
1483
1836
2062
2187
2232
2333
2496
2629
2746
2807
2829
2768
2635
2526
2425
2324
2161
1949
1675
1322
1030
719
427
170
-87
-361
-635
-892
-1118
-1251
-1346
-1422
-1493
-1522
-1534
-1524
-1492
-1454
-1420
-1325
-1272
-1219
-1158
-1113
-1064
-1030
-1024
-1038
-1067
-1069
-1122
-1163
-1245
-1311
-1335
-1376
-1437
-1490
-1547
-1573
-1578
-1619
-1629
-1655
-1675
-1682
-1704
-1726
-1742
-1747
-1715
-1710
-1694
-1633
-1588
-1500
-1439
-1398
-1386
-1348
-1299
-1270
-1270
-1282
-1268
-1256
-1238
-1231
-1253
-1251
-1190
-1141
-1119
-1074
-1048
-1014
-976
-962
-944
-944
-939
-934
-931
-919
-910
-869
-816
-796
-767
-749
-715
-677
-653
-621
-612
-571
-514
-490
-461
-477
-451
-419
-401
-402
-402
-388
-376
-371
-380
-364
-365
-339
-319
-331
-336
-330
-320
-302
-293
-281
-269
-247
-235
-232
-258
-287
-269
-270
-311
-360
-376
-429
-447
-479
-524
-562
-607
-621
-666
-737
-786
-824
-881
-952
-1028
-1116
-1217
-1266
-1319
-1420
-1477
-1530
-1535
-1555
-1593
-1611
-1579
-1491
-1348
-1195
-1078
-983
-917
-872
-838
-835
-803
-742
-633
-480
-379
-236
-38
174
386
612
869
1095
1352
1538
1663
1788
1941
2058
2256
2454
2617
2622
2565
2432
2206
1949
1675
1383
1052
699
442
168
-89
-381
-622
-834
-1046
-1258
-1444
-1618
-1804
-1967
-2049
-2083
-2099
-2092
-2072
-2034
-1996
-1976
-1964
-1959
-1950
-1926
-1894
-1880
-1879
-1834
-1781
-1757
-1752
-1764
-1793
-1781
-1772
-1763
-1773
-1739
-1701
-1672
-1658
-1648
-1607
-1550
-1489
-1465
-1431
-1390
-1314
-1269
-1231
-1225
-1234
-1212
-1198
-1180
-1192
-1190
-1178
-1172
-1181
-1242
-1280
-1292
-1276
-1264
-1250
-1212
-1155
-1094
-1037
-1008
-979
-941
-903
-869
-857
-864
-848
-832
-825
-820
-834
-836
-810
-781
-772
-758
-724
-700
-666
-672
-667
-651
-617
-622
-619
-653
-656
-630
-633
-615
-599
-598
-589
-577
-595
-619
-633
-647
-621
-539
-406
-220
-46
71
45
-80
-223
-366
-454
-530
-523
-325
6
488
887
1198
1439
1613
1738
1820
1902
1893
1867
1866
1784
1689
1491
1279
1105
907
666
392
180
-18
-204
-378
-541
-666
-791
-892
-1009
-1134
-1210
-1271
-1305
-1315
-1310
-1312
-1230
-1154
-1072
-1027
-998
-974
-933
-934
-946
-995
-1021
-1012
-998
-1086
-1162
-1233
-1262
-1300
-1349
-1406
-1463
-1501
-1494
-1503
-1541
-1629
-1623
-1620
-1649
-1725
-1705
-1708
-1692
-1733
-1727
-1780
-1785
-1807
-1812
-1861
-1867
-1845
-1906
-1890
-1899
-1919
-1918
-1894
-1923
-1924
-1924
-1946
-1934
-1927
-1976
-1962
-1991
-1946
-1952
-1943
-1969
-1957
-1923
-1961
-1952
-1923
-1947
-1913
-1910
-1878
-1852
-1872
-1860
-1836
-1822
-1823
-1809
-1785
-1786
-1733
-1765
-1751
-1746
-1722
-1696
-1718
-1727
-1715
-1674
-1703
-1717
-1693
-1659
-1685
-1653
-1621
-1560
-1435
-1302
-1139
-986
-937
-866
-825
-743
-711
-616
-540
-415
-262
-119
-2
141
327
490
688
831
956
1154
1366
1491
1548
1539
1546
1575
1559
1564
1569
1598
1741
1767
1791
1753
1600
1437
1239
1027
829
603
362
199
-42
-240
-426
-559
-692
-809
-942
-1037
-1154
-1195
-1261
-1337
-1398
-1427
-1398
-1386
-1337
-1296
-1287
-1199
-1150
-1109
-1033
-951
-948
-922
-932
-941
-892
-872
-860
-892
-910
-901
-867
-838
-828
-837
-788
-779
-759
-733
-742
-741
-717
-703
-693
-705
-693
-673
-666
-661
-670
-646
-644
-649
-617
-637
-646
-645
-655
-629
-670
-684
-693
-692
-672
-692
-737
-742
-758
-782
-800
-834
-839
-837
-831
-833
-809
-797
-765
-724
-729
-703
-669
-608
-526
-465
-420
-311
-158
-5
19
120
161
232
341
436
579
680
797
995
1169
1332
1485
1618
1761
1870
1971
2072
2106
2163
2216
2209
2243
2198
2166
2065
1940
1815
1749
1661
1566
1403
1260
1151
1063
954
742
516
330
167
14
-184
-396
-570
-744
-877
-965
-1108
-1261
-1394
-1557
-1682
-1807
-1960
-2021
-2074
-2100
-2149
-2120
-2177
-2178
-2260
-2270
-2241
-2227
-2166
-2128
-1985
-1919
-1745
-1571
-1373
-1240
-1152
-1051
-975
-946
-870
-861
-863
-883
-901
-911
-933
-986
-1006
-1051
-1100
-1157
-1223
-1237
-1269
-1345
-1390
-1439
-1468
-1490
-1514
-1548
-1572
-1562
-1553
-1558
-1587
-1611
-1633
-1624
-1579
-1595
-1589
-1579
-1577
-1557
-1581
-1571
-1587
-1542
-1522
-1498
-1484
-1446
-1446
-1475
-1459
-1460
-1505
-1479
-1497
-1444
-1468
-1456
-1456
-1453
-1431
-1405
-1423
-1409
-1415
-1422
-1451
-1457
-1483
-1469
-1455
-1458
-1444
-1406
-1289
-1188
-931
-639
-398
-245
-174
-136
-65
44
169
343
486
684
941
1215
1472
1713
1925
2123
2309
2521
2638
2812
2907
3070
3223
3366
3442
3491
3544
3610
3651
3642
3525
3408
3307
3182
3039
2914
2761
2608
2422
2236
2038
1875
1634
1471
1259
1002
710
418
192
-49
-275
-516
-659
-833
-1007
-1140
-1216
-1257
-1314
-1320
-1322
-1310
-1276
-1223
-1189
-1151
-1106
-1045
-963
-914
-848
-810
-753
-687
-626
-569
-531
-505
-489
-436
-454
-445
-450
-426
-412
-406
-392
-385
-401
-400
-453
-494
-526
-535
-569
-578
-666
-684
-691
-729
-763
-816
-882
-888
-889
-903
-932
-1008
-1018
-1052
-1045
-1043
-1055
-1021
-997
-995
-996
-1020
-1020
-1014
-1005
-991
-977
-989
-940
-918
-898
-920
-904
-866
-828
-848
-846
-837
-823
-803
-798
-807
-836
-795
-763
-739
-810
-809
-793
-744
-734
-720
-704
-666
-652
-636
-630
-628
-612
-603
-589
-573
-557
-528
-546
-553
-558
-619
-645
-633
-667
-681
-742
-780
-771
-730
-748
-762
-772
-806
-790
-778
-776
-747
-721
-703
-685
-756
-732
-758
-749
-775
-804
-814
-828
-837
-886
-947
-1008
-998
-1039
-1105
-1102
-1168
-1162
-1142
-1168
-1206
-1232
-1241
-1255
-1264
-1276
-1292
-1293
-1275
-1241
-1263
-1264
-1259
-1230
-1201
-1230
-1264
-1242
-1243
-1214
-1219
-1226
-1235
-1182
-1148
-1147
-1171
-1137
-1134
-1058
-1052
-1097
-1059
-1027
-978
-1012
-978
-1000
-984
-983
-949
-929
-945
-916
-904
-949
-946
-984
-996
-972
-978
-962
-948
-951
-963
-958
-976
-1005
-1034
-1068
-1084
-1087
-1109
-1138
-1154
-1180
-1202
-1182
-1191
-1191
-1130
-1118
-1106
-1061
-990
-933
-884
-870
-846
-828
-808
-755
-755
-698
-680
-642
-637
-621
-580
-566
-500
-474
-458
-438
-426
-388
-343
-384
-386
-384
-346
-314
-343
-337
-311
-240
-224
-206
-203
-174
-136
-112
-153
-143
-167
-153
-108
-70
-38
-48
-14
10
30
6
-60
-53
-77
-93
-55
-65
-83
-136
-158
-167
-183
-188
-168
-171
-162
-169
-147
-129
-147
-148
-122
-148
-126
-110
-81
-80
-85
-69
-40
-22
-23
-39
-19
-20
-34
-43
-67
-93
-73
-102
-140
-145
-165
-181
-195
-196
-195
-183
-199
-217
-235
-253
-269
-257
-231
-243
-244
-203
-185
-165
-153
-162
-168
-174
-165
-199
-217
-233
-265
-279
-303
-352
-418
-463
-481
-488
-479
-474
-498
-457
-456
-485
-509
-538
-526
-535
-523
-576
-569
-560
-534
-529
-528
-531
-507
-469
-431
-424
-408
-386
-357
-312
-314
-305
-283
-274
-286
-284
-341
-327
-261
-273
-295
-285
-244
-247
-209
-212
-174
-145
-107
-54
-38
-14
-9
5
27
80
74
88
126
171
166
178
239
300
278
294
265
253
235
240
224
183
151
127
89
60
3
-46
-75
-76
-74
-90
-93
-111
-99
-125
-151
-185
-214
-228
-262
-296
-330
-362
-380
-406
-440
-478
-481
-487
-499
-473
-485
-471
-430
-416
-428
-444
-438
-400
-368
-354
-349
-373
-355
-321
-314
-314
-311
-329
-284
-250
-238
-220
-182
-158
-134
-143
-159
-133
-117
-99
-83
-112
-114
-102
-96
-84
-110
-119
-153
-162
-203
-232
-277
-299
-325
-354
-403
-417
-408
-420
-411
-406
-444
-485
-484
-537
-561
-622
-646
-634
-672
-706
-726
-760
-763
-763
-768
-774
-772
-777
-799
-813
-845
-886
-904
-918
-934
-972
-1006
-1035
-1061
-1083
-1154
-1192
-1214
-1198
-1220
-1244
-1262
-1286
-1292
-1330
-1342
-1380
-1339
-1361
-1387
-1413
-1418
-1452
-1432
-1427
-1439
-1445
-1474
-1512
-1518
-1571
-1587
-1575
-1604
-1575
-1616
-1604
-1616
-1615
-1558
-1611
-1645
-1640
-1656
-1674
-1706
-1735
-1749
-1737
-1734
-1772
-1801
-1815
-1813
-1784
-1791
-1801
-1810
-1781
-1775
-1746
-1720
-1732
-1666
-1637
-1576
-1592
-1563
-1537
-1499
-1513
-1484
-1510
-1481
-1457
-1502
-1531
-1519
-1520
-1527
-1530
-1552
-1553
-1573
-1539
-1507
-1495
-1511
-1501
-1494
-1460
-1451
-1457
-1455
-1443
-1434
-1446
-1455
-1460
-1431
-1436
-1474
-1481
-1493
-1498
-1507
-1527
-1588
-1582
-1577
-1567
-1599
-1631
-1660
-1654
-1632
-1626
-1626
-1650
-1648
-1639
-1645
-1669
-1726
-1733
-1753
-1777
-1795
-1836
-1868
-1870
-1870
-1879
-1893
-1891
-1885
-1873
-1885
-1914
-1940
-1947
-1946
-1960
-2001
-2002
-1988
-1972
-1966
