-718
-806
-832
-881
-947
-985
-1019
-1085
-1123
-1124
-1124
-1122
-1102
-1001
-838
-675
-522
-434
-339
-263
-197
-136
-91
-71
-37
1
39
17
1
21
47
18
-43
-114
-167
-193
-203
-219
-185
-190
-149
-131
-176
-208
-201
-223
-311
-412
-478
-481
-463
-418
-389
-332
-244
-168
-142
-104
-75
-75
-70
-58
-84
-193
-294
-360
-382
-396
-408
-402
-459
-491
-505
-515
-539
-549
-527
-507
-523
-501
-444
-395
-379
-405
-471
-559
-635
-752
-853
-935
-1001
-1033
-1026
-1014
-998
-1003
-1008
-1034
-1039
-1044
-1045
-1051
-1042
-1080
-1102
-1070
-1013
-968
-950
-916
-834
-746
-621
-539
-451
-342
-281
-255
-257
-273
-299
-309
-323
-357
-402
-484
-545
-574
-588
-622
-675
-784
-893
-1018
-1151
-1304
-1413
-1489
-1606
-1688
-1733
-1726
-1702
-1664
-1673
-1739
-1777
-1759
-1730
-1750
-1816
-1869
-1867
-1857
-1837
-1825
-1820
-1767
-1714
-1685
-1628
-1527
-1439
-1363
-1297
-1248
-1177
-1068
-973
-949
-998
-1014
-1005
-979
-950
-916
-900
-878
-852
-799
-777
-803
-802
-749
-688
-656
-624
-619
-641
-667
-665
-608
-551
-485
-419
-353
-312
-255
-202
-145
-50
59
176
285
361
339
286
241
270
308
313
304
282
316
338
376
402
376
350
344
350
316
284
289
236
160
84
60
54
61
43
-52
-134
-187
-236
-277
-334
-350
-324
-295
-269
-253
-306
-351
-356
-361
-393
-442
-436
-407
-373
-339
-342
-348
-339
-321
-324
-350
-366
-411
-460
-492
-493
-475
-449
-427
-428
-473
-511
-523
-564
-584
-604
-626
-619
-562
-486
-377
-252
-151
-131
-132
-156
-201
-262
-338
-447
-580
-646
-643
-640
-641
-612
-603
-619
-612
-567
-565
-597
-611
-591
-550
-505
-493
-507
-521
-518
-465
-383
-307
-206
-89
64
159
220
302
368
382
373
353
333
288
222
113
-4
-121
-216
-304
-437
-546
-655
-788
-921
-1074
-1248
-1411
-1554
-1671
-1814
-1931
-2013
-2058
-2111
-2149
-2154
-2128
-2057
-2004
-1970
-1961
-1995
-2017
-2012
-1998
-1976
-1900
-1812
-1703
-1627
-1574
-1465
-1348
-1231
-1160
-1131
-1082
-1037
-966
-865
-808
-747
-702
-670
-617
-551
-485
-390
-281
-193
-132
-185
-246
-291
-352
-428
-481
-493
-477
-461
-416
-359
-314
-298
-300
-324
-369
-430
-539
-656
-773
-830
-844
-835
-851
-863
-887
-909
-871
-789
-672
-615
-577
-524
-500
-500
-545
-606
-630
-642
-620
-611
-604
-611
-635
-621
-597
-597
-602
-564
-511
-470
-468
-459
-437
-396
-339
-301
-285
-265
-271
-283
-324
-381
-393
-419
-445
-477
-534
-566
-569
-576
-594
-616
-616
-606
-604
-638
-691
-729
-763
-808
-840
-874
-931
-937
-955
-975
-1013
-1035
-1053
-1037
-1017
-995
-1000
-976
-954
-1007
-1052
-1061
-1027
-1024
-1000
-951
-898
-832
-783
-745
-707
-678
-660
-642
-630
-656
-618
-536
-470
-456
-466
-504
-513
-542
-562
-567
-541
-543
-542
-516
-548
-580
-602
-580
-581
-610
-624
-650
-636
-610
-598
-597
-599
-605
-639
-655
-641
-612
-563
-481
-415
-377
-387
-392
-387
-397
-423
-484
-555
-589
-618
-638
-648
-599
-533
-513
-497
-535
-576
-578
-560
-553
-579
-608
-622
-632
-652
-690
-731
-738
-743
-750
-795
-840
-849
-837
-825
-803
-785
-740
-683
-661
-659
-645
-596
-564
-538
-512
-524
-544
-585
-642
-718
-827
-915
-964
-955
-898
-874
-836
-791
-759
-783
-803
-808
-788
-795
-800
-762
-744
-739
-746
-747
-776
-821
-862
-928
-962
-974
-979
-969
-924
-900
-912
-928
-919
-931
-960
-965
-974
-960
-946
-922
-904
-875
-809
-797
-823
-868
-925
-954
-932
-903
-897
-906
-857
-775
-666
-584
-508
-420
-349
-296
-287
-296
-314
-296
-284
-270
-294
-335
-355
-361
-371
-442
-524
-595
-656
-751
-876
-985
-1073
-1118
-1167
-1228
-1289
-1334
-1379
-1380
-1402
-1455
-1465
-1470
-1421
-1392
-1401
-1344
-1283
-1207
-1158
-1140
-1099
-1070
-1044
-1020
-1021
-1007
-958
-946
-951
-983
-976
-952
-954
-983
-1049
-1131
-1169
-1157
-1160
-1172
-1158
-1097
-1040
-1024
-1017
-991
-925
-837
-784
-796
-841
-855
-877
-897
-931
-988
-1004
-988
-1000
-1012
-1061
-1087
-1078
-1066
-1092
-1145
-1183
-1178
-1125
-1049
-961
-866
-703
-586
-477
-406
-297
-188
-117
-60
-42
-43
-19
3
15
-5
33
128
199
248
280
254
261
295
377
438
467
512
561
599
585
544
570
572
562
491
409
375
374
348
295
219
162
136
120
98
27
-74
-119
-153
-182
-220
-219
-170
-152
-184
-241
-257
-228
-229
-239
-263
-289
-284
-291
-265
-241
-236
-191
-157
-131
-115
-160
-198
-201
-191
-192
-245
-298
-332
-352
-434
-567
-692
-825
-958
-1067
-1176
-1285
-1373
-1449
-1520
-1581
-1669
-1751
-1804
-1861
-1943
-2060
-2113
-2135
-2117
-2122
-2160
-2126
-2065
-1999
-1954
-1909
-1838
-1793
-1769
-1769
-1798
-1851
-1865
-1870
-1876
-1877
-1883
-1861
-1835
-1759
-1721
-1716
-1692
-1631
-1578
-1581
-1557
-1491
-1430
-1369
-1355
-1345
-1335
-1274
-1225
-1191
-1153
-1092
-1026
-944
-883
-834
-758
-709
-660
-607
-591
-562
-550
-572
-546
-562
-574
-590
-616
-613
-639
-705
-754
-786
-831
-865
-918
-947
-906
-853
-804
-716
-607
-498
-427
-339
-282
-221
-150
-112
-138
-144
-78
-54
-51
-60
-98
-120
-146
-134
-110
-90
-29
20
81
115
83
57
71
116
110
81
79
26
-40
-111
-212
-194
-137
-28
54
54
36
62
69
43
-28
-110
-176
-247
-342
-451
-552
-640
-706
-755
-843
-976
-1085
-1156
-1227
-1298
-1374
-1403
-1371
-1365
-1371
-1376
-1364
-1359
-1379
-1395
-1424
-1419
-1390
-1390
-1416
-1477
-1553
-1579
-1584
-1572
-1601
-1585
-1547
-1529
-1541
-1541
-1507
-1419
-1337
-1292
-1299
-1317
-1314
-1313
-1291
-1267
-1257
-1186
-1098
-1037
-1008
-1008
-988
-931
-822
-761
-735
-721
-697
-652
-595
-573
-595
-636
-662
-696
-698
-682
-658
-648
-645
-629
-613
-595
-613
-615
-601
-625
-616
-618
-644
-715
-858
-934
-924
-886
-791
-703
-608
-532
-475
-455
-406
-386
-364
-298
-274
-306
-324
-290
-208
-113
-37
45
133
204
222
244
310
386
452
466
464
440
431
405
352
276
194
182
194
165
104
59
54
72
60
44
43
109
180
237
246
208
205
191
153
129
72
15
-56
-113
-151
-217
-262
-338
-409
-466
-537
-613
-647
-631
-578
-529
-495
-481
-480
-464
-488
-466
-365
-222
-113
-56
10
98
151
173
193
217
293
325
331
286
191
125
72
19
-34
-75
-141
-194
-200
-209
-231
-219
-190
-95
-24
42
83
132
154
134
85
36
16
50
70
41
-30
-101
-130
-196
-245
-321
-353
-382
-464
-530
-606
-715
-810
-876
-952
-1028
-1066
-1095
-1113
-1122
-1127
-1111
-1099
-1123
-1137
-1115
-1049
-1004
-970
-952
-959
-930
-835
-726
-617
-516
-363
-262
-224
-175
-172
-221
-262
-276
-279
-303
-344
-401
-472
-529
-590
-715
-832
-965
-1060
-1185
-1328
-1437
-1519
-1595
-1712
-1837
-1908
-1909
-1908
-1965
-2031
-2060
-2040
-2006
-1968
-1954
-1925
-1899
-1889
-1890
-1956
-1985
-1985
-1969
-1940
-1962
-1965
-1924
-1875
-1799
-1742
-1676
-1551
-1377
-1191
-1028
-895
-786
-725
-672
-654
-601
-525
-459
-402
-368
-346
-330
-308
-276
-302
-334
-379
-395
-452
-528
-616
-698
-739
-746
-770
-831
-913
-954
-938
-909
-918
-944
-924
-895
-846
-855
-867
-838
-789
-672
-547
-430
-277
-114
-5
90
147
185
261
332
398
407
421
478
535
573
574
650
726
764
798
780
742
713
687
642
593
575
570
552
526
455
414
421
435
451
431
419
441
461
490
474
436
427
441
461
437
425
418
456
485
469
412
386
348
310
222
79
41
43
21
20
-6
3
48
68
50
-21
-37
-3
-4
-49
-106
-151
-196
-241
-336
-461
-514
-538
-562
-638
-763
-872
-888
-854
-822
-806
-768
-759
-749
-754
-766
-776
-752
-738
-747
-779
-828
-842
-866
-904
-916
-938
-904
-870
-799
-738
-700
-629
-558
-497
-494
-504
-478
-464
-426
-431
-472
-482
-441
-400
-362
-396
-422
-398
-369
-383
-397
-404
-384
-346
-314
-330
-425
-486
-506
-532
-558
-574
-615
-649
-690
-706
-709
-689
-640
-569
-535
-530
-514
-476
-475
-532
-603
-728
-816
-836
-897
-968
-1021
-1033
-1051
-1096
-1157
-1223
-1284
-1333
-1349
-1371
-1424
-1412
-1380
-1387
-1428
-1448
-1493
-1517
-1541
-1546
-1541
-1492
-1447
-1376
-1305
-1223
-1157
-1104
-1022
-990
-985
-994
-1012
-1003
-983
-1040
-1165
-1247
-1304
-1399
-1475
-1489
-1471
-1461
-1493
-1531
-1576
-1608
-1611
-1554
-1483
-1412
-1336
-1248
-1166
-1095
-1007
-912
-836
-791
-796
-812
-796
-790
-764
-730
-706
-657
-562
-480
-460
-472
-463
-460
-476
-525
-570
-611
-682
-739
-800
-845
-848
-832
-803
-746
-730
-779
-861
-902
-940
-989
-1015
-999
-987
-982
-953
-931
-860
-794
-737
-620
-519
-453
-352
-257
-148
-77
5
34
66
78
76
114
202
319
395
461
506
582
620
658
660
694
732
710
653
624
650
707
729
755
777
770
760
731
711
650
584
543
534
485
459
425
372
327
298
232
131
70
67
45
67
93
105
162
228
216
134
108
122
93
36
-21
8
79
132
144
146
158
203
227
198
127
89
107
107
69
16
-4
1
-13
-33
-59
-83
-128
-150
-164
-148
-139
-110
-53
18
30
10
19
35
61
37
-16
-50
-91
-148
-249
-374
-491
-548
-536
-510
-528
-544
-522
-508
-517
-541
-561
-571
-583
-584
-610
-636
-570
-488
-459
-418
-373
-344
-312
-259
-221
-195
-161
-127
-130
-183
-240
-256
-257
-235
-257
-333
-362
-353
-365
-436
-502
-511
-531
-519
-478
-458
-413
-379
-326
-273
-273
-299
-331
-402
-473
-522
-588
-581
-540
-483
-434
-377
-289
-156
-31
51
85
97
92
80
66
84
133
171
232
273
220
175
149
67
-66
-229
-382
-491
-573
-668
-793
-918
-1061
-1170
-1323
-1440
-1511
-1564
-1571
-1561
-1545
-1523
-1466
-1371
-1305
-1276
-1256
-1211
-1158
-1092
-1039
-1017
-983
-858
-725
-630
-628
-623
-585
-563
-585
-646
-680
-660
-655
-641
-667
-657
-650
-641
-639
-715
-731
-740
-793
-825
-784
-777
-771
-710
-657
-643
-586
-477
-360
-235
-140
-91
-34
-8
33
42
20
49
67
62
42
10
-66
-148
-193
-288
-421
-487
-485
-494
-478
-456
-380
-292
-231
-160
-94
-18
53
110
171
209
221
215
229
211
140
99
106
128
135
151
127
66
0
-101
-183
-212
-234
-272
-304
-380
-468
-492
-431
-360
-278
-212
-171
-100
-43
2
28
10
-61
-143
-204
-305
-371
-381
-413
-429
-467
-533
-545
-559
-600
-629
-647
-631
-640
-626
-597
-629
-639
-634
-668
-756
-805
-805
-748
-672
-606
-580
-514
-426
-273
-156
-80
-4
67
91
77
39
-14
-55
-108
-179
-288
-359
-492
-635
-752
-818
-875
-924
-965
-1036
-1112
-1194
-1196
-1201
-1246
-1272
-1250
-1221
-1235
-1261
-1283
-1297
-1304
-1270
-1209
-1148
-1082
-957
-840
-739
-651
-585
-476
-400
-334
-310
-298
-245
-236
-183
-149
-139
-82
-11
90
199
225
247
318
367
391
429
455
493
527
553
571
559
559
568
617
643
634
608
637
675
677
687
716
761
781
765
731
711
662
628
648
587
555
558
542
516
494
453
421
364
298
245
243
277
299
283
254
193
132
61
12
-26
-67
-91
-65
-41
-65
-103
-109
-125
-149
-187
-189
-195
-215
-206
-213
-227
-215
-191
-142
-144
-205
-229
-234
-233
-259
-312
-307
-287
-278
-272
-325
-378
-427
-488
-576
-647
-735
-784
-794
-808
-861
-873
-847
-752
-691
-703
-700
-682
-644
-637
-638
-643
-605
-552
-528
-502
-476
-415
-395
-361
-343
-341
-321
-324
-350
-360
-409
-462
-533
-586
-624
-673
-691
-703
-703
-685
-686
-645
-607
-554
-525
-570
-599
-637
-686
-715
-764
-805
-776
-719
-637
-555
-460
-351
-242
-181
-155
-150
-105
-121
-197
-273
-374
-475
-524
-533
-531
-569
-635
-701
-723
-722
-669
-667
-685
-723
-718
-763
-785
-761
-708
-647
-594
-512
-436
-341
-246
-208
-196
-180
-192
-201
-258
-296
-312
-326
-329
-334
-348
-277
-189
-123
-103
-121
-159
-216
-269
-322
-371
-437
-482
-500
-561
-662
-696
-676
-667
-653
-621
-545
-450
-389
-328
-287
-230
-185
-169
-178
-223
-289
-313
-320
-249
-116
-55
-41
-86
-139
-200
-249
-233
-255
-269
-253
-208
-142
-97
-31
22
75
85
65
60
50
32
56
138
226
240
235
229
203
150
62
-39
-115
-232
-375
-476
-552
-618
-659
-675
-663
-663
-675
-665
-645
-574
-562
-586
-595
-592
-593
-567
-562
-517
-446
-408
-396
-387
-399
-379
-330
-310
-272
-184
-113
-87
-69
-24
2
51
61
87
87
30
-46
-134
-216
-311
-377
-397
-379
-357
-364
-374
-362
-296
-262
-244
-278
-323
-329
-363
-379
-374
-298
-197
-159
-133
-76
6
101
172
217
249
211
145
131
129
58
-30
-75
-95
-102
-116
-136
-148
-149
-202
-273
-314
-309
-314
-296
-306
-328
-362
-428
-460
-484
-516
-561
-602
-603
-625
-616
-571
-505
-493
-515
-533
-539
-557
-595
-677
-786
-857
-891
-882
-870
-863
-806
-735
-664
-652
-701
-679
-659
-664
-673
-683
-669
-676
-664
-650
-655
-653
-629
-584
-531
-490
-449
-400
-380
-366
-384
-384
-362
-348
-372
-417
-455
-487
-497
-509
-533
-586
-635
-659
-621
-583
-590
-619
-618
-592
-563
-547
-573
-547
-502
-426
-388
-347
-298
-253
-208
-217
-229
-300
-366
-404
-470
-558
-615
-649
-715
-791
-867
-847
-823
-818
-834
-866
-919
-921
-920
-977
-1030
-1083
-1121
-1107
-1036
-954
-888
-779
-616
-499
-433
-324
-207
-112
-30
52
72
90
95
104
63
58
80
70
13
-40
-66
-107
-183
-236
-324
-369
-387
-396
-406
-416
-428
-450
-440
-469
-557
-633
-667
-658
-682
-696
-714
-696
-667
-660
-650
-643
-605
-596
-572
-562
-600
-622
-623
-657
-673
-661
-637
-659
-664
-696
-695
-690
-645
-596
-570
-513
-412
-303
-250
-230
-239
-284
-293
-271
-285
-307
-327
-286
-215
-206
-288
-405
-522
-604
-675
-751
-833
-878
-866
-856
-882
-958
-1029
-1090
-1156
-1222
-1288
-1359
-1400
-1391
-1375
-1387
-1361
-1285
-1197
-1126
-1112
-1067
-979
-897
-852
-874
-869
-803
-746
-708
-699
-604
-451
-318
-230
-225
-282
-316
-354
-436
-545
-646
-703
-693
-652
-618
-632
-677
-691
-693
-693
-652
-570
-521
-489
-463
-458
-432
-406
-416
-438
-499
-537
-563
-572
-581
-605
-619
-610
-619
-690
-766
-854
-915
-986
-1081
-1163
-1224
-1227
-1182
-1129
-1107
-1095
-1073
-1063
-1075
-1124
-1146
-1175
-1175
-1177
-1182
-1196
-1178
-1102
-977
-852
-795
-729
-741
-767
-805
-854
-855
-784
-696
-608
-520
-419
-337
-249
-196
-170
-184
-170
-141
-136
-165
-222
-260
-240
-195
-134
-128
-162
-233
-315
-353
-441
-529
-527
-482
-458
-440
-339
-257
-196
-147
-135
-147
-149
-178
-166
-146
-149
-187
-187
-134
-68
-11
77
122
148
145
96
1
-116
-187
-228
-281
-363
-424
-462
-494
-539
-548
-549
-606
-655
-696
-730
-689
-572
-506
-465
-431
-393
-336
-298
-286
-312
-319
-325
-359
-404
-442
-503
-569
-610
-639
-621
-545
-474
-349
-254
-216
-178
-137
-61
-56
-11
77
122
108
101
72
27
-26
-71
-89
-146
-212
-300
-366
-423
-484
-541
-582
-587
-580
-598
-605
-619
-628
-631
-663
-692
-687
-684
-702
-784
-825
-754
-672
-611
-591
-581
-528
-516
-517
-522
-504
-536
-624
-685
-711
-756
-813
-862
-891
-920
-958
-996
-1078
-1139
-1171
-1242
-1287
-1221
-1133
-1032
-944
-835
-726
-650
-589
-555
-548
-574
-569
-557
-548
-609
-647
-656
-659
-681
-707
-721
-699
-711
-752
-738
-697
-663
-643
-648
-639
-677
-718
-713
-707
-760
-794
-814
-812
-826
-821
-797
-775
-782
-804
-828
-806
-800
-820
-836
-848
-848
-872
-852
-791
-757
-728
-690
-658
-613
-587
-605
-676
-705
-676
-638
-589
-518
-442
-376
-300
-243
-161
-73
-12
-53
-129
-200
-220
-167
-118
-140
-206
-288
-376
-410
-455
-471
-470
-486
-527
-615
-664
-650
-659
-700
-788
-814
-788
-787
-869
-978
-1023
-1016
-1004
-1013
-1066
-1132
-1146
-1175
-1180
-1218
-1208
-1167
-1118
-1092
-1068
-1027
-998
-932
-871
-814
-780
-785
-809
-810
-808
-837
-886
-895
-871
-895
-977
-1043
-1055
-1033
-967
-914
-876
-788
-717
-705
-699
-728
-757
-745
-721
-739
-757
-723
-685
-656
-672
-684
-658
-646
-664
-698
-747
-769
-798
-843
-884
-900
-878
-796
-739
-710
-669
-616
-575
-551
-527
-565
-618
-632
-661
-727
-803
-898
-918
-904
-838
-800
-795
-662
-509
-433
-345
-325
-307
-295
-352
-418
-471
-509
-575
-613
-658
-719
-757
-766
-752
-818
-906
-947
-931
-905
-923
-909
-904
-859
-806
-740
-664
-563
-481
-449
-423
-411
-423
-441
-467
-516
-565
-599
-528
-446
-375
-380
-441
-440
-435
-425
-387
-367
-314
-285
-280
-274
-319
-348
-354
-348
-357
-355
-358
-349
-333
-307
-246
-164
-144
-178
-204
-236
-248
-246
-240
-152
-70
-38
23
61
49
8
-87
-240
-357
-402
-455
-508
-553
-582
-548
-543
-572
-588
-604
-603
-644
-710
-759
-741
-696
-682
-723
-818
-859
-904
-970
-1065
-1126
-1202
-1273
-1318
-1347
-1290
-1237
-1184
-1118
-1089
-1089
-1098
-1136
-1165
-1164
-1146
-1160
-1144
-1078
-1064
-1069
-1012
-978
-994
-1095
-1171
-1189
-1167
-1147
-1121
-1105
-1010
-939
-868
-823
-789
-740
-718
-716
-687
-616
-521
-433
-401
-419
-457
-473
-489
-489
-465
-449
-481
-530
-612
-673
-749
-810
-839
-819
-743
-648
-553
-487
-438
-424
-430
-452
-468
-492
-568
-621
-692
-721
-816
-917
-946
-952
-938
-889
-818
-789
-755
-689
-632
-556
-474
-442
-408
-376
-342
-374
-415
-415
-433
-486
-557
-674
-791
-900
-897
-887
-940
-1016
-1036
-1031
-1053
-1079
-1076
-1098
-1180
-1229
-1255
-1261
-1275
-1304
-1295
-1307
-1333
-1371
-1400
-1432
-1406
-1380
-1364
-1348
-1348
-1324
-1312
-1311
-1277
-1216
-1171
-1166
-1169
-1176
-1192
-1212
-1213
-1218
-1177
-1076
-981
-880
-785
-697
-677
-667
-629
-607
-587
-561
-516
-450
-412
-390
-345
-269
-281
-352
-440
-535
-644
-705
-787
-853
-882
-884
-875
-889
-884
-860
-765
-683
-638
-654
-686
-660
-619
-668
-717
-699
-670
-621
-623
-628
-594
-568
-573
-559
-506
-445
-419
-407
-404
-426
-467
-485
-499
-513
-574
-645
-669
-678
-668
-652
-645
-648
-647
-708
-803
-912
-1037
-1125
-1186
-1235
-1201
-1152
-1086
-977
-860
-743
-648
-591
-562
-584
-596
-555
-494
-433
-384
-346
-324
-348
-389
-460
-603
-736
-869
-1043
-1217
-1391
-1603
-1746
-1847
-1956
-2057
-2098
-2112
-2141
-2129
-2068
-2007
-1931
-1836
-1727
-1682
-1650
-1616
-1575
-1537
-1471
-1400
-1318
-1242
-1147
-1038
-875
-758
-692
-635
-578
-556
-544
-556
-613
-708
-796
-867
-881
-957
-1052
-1153
-1254
-1280
-1268
-1294
-1303
-1313
-1291
-1257
-1228
-1233
-1228
-1199
-1158
-1142
-1085
-952
-754
-462
-236
-73
70
195
369
567
741
915
1101
1210
1305
1343
1381
1457
1552
1715
1816
1818
1780
1742
1718
1677
1589
1540
1487
1438
1444
1470
1523
1589
1660
1726
1821
1909
1947
1918
1793
1619
1466
1323
1149
951
725
484
227
15
-197
-438
-624
-787
-920
-991
-1057
-1133
-1132
-1083
-1049
-1061
-1085
-1083
-1081
-1090
-1033
-976
-927
-851
-769
-712
-667
-622
-590
-541
-548
-574
-615
-664
-684
-722
-793
-881
-952
-1061
-1194
-1303
-1412
-1529
-1570
-1611
-1649
-1702
-1720
-1744
-1745
-1716
-1706
-1640
-1539
-1430
-1305
-1210
-1134
-1089
-1055
-1006
-961
-879
-791
-703
-621
-504
-371
-246
-93
81
214
388
629
921
1162
1419
1730
2004
2245
2388
2412
2371
2270
2145
1992
1818
1592
1351
1040
748
437
84
-269
-600
-857
-1098
-1339
-1537
-1680
-1751
-1876
-2029
-2146
-2222
-2293
-2364
-2440
-2469
-2424
-2363
-2329
-2343
-2388
-2331
-2243
-2110
-1957
-1832
-1699
-1574
-1465
-1356
-1315
-1295
-1296
-1255
-1112
-949
-832
-771
-739
-715
-639
-594
-591
-615
-664
-752
-743
-677
-663
-704
-749
-794
-814
-843
-904
-1013
-1108
-1169
-1240
-1328
-1399
-1396
-1362
-1245
-1163
-1125
-1127
-1153
-1162
-1188
-1214
-1240
-1228
-1183
-1207
-1181
-1159
-1150
-1105
-1023
-941
-884
-721
-390
35
460
835
1234
1609
1940
2181
2314
2371
2380
2398
2360
2272
2119
1921
1778
1615
1429
1188
896
622
330
73
-168
-409
-621
-819
-1031
-1229
-1415
-1548
-1649
-1812
-1929
-1986
-2027
-2059
-2112
-2128
-2079
-2067
-2066
-2040
-2056
-2044
-2024
-2021
-2024
-2031
-2007
-1912
-1738
-1564
-1352
-1154
-1011
-929
-847
-722
-640
-579
-565
-641
-766
-819
-841
-821
-819
-812
-800
-822
-784
-752
-770
-852
-905
-962
-1019
-1045
-1025
-991
-1011
-1006
-1044
-1053
-1041
-1079
-1140
-1216
-1292
-1368
-1463
-1524
-1633
-1742
-1837
-1980
-2105
-2258
-2444
-2587
-2644
-2664
-2644
-2595
-2494
-2393
-2327
-2256
-2185
-2032
-1869
-1657
-1494
-1268
-1125
-992
-883
-720
-577
-495
-362
-229
-112
-63
13
122
239
392
545
646
755
781
842
793
717
646
585
514
413
250
-7
-233
-474
-766
-992
-1166
-1309
-1495
-1658
-1767
-1820
-1846
-1880
-1929
-1978
-1958
-1917
-1835
-1790
-1724
-1607
-1498
-1373
-1302
-1261
-1281
-1252
-1127
-915
-674
-417
-106
57
182
258
329
386
341
312
296
243
194
218
244
268
317
331
369
328
240
97
-115
-327
-490
-716
-1027
-1284
-1510
-1684
-1847
-2000
-2125
-2207
-2221
-2259
-2376
-2464
-2509
-2515
-2537
-2582
-2598
-2616
-2665
-2653
-2635
-2615
-2562
-2521
-2495
-2479
-2441
-2340
-2239
-2122
-1948
-1774
-1600
-1374
-1148
-1039
-973
-902
-807
-769
-774
-760
-821
-930
-1031
-1097
-1131
-1232
-1375
-1404
-1430
-1416
-1404
-1430
-1475
-1570
-1615
-1732
-1789
-1830
-1901
-2034
-2087
-2128
-2106
-2018
-1893
-1867
-1814
-1761
-1723
-1764
-1742
-1697
-1685
-1653
-1592
-1418
-1161
-808
-355
127
552
826
1118
1449
1647
1904
2021
2092
2137
2105
1972
1884
1855
1784
1621
1468
1242
968
637
238
-137
-536
-867
-1124
-1435
-1709
-1895
-2048
-2181
-2276
-2264
-2346
-2417
-2418
-2404
-2411
-2423
-2468
-2534
-2536
-2562
-2533
-2551
-2567
-2529
-2396
-2362
-2296
-2171
-2153
-2119
-1921
-1664
-1423
-1182
-956
-782
-700
-659
-496
-435
-476
-473
-472
-355
-314
-326
-317
-351
-439
-444
-489
-652
-864
-896
-1013
-1156
-1319
-1462
-1625
-1750
-1936
-2061
-2186
-2295
-2366
-2483
-2626
-2779
-2850
-2903
-2898
-2924
-2950
-2984
-3072
-3143
-3231
-3302
-3343
-3404
-3382
-3406
-3430
-3531
-3551
-3617
-3658
-3617
-3572
-3496
-3343
-3210
-3134
-3058
-2860
-2717
-2708
-2740
-2749
-2755
-2706
-2703
-2685
-2640
-2591
-2525
-2476
-2542
-2441
-2396
-2320
-2275
-2230
-2177
-2161
-2132
-2142
-2171
-2272
-2333
-2347
-2359
-2337
-2454
-2563
-2672
-2678
-2727
-2711
-2685
-2609
-2568
-2539
-2536
-2487
-2399
-2358
-2276
-2078
-1915
-1562
-1187
-1001
-775
-718
-387
-213
-112
-119
14
123
297
392
426
467
562
553
504
247
-27
-239
-480
-791
-1032
-1343
-1600
-1857
-2083
-2357
-2583
-2746
-2879
-2988
-3010
-3081
-3182
-3220
-3194
-3203
-3241
-3342
-3413
-3395
-3433
-3388
-3359
-3288
-3090
-2957
-2856
-2693
-2568
-2237
-2025
-1813
-1615
-1452
-1226
-1063
-851
-750
-538
-297
-154
-29
114
215
216
175
74
-167
-320
-445
-671
-869
-1110
-1253
-1406
-1569
-1755
-1953
-2227
-2538
-2869
-3110
-3384
-3547
-3680
-3781
-3815
-3829
-3780
-3770
-3756
-3711
-3650
-3589
-3557
-3448
-3323
-3352
-3323
-3266
-3264
-3223
-3189
-3144
-3095
-3105
-2980
-2892
-2885
-2914
-2975
-2970
-2921
-2812
-2736
-2627
-2561
-2460
-2438
-2343
-2277
-2176
-2067
-2010
-1978
-1968
-1967
-2001
-2096
-2221
-2364
-2517
-2626
-2800
-2901
-3064
-3165
-3290
-3366
-3467
-3555
-3604
-3555
-3484
-3375
-3293
-3140
-3135
-3217
-3334
-3435
-3496
-3478
-3484
-3593
-3625
-3591
-3490
-3437
-3376
-3378
-3329
-3253
-3287
-3344
-3469
-3491
-3473
-3444
-3450
-3479
-3484
-3485
-3503
-3386
-3320
-3157
-2931
-2719
-2507
-2321
-2095
-1821
-1547
-1430
-1313
-1127
-853
-579
-287
66
358
669
786
895
861
873
687
475
218
-135
-488
-799
-1130
-1461
-1753
-2010
-2143
-2214
-2226
-2314
-2431
-2629
-2772
-2889
-2990
-3164
-3362
-3438
-3418
-3475
-3513
-3493
-3475
-3437
-3451
-3508
-3546
-3532
-3529
-3590
-3733
-3866
-3948
-4024
-4085
-4107
-4102
-4073
-3930
-3673
-3520
-3357
-3100
-2991
-2858
-2715
-2552
-2470
-2444
-2327
-2141
-1998
-1916
-1807
-1712
-1688
-1535
-1294
-1002
-710
-498
-300
-102
41
129
163
92
-41
-123
-276
-409
-595
-807
-1099
-1373
-1684
-2037
-2348
-2589
-2815
-3013
-3254
-3379
-3440
-3501
-3596
-3602
-3640
-3606
-3540
-3520
-3534
-3560
-3478
-3496
-3496
-3480
-3454
-3520
-3544
-3528
-3462
-3374
-3273
-3075
-2912
-2759
-2533
-2276
-1945
-1733
-1580
-1427
-1264
-1139
-1051
-963
-800
-691
-505
-362
-286
-291
-352
-397
-400
-553
-569
-732
-849
-944
-1097
-1354
-1595
-1836
-1989
-2175
-2486
-2839
-3170
-3368
-3493
-3667
-3755
-3739
-3668
-3580
-3570
-3560
-3534
-3425
-3316
-3287
-3325
-3320
-3346
-3337
-3342
-3310
-3272
-3215
-3120
-2987
-2813
-2688
-2622
-2513
-2404
-2287
-2089
-1736
-1383
-1197
-999
-933
-707
-590
-495
-269
-144
9
221
447
542
675
808
803
758
615
403
162
-149
-480
-855
-1129
-1403
-1601
-1787
-1973
-2185
-2411
-2574
-2683
-2771
-2872
-2933
-2990
-2964
-2963
-2881
-2836
-2787
-2749
-2783
-2817
-2793
-2717
-2635
-2518
-2344
-2201
-2076
-1959
-1871
-1776
-1754
-1749
-1708
-1746
-1812
-1821
-1750
-1641
-1639
-1629
-1605
-1564
-1519
-1466
-1432
-1448
-1536
-1560
-1642
-1695
-1748
-1780
-1881
-1876
-1937
-1951
-2000
-2045
-1979
-1982
-1982
-1916
-1878
-1844
-1783
-1712
-1603
-1508
-1365
-1232
-1156
-1023
-880
-682
-539
-422
-313
-170
-53
72
19
9
-57
-220
-477
-594
-886
-1127
-1353
-1594
-1768
-1966
-2240
-2466
-2619
-2720
-2815
-2853
-2804
-2743
-2648
-2560
-2563
-2497
-2459
-2326
-2152
-1978
-1737
-1496
-1204
-947
-838
-652
-411
-248
-305
-276
-227
-256
-224
-136
-165
-131
-176
-185
-261
-414
-471
-537
-646
-763
-872
-997
-1023
-1156
-1330
-1504
-1667
-1784
-1958
-1955
-1989
-2065
-2087
-2116
-2132
-2126
-2081
-1964
-1863
-1738
-1540
-1483
-1490
-1327
-1270
-1182
-1073
-1012
-983
-912
-846
-758
-532
-201
40
266
292
276
321
324
304
314
276
167
24
-139
-380
-621
-932
-1057
-1190
-1447
-1688
-1831
-1974
-2075
-2200
-2317
-2333
-2382
-2370
-2394
-2385
-2407
-2416
-2402
-2447
-2402
-2392
-2326
-2324
-2323
-2262
-2119
-1933
-1676
-1551
-1353
-1061
-804
-651
-488
-262
49
323
521
747
1004
1137
1280
1423
1476
1419
1276
1102
845
492
139
-214
-506
-763
-926
-1100
-1263
-1489
-1687
-1944
-2185
-2411
-2506
-2623
-2676
-2737
-2766
-2748
-2745
-2727
-2761
-2700
-2705
-2644
-2501
-2467
-2401
-2276
-2002
-1745
-1434
-1081
-807
-533
-180
77
334
546
679
674
684
639
649
652
527
402
249
37
-126
-383
-595
-887
-1198
-1472
-1764
-2095
-2293
-2479
-2691
-2744
-2826
-2935
-3006
-3020
-2959
-2902
-2849
-2788
-2693
-2576
-2564
-2503
-2394
-2261
-2179
-2201
-2210
-2169
-2185
-2147
-2161
-2085
-1942
-1841
-1708
-1522
-1348
-1150
-987
-761
-469
-195
97
295
536
828
1181
1556
1887
2040
2203
2177
2175
2087
1889
1746
1520
1279
904
663
371
18
-435
-810
-1067
-1324
-1550
-1762
-1887
-1953
-1977
-2038
-2064
-2096
-2178
-2223
-2207
-2136
-2138
-2164
-2119
-2018
-1965
-1912
-1946
-1952
-2023
-2080
-2151
-2252
-2203
-2142
-1885
-1644
-1418
-1019
-594
-283
-57
342
583
894
1293
1624
1865
2106
2332
2465
2489
2401
2203
2040
1766
1540
1229
854
523
192
-119
-472
-729
-915
-1101
-1313
-1476
-1629
-1724
-1867
-1933
-2021
-1888
-1864
-1909
-1848
-1889
-1863
-1908
-1832
-1814
-1875
-1916
-1894
-1939
-1886
-1924
-1902
-1947
-1923
-1976
-1988
-1931
-1822
-1491
-1092
-693
-340
13
388
719
1050
1381
1534
1720
1829
1776
1681
1586
1374
1133
859
567
214
-117
-409
-650
-907
-1181
-1407
-1681
-1747
-1900
-1966
-2000
-1962
-1913
-1875
-1799
-1783
-1812
-1894
-1903
-1919
-1931
-1830
-1796
-1747
-1738
-1739
-1553
-1379
-1026
-673
-342
83
508
819
1031
1257
1469
1681
1824
1900
2009
2008
2109
2038
1985
1799
1573
1347
1106
731
474
182
-129
-386
-549
-823
-1064
-1250
-1462
-1674
-1848
-1957
-2033
-2038
-2126
-2110
-2117
-2076
-2035
-2037
-1999
-1987
-1854
-1691
-1479
-1205
-913
-602
-390
-79
178
331
543
668
739
848
839
905
889
863
831
590
364
269
95
-236
-399
-542
-768
-994
-1268
-1525
-1668
-1909
-2121
-2246
-2328
-2453
-2541
-2658
-2821
-2831
-2902
-2940
-2993
-3009
-3066
-3054
-3028
-2946
-2837
-2776
-2643
-2445
-2188
-1914
-1432
-852
-399
-68
243
554
780
943
1004
951
950
874
894
841
655
443
217
-75
-332
-420
-632
-844
-1070
-1158
-1283
-1344
-1439
-1613
-1666
-1644
-1720
-1777
-1776
-1738
-1693
-1530
-1477
-1472
-1419
-1433
-1345
-1319
-1186
-1043
-890
-727
-396
-85
78
389
646
832
1058
1244
1397
1514
1631
1680
1598
1582
1487
1324
1171
985
759
485
60
-315
-468
-760
-972
-1184
-1301
-1444
-1456
-1450
-1526
-1651
-1602
-1624
-1629
-1674
-1669
-1598
-1576
-1602
-1531
-1430
-1335
-1297
-1071
-696
-385
-159
67
253
494
627
780
856
868
921
876
947
822
740
679
603
558
301
115
-83
-340
-566
-919
-1093
-1319
-1545
-1662
-1919
-2105
-2206
-2263
-2358
-2446
-2401
-2340
-2378
-2307
-2300
-2274
-2048
-1874
-1688
-1447
-1249
-975
-734
-423
-149
125
351
514
677
840
1026
1114
1119
1190
1170
1150
1097
996
833
592
318
132
-142
-473
-765
-1096
-1370
-1513
-1676
-1785
-1788
-1826
-1797
-1850
-1847
-1771
-1710
-1628
-1652
-1686
-1700
-1718
-1851
-1856
-1880
-1851
-1763
-1620
-1571
-1565
-1483
-1297
-922
-523
-98
301
700
957
1074
1108
1055
984
902
820
725
572
360
186
-125
-417
-674
-985
-1296
-1522
-1734
-1991
-2248
-2330
-2375
-2463
-2453
-2479
-2346
-2301
-2225
-2241
-2215
-2191
-2130
-2104
-2003
-1886
-1841
-1825
-1754
-1755
-1826
-1979
-1984
-1991
-1915
-1874
-1850
-1755
-1622
-1436
-1327
-1153
-778
-467
-193
81
480
933
1358
1650
1961
2202
2443
2606
2701
2719
2533
2292
2149
1963
1820
1546
1254
980
706
432
79
-252
-605
-897
-1060
-1203
-1304
-1399
-1532
-1620
-1721
-1803
-1885
-1907
-1897
-1998
-2059
-2064
-2069
-2118
-2235
-2306
-2335
-2182
-2039
-1728
-1397
-972
-459
-6
419
562
557
633
686
553
327
184
31
-195
-328
-569
-826
-1012
-1165
-1290
-1372
-1377
-1343
-1294
-1301
-1279
-1261
-1227
-1189
-1201
-1267
-1343
-1311
-1291
-1313
-1301
-1325
-1301
-1281
-1247
-1304
-1421
-1503
-1591
-1700
-1624
-1481
-1255
-924
-411
245
862
1407
2024
2477
2718
2827
2893
2875
2722
2621
2539
2438
2252
2089
1815
1462
1109
756
425
151
-123
-380
-606
-832
-949
-1147
-1300
-1486
-1595
-1696
-1821
-1922
-1942
-2003
-2074
-2077
-1995
-2000
-1976
-2017
-2026
-2114
-2185
-2084
-1996
-1951
-1765
-1591
-1334
-909
-396
260
877
1422
1797
2128
2354
2436
2360
2294
2218
2180
2017
1819
1656
1364
1138
926
685
444
246
34
-192
-378
-576
-887
-1240
-1466
-1532
-1566
-1648
-1714
-1736
-1665
-1675
-1695
-1736
-1812
-1741
-1732
-1714
-1823
-1714
-1700
-1676
-1588
-1576
-1596
-1572
-1527
-1410
-1285
-1028
-629
-230
123
605
1030
1483
1709
1950
2067
2112
2063
2022
1879
1667
1481
1224
1026
651
252
-101
-412
-653
-894
-1120
-1394
-1557
-1700
-1886
-2019
-2136
-2224
-2333
-2324
-2358
-2276
-2310
-2278
-2254
-2244
-2218
-2169
-2068
-1959
-1927
-1774
-1631
-1645
-1623
-1614
-1594
-1518
-1393
-1195
-713
-260
71
328
526
738
891
903
935
940
887
744
581
536
373
220
95
-131
-329
-503
-701
-899
-1042
-1195
-1338
-1387
-1448
-1466
-1523
-1584
-1566
-1575
-1657
-1619
-1562
-1524
-1475
-1414
-1353
-1236
-1127
-1039
-944
-862
-861
-986
-1031
-1007
-975
-858
-584
-209
190
501
727
780
787
758
657
504
361
208
45
-88
-241
-415
-532
-744
-956
-1022
-1208
-1303
-1436
-1561
-1724
-1726
-1716
-1722
-1677
-1675
-1637
-1549
-1565
-1599
-1550
-1512
-1503
-1481
-1424
-1433
-1566
-1675
-1682
-1581
-1428
-1117
-692
-293
18
181
324
373
379
395
197
11
-132
-241
-415
-601
-710
-908
-942
-991
-1032
-1052
-1050
-1107
-1119
-1121
-1209
-1225
-1249
-1258
-1232
-1156
-1149
-1148
-1214
-1238
-1287
-1358
-1491
-1450
-1472
-1246
-1093
-819
-508
-155
86
272
470
727
925
1151
1504
1629
1762
1576
1423
1211
954
742
450
97
-302
-655
-881
-1014
-1177
-1389
-1532
-1730
-1775
-1759
-1876
-1900
-1862
-1833
-1807
-1810
-1744
-1770
-1746
-1613
-1504
-1520
-1432
-1420
-1363
-1325
-1216
-1128
-1140
-1045
-1019
-778
-403
50
425
850
1249
1490
1731
1840
1852
1719
1594
1441
1243
1057
914
622
330
144
-187
-461
-614
-788
-921
-887
-911
-1054
-1130
-1116
-1154
-1271
-1380
-1533
-1666
-1819
-1872
-1933
-2058
-2042
-1971
-1918
-1801
-1713
-1580
-1437
-1304
-1106
-1011
-1093
-950
-597
-222
231
656
987
1386
1643
1829
1972
1963
1830
1656
1458
1201
1048
822
548
256
-55
-329
-541
-650
-783
-936
-958
-990
-984
-1013
-1029
-1019
-1001
-930
-873
-889
-913
-825
-841
-784
-764
-631
-593
-619
-680
-729
-576
-538
-531
-619
-782
-831
-964
-898
-765
-390
123
454
785
861
943
977
916
753
555
224
61
-213
-376
-602
-828
-981
-1076
-1201
-1223
-1194
-1276
-1296
-1305
-1422
-1442
-1537
-1496
-1506
-1381
-1107
-895
-669
-457
-324
-271
-108
-26
107
250
462
571
659
833
958
1007
950
776
613
387
161
-51
-308
-582
-839
-1080
-1391
-1648
-1846
-1880
-1981
-2030
-2042
-1954
-1859
-1783
-1812
-1703
-1669
-1587
-1492
-1426
-1369
-1216
-1107
-1058
-1063
-920
-777
-536
-310
-185
-84
4
105
436
889
1434
1833
2208
2449
2427
2374
2365
2179
1938
1646
1271
997
598
199
-112
-487
-818
-1016
-1257
-1431
-1584
-1701
-1727
-1776
-1864
-1921
-1962
-2033
-2057
-2083
-2109
-2014
-1932
-1779
-1626
-1385
-1074
-561
-48
351
726
1057
1432
1606
1792
1978
2204
2257
2243
2186
2120
1894
1563
1164
682
257
-118
-631
-1030
-1256
-1530
-1728
-1985
-2080
-2118
-2106
-2088
-2086
-1961
-1908
-1882
-1935
-1984
-1952
-1876
-1805
-1704
-1678
-1561
-1398
-1273
-1220
-1103
-994
-808
-732
-679
-613
-597
-472
-198
133
425
651
837
894
888
676
435
209
-122
-521
-874
-1327
-1726
-2101
-2454
-2853
-3164
-3376
-3562
-3748
-3857
-3990
-3933
-3907
-3850
-3793
-3744
-3656
-3539
-3473
-3428
-3379
-3372
-3271
-3128
-2975
-2963
-2854
-2680
-2547
-2542
-2587
-2653
-2633
-2459
-2060
-1749
-1350
-925
-572
-346
-134
-108
-271
-424
-610
-867
-1065
-1277
-1463
-1689
-1963
-2175
-2292
-2435
-2598
-2680
-2718
-2779
-2738
-2585
-2460
-2365
-2167
-1955
-1822
-1669
-1495
-1309
-1176
-978
-853
-679
-422
-130
82
153
162
238
355
596
971
1370
1723
1949
2161
2166
2003
1805
1452
1141
788
413
-12
-343
-617
-874
-1086
-1327
-1428
-1537
-1505
-1502
-1449
-1378
-1253
-1055
-798
-572
-346
-134
64
207
448
581
669
740
893
1026
1108
1149
1115
1027
829
686
610
549
478
500
774
1066
1307
1368
1370
1207
995
754
497
223
-130
-422
-696
-1027
-1284
-1541
-1767
-1930
-2018
-2000
-2038
-2024
-1992
-1939
-1851
-1798
-1760
-1678
-1602
-1640
-1716
-1690
-1739
-1882
-1898
-2051
-2204
-2313
-2318
-2375
-2250
-2243
-2057
-1746
-1520
-1228
-971
-773
-547
-373
-382
-491
-616
-802
-1028
-1269
-1495
-1693
-1846
-1947
-1976
-2047
-2076
-1943
-1848
-1715
-1686
-1591
-1538
-1405
-1193
-1068
-905
-860
-686
-648
-693
-794
-756
-499
-242
-1
197
298
461
543
769
922
1233
1350
1388
1271
1085
828
602
361
-14
-288
-451
-546
-539
-610
-655
-610
-569
-481
-424
-431
-365
-283
-212
-226
-359
-460
-623
-621
-746
-817
-926
-888
-912
-988
-1141
-1147
-961
-720
-522
-434
-208
305
922
1435
1834
2091
2144
2130
2101
1860
1568
1169
794
369
-30
-455
-937
-1362
-1737
-2090
-2421
-2647
-2859
-2968
-3111
-3206
-3339
-3502
-3645
-3871
-4014
-4036
-4014
-3953
-3958
-4019
-3886
-3575
-3062
-2482
-1826
-1128
-430
150
806
1288
1687
1998
2141
2053
1890
1616
1324
1032
721
296
-15
-227
-484
-795
-1007
-1193
-1504
-1647
-1756
-1801
-1775
-1704
-1692
-1616
-1571
-1510
-1465
-1383
-1295
-1281
-1310
-1292
-1353
-1406
-1455
-1484
-1513
-1513
-1437
-1388
-1287
-1230
-1201
-1140
-1007
-981
-952
-835
-819
-731
-711
-658
-432
-206
6
280
572
1025
1538
2118
2774
3430
3912
4365
4790
4953
5054
5016
4873
4675
4501
4170
3859
3506
3053
2571
2089
1636
1237
906
553
222
-70
-344
-675
-1006
-1263
-1520
-1761
-1987
-2199
-2440
-2681
-2798
-2732
-2520
-2411
-2213
-2225
-2062
-1731
-1420
-1128
-615
2
791
1408
1921
2232
2327
2251
2088
1945
1759
1547
1335
1004
730
377
-22
-447
-900
-1174
-1400
-1501
-1602
-1631
-1565
-1448
-1436
-1398
-1384
-1472
-1481
-1530
-1521
-1562
-1550
-1675
-1669
-1660
-1736
-1716
-1804
-1790
-1822
-1721
-1668
-1678
-1617
-1431
-1336
-1412
-1259
-1193
-1105
-1023
-825
-599
-246
452
1194
1892
2634
3376
4032
4324
4498
4335
4078
3837
3526
3101
2748
2203
1658
1176
631
206
-307
-682
-1013
-1412
-1765
-2006
-2232
-2406
-2515
-2553
-2662
-2779
-2745
-2806
-2888
-3100
-3161
-2935
-2661
-2420
-2338
-2140
-1829
-1617
-1391
-1016
-563
-18
599
998
1329
1621
1746
1664
1547
1361
1149
892
680
369
77
-298
-609
-1062
-1373
-1704
-2035
-2123
-2199
-2211
-2243
-2186
-2110
-2086
-2100
-2107
-2100
-1947
-1927
-1922
-1975
-1997
-2004
-1982
-1937
-1828
-1685
-1532
-1466
-1280
-1192
-1166
-940
-323
333
989
1569
2082
2627
3080
3433
3607
3593
3536
3383
3220
3057
2783
2542
2211
1836
1544
1191
950
525
233
-249
-731
-1042
-1417
-1658
-1899
-2156
-2319
-2428
-2545
-2654
-2807
-2852
-2961
-2987
-2982
-2987
-2921
-2931
-2882
-2958
-3007
-3089
-2946
-2772
-2609
-2456
-2303
-2062
-1609
-992
-294
362
844
1269
1722
1963
1947
1865
1756
1703
1517
1331
1105
879
622
459
84
-291
-622
-896
-1108
-1334
-1429
-1538
-1663
-1816
-1969
-2078
-2119
-2201
-2289
-2287
-2369
-2532
-2589
-2690
-2778
-2783
-2701
-2592
-2510
-2367
-2242
-2030
-1887
-1689
-1432
-1344
-1070
-717
-406
-95
236
749
1329
1811
2293
2746
3020
3115
3197
3250
3076
2943
2800
2574
2282
1929
1504
1022
647
194
-288
-663
-1088
-1441
-1816
-2147
-2500
-2774
-2927
-3139
-3227
-3344
-3432
-3470
-3504
-3565
-3614
-3569
-3583
-3545
-3444
-3510
-3619
-3651
-3704
-3651
-3680
-3406
-3114
-2569
-2024
-1235
-493
163
780
1436
1710
1967
1996
1970
1958
1795
1652
1557
1508
1334
1171
973
856
693
436
61
-231
-488
-819
-1076
-1274
-1531
-1772
-1984
-2196
-2408
-2606
-2707
-2716
-2583
-2291
-1892
-1767
-1593
-1336
-1138
-995
-797
-372
141
654
1107
1589
2014
2527
3009
3340
3493
3550
3501
3400
3226
2873
2581
2206
1724
1242
843
390
37
-362
-654
-985
-1226
-1537
-1811
-2052
-2264
-2407
-2502
-2584
-2685
-2697
-2735
-2868
-2867
-3000
-2955
-2873
-2820
-2738
-2621
-2639
-2659
-2741
-2807
-2736
-2619
-2194
-1577
-921
-179
610
1449
2238
2936
3481
3722
3855
3855
3810
3722
3589
3348
3074
2817
2576
2284
2010
1736
1573
1262
1021
668
357
-68
-443
-896
-1321
-1720
-2095
-2369
-2581
-2755
-2698
-2573
-2316
-1985
-1787
-1601
-1448
-1285
-1099
-936
-750
-538
-264
111
510
1023
1603
2028
2359
2734
2851
2853
2720
2508
2251
1920
1567
1168
686
233
-280
-793
-1218
-1571
-1863
-2174
-2337
-2629
-2762
-2925
-3068
-3211
-3312
-3486
-3619
-3720
-3769
-3902
-4100
-4106
-4111
-4193
-4111
-4016
-3921
-3926
-3914
-3890
-3802
-3545
-3120
-2767
-2187
-1295
-287
852
2063
2902
3558
3889
3894
3928
3840
3654
3397
3140
2829
2430
2005
1606
1295
920
589
236
-75
-316
-691
-932
-1144
-1370
-1644
-1918
-2000
-2076
-2229
-2305
-2366
-2491
-2544
-2570
-2544
-2707
-2723
-2805
-2734
-2581
-2493
-2471
-2481
-2440
-2452
-2569
-2481
-2307
-2050
-1394
-555
453
1592
2541
3283
3682
3704
3616
3390
3059
2660
2307
1854
1429
947
465
-115
-732
-1312
-1825
-2178
-2509
-2766
-2909
-3072
-3110
-3176
-3210
-3248
-3274
-3256
-3234
-3196
-3199
-3154
-3105
-3010
-2969
-2881
-2683
-2457
-2231
-2033
-1870
-1769
-1495
-1221
-890
-537
-84
496
1113
1811
2509
3022
3421
3554
3513
3493
3405
3280
3117
2891
2617
2242
1817
1442
1089
815
523
297
23
-120
-318
-471
-645
-871
-1004
-1230
-1416
-1525
-1723
-1876
-2039
-2164
-2281
-2382
-2535
-2611
-2582
-2566
-2490
-2476
-2490
-2547
-2618
-2706
-2732
-2579
-2353
-2155
-1914
-1334
-592
197
939
1778
2358
2840
3132
3295
3356
3115
2858
2617
2286
1994
1619
1166
767
392
-7
-264
-476
-619
-744
-877
-1051
-1033
-1245
-1388
-1433
-1504
-1599
-1648
-1765
-1853
-1898
-1964
-2127
-2270
-2395
-2307
-2266
-2361
-2279
-2241
-2159
-1947
-1761
-1587
-1375
-795
44
1116
2065
3137
3879
4392
4745
4870
4852
4743
4569
4238
3863
3510
3199
2686
2069
1524
1011
658
366
-33
-325
-700
-974
-1127
-1419
-1605
-1693
-1950
-2011
-2237
-2423
-2511
-2644
-2761
-2987
-3120
-3273
-3459
-3388
-3376
-3425
-3463
-3588
-3637
-3555
-3494
-3369
-3128
-2942
-2611
-2066
-1410
-402
490
1382
2124
2704
3103
3277
3291
3209
3011
2886
2612
2487
2134
1823
1448
966
613
260
-93
-385
-611
-903
-1129
-1224
-1481
-1576
-1701
-1975
-2267
-2479
-2588
-2689
-2699
-2513
-2350
-2076
-1923
-1790
-1533
-1408
-1077
-865
-608
-351
131
748
1446
2144
2800
3345
3698
3780
3868
3797
3523
3249
2975
2664
2353
1978
1525
1233
780
355
-98
-473
-714
-955
-1196
-1321
-1446
-1609
-1685
-1818
-1879
-1888
-1983
-2044
-2024
-2015
-2110
-2104
-2090
-2089
-2171
-2224
-2183
-2112
-2046
-2112
-2255
-2189
-2175
-2058
-1872
-1598
-1116
-536
356
1495
2503
3452
4150
4632
4963
4949
4775
4612
4355
4063
3771
3559
3302
2927
2502
2103
1678
1196
865
440
148
-205
-497
-808
-1065
-1357
-1710
-1967
-2165
-2476
-2674
-2817
-2991
-3073
-2997
-2909
-2827
-2811
-2678
-2466
-2209
-1834
-1608
-1028
-136
872
2083
2922
3711
4256
4530
4647
4530
4238
3885
3510
2965
2420
2021
1596
1243
844
445
114
-143
-384
-715
-989
-1187
-1413
-1556
-1742
-1983
-2126
-2192
-2280
-2351
-2484
-2493
-2618
-2675
-2838
-2848
-2893
-2959
-2985
-2799
-2682
-2641
-2675
-2677
-2687
-2690
-2619
-2486
-2245
-1700
-861
278
1489
2700
3772
4428
4803
4856
4630
4319
3988
3635
3236
2837
2384
1985
1472
1047
565
83
-342
-653
-1078
-1531
-1906
-2198
-2424
-2636
-2834
-2997
-3085
-3194
-3214
-3263
-3289
-3236
-3227
-3243
-3057
-2658
-2305
-2119
-1986
-1760
-1449
-1024
-542
114
856
1805
2644
3189
3542
3799
3723
3449
3074
2561
2162
1709
1129
676
194
-205
-604
-979
-1432
-1857
-2188
-2414
-2626
-2838
-3036
-3161
-3222
-3434
-3505
-3600
-3661
-3714
-3780
-3766
-3790
-3851
-3856
-3755
-3761
-3716
-3655
-3589
-3532
-3665
-3828
-3794
-3520
-3145
-2814
-2588
-2517
-2354
-1901
-952
-60
1012
2151
3223
3921
4252
4377
4244
3970
3639
3214
2761
2279
1854
1341
859
346
-234
-687
-1062
-1354
-1611
-1774
-1937
-1975
-1918
-1947
-2064
-2082
-2127
-2098
-2159
-2230
-2210
-2222
-2293
-2394
-2337
-2280
-2223
-2264
-2282
-2206
-2180
-2142
-1989
-1678
-1098
-309
583
1655
2604
3221
3674
3985
4026
3814
3483
3058
2576
1996
1483
1030
548
123
-118
-449
-760
-1135
-1466
-1777
-2069
-2343
-2392
-2535
-2526
-2485
-2453
-2473
-2485
-2424
-2390
-2399
-2408
-2469
-2445
-2471
-2524
-2540
-2649
-2667
-2784
-2872
-3146
-3152
-3086
-2998
-2835
-2726
-2869
-2964
-2847
-2365
-1667
-595
773
2060
3132
4024
4449
4612
4610
4424
4025
3572
3197
2822
2423
1970
1457
877
332
-181
-694
-1093
-1404
-1696
-1970
-2196
-2507
-2764
-3021
-3164
-3362
-3515
-3668
-3925
-4166
-4261
-4144
-3981
-3670
-3582
-3487
-3426
-3355
-3267
-2936
-2511
-1894
-1238
-540
158
775
1228
1469
1522
1593
1419
1193
952
678
386
145
-67
-341
-716
-973
-1284
-1637
-1929
-2062
-2074
-2169
-2251
-2256
-2409
-2504
-2575
-2684
-2837
-2938
-2999
-3025
-3113
-3154
-3263
-3218
-3204
-3198
-3323
-3476
-3619
-3657
-3524
-3267
-2956
-2868
-2715
-2681
-2556
-2157
-1644
-752
320
1459
2746
3754
4334
4733
4886
4845
4647
4336
4025
3714
3315
2984
2531
2106
1653
1200
655
302
-97
-389
-700
-1053
-1364
-1605
-1817
-1991
-2154
-2317
-2333
-2311
-2364
-2562
-2544
-2566
-2615
-2616
-2609
-2466
-2174
-1948
-1914
-1771
-1497
-1098
-481
358
1197
1986
2728
3308
3619
3793
3864
3803
3591
3216
2885
2510
2367
2141
1810
1499
1273
1120
894
602
291
50
-148
-405
-579
-704
-867
-1079
-1188
-1331
-1474
-1627
-1790
-1943
-2031
-2102
-2288
-2278
-2229
-2128
-1954
-1940
-1797
-1623
-1570
-1461
-1235
-961
-479
219
1168
2007
2899
3597
4079
4353
4327
4164
3811
3519
3037
2524
1907
1425
1026
481
-32
-324
-837
-1262
-1715
-2168
-2681
-2893
-3091
-3332
-3624
-3749
-3815
-3910
-4043
-4052
-4118
-4206
-4277
-4475
-4649
-4687
-4763
-4937
-4849
-4732
-4589
-4488
-4400
-4275
-4291
-4079
-3597
-2705
-1494
-283
1004
2291
3130
3828
4227
4298
4100
3747
3348
2866
2249
1632
1119
720
267
-64
-439
-750
-1103
-1360
-1601
-1754
-1871
-1942
-1920
-1904
-1888
-1771
-1689
-1636
-1554
-1501
-1440
-1358
-1320
-1300
-1341
-1341
-1375
-1401
-1575
-1663
-1724
-1910
-2184
-2309
-2566
-2858
-2991
-3086
-3174
-3021
-2568
-1619
-408
731
1942
3014
3756
4155
4264
4131
3778
3379
2926
2381
1899
1417
964
653
396
-3
-277
-676
-1051
-1362
-1654
-1866
-2052
-2161
-2232
-2430
-2583
-2654
-2807
-2860
-2874
-2991
-3032
-3149
-2951
-2818
-2800
-2782
-2733
-2441
-1861
-1281
-539
300
1139
1795
2340
2651
2962
3015
3006
2853
2561
2186
1833
1408
1033
741
366
92
-61
-194
-468
-680
-843
-1084
-1201
-1354
-1479
-1391
-1444
-1476
-1492
-1502
-1468
-1430
-1525
-1626
-1650
-1626
-1735
-1868
-1909
-1980
-2018
-2084
-2072
-2069
-1981
-2090
-2135
-2427
-2780
-2923
-2949
-2550
-1761
-753
319
1458
2297
2877
3103
3065
2791
2499
1986
1441
928
446
-36
-367
-698
-896
-1227
-1519
-1760
-2113
-2325
-2566
-2654
-2866
-3123
-3397
-3583
-3824
-4050
-4276
-4419
-4660
-4761
-4795
-4993
-5015
-5140
-5303
-5352
-5447
-5600
-5606
-5572
-5173
-4517
-3678
-2839
-2000
-1051
21
1029
1868
2448
2901
3113
3031
2790
2391
1966
1386
873
391
-189
-542
-853
-1127
-1368
-1511
-1685
-1871
-2112
-2386
-2584
-2717
-2758
-2911
-3036
-3058
-3005
-2967
-2901
-2813
-2587
-2492
-2435
-2310
-2185
-2022
-1765
-1412
-1037
-763
-675
-682
-549
-483
-459
-296
35
733
1522
2414
3422
4561
5453
5852
6015
5774
5194
4405
3513
2621
1832
1043
301
-279
-977
-1522
-2178
-2758
-3240
-3615
-3907
-4060
-4169
-4222
-4204
-4249
-4315
-4206
-4008
-3834
-3773
-3724
-3887
-4040
-4135
-3982
-3469
-2852
-2154
-1755
-1721
-1792
-1806
-1859
-1904
-1663
-1288
-708
-91
489
914
1155
1139
1086
845
470
-75
-557
-1102
-1527
-2009
-2340
-2715
-3090
-3302
-3677
-4030
-4256
-4305
-4331
-4419
-4399
-4448
-4514
-4502
-4573
-4759
-4892
-4958
-5040
-5141
-5155
-5264
-5417
-5437
-5580
-5681
-5824
-5987
-6058
-6146
-6247
-6308
-6461
-6635
-6711
-6760
-6728
-6704
-6463
-5846
-4774
-3563
-2276
-908
303
1375
2073
2384
2343
2032
1550
970
314
-266
-691
-1116
-1541
-1966
-2448
-2873
-3272
-3625
-3899
-4111
-4323
-4372
-4358
-4483
-4657
-4810
-4876
-5062
-5187
-5263
-5449
-5478
-5560
-5589
-5377
-5120
-4846
-4703
-4540
-4187
-3642
-2944
-1936
-928
21
970
1809
2354
2595
2738
2756
2613
2372
2041
1710
1311
1019
833
788
731
705
660
777
695
721
759
788
897
881
707
612
580
612
713
925
928
1053
1039
963
830
721
429
320
219
131
-12
-113
-201
-399
-625
-882
-1080
-1433
-1858
-2311
-2686
-2724
-2371
-1479
-340
1028
2315
3526
4534
5232
5812
6165
6318
6289
6048
5737
5384
5031
4757
4583
4309
4097
3840
3529
3303
3011
2837
2663
2575
2432
2234
2048
1791
1579
1462
1424
1421
1345
1257
1263
1175
1093
960
851
785
776
613
260
-139
-492
-451
-76
713
2000
3211
4160
4949
5494
5947
6090
6096
5898
5499
4954
4409
3792
3136
2556
1900
1158
613
100
-413
-838
-1213
-1524
-1641
-1694
-1803
-1874
-1999
-2028
-2129
-2195
-2320
-2330
-2327
-2513
-2725
-2834
-3060
-3131
-3294
-3355
-3273
-3216
-3091
-3092
-3098
-2872
-2473
-1684
-612
396
1404
2296
3038
3491
3567
3518
3332
2933
2602
2291
1916
1491
1138
881
748
562
429
155
-102
-376
-633
-819
-895
-1012
-1028
-1021
-1011
-1004
-1028
-1123
-1129
-1134
-1191
-1232
-1171
-1105
-942
-789
-591
-466
-357
-275
-214
-200
-295
-366
-454
-652
-1077
-1590
-2072
-2270
-2096
-1398
-187
1181
2468
3755
4827
5569
6022
6248
6147
5984
5609
5029
4449
3904
3422
2969
2456
2125
1833
1592
1366
1140
1074
862
767
729
663
692
793
755
729
691
630
505
444
368
215
98
-3
-23
-7
118
243
225
72
-281
-634
-965
-1053
-796
-251
491
1383
2172
2789
3242
3483
3430
3204
2805
2323
1706
867
211
-302
-919
-1575
-2273
-2786
-3299
-3674
-3985
-4338
-4501
-4664
-4797
-4914
-4948
-5014
-4976
-5037
-5032
-5114
-5140
-5102
-4985
-4884
-4775
-4650
-4574
-4376
-4288
-4179
-4228
-4219
-4231
-4405
-4385
-4518
-4671
-4804
-4937
-5135
-5376
-5550
-5576
-5335
-4386
-3018
-1650
-282
929
1937
2776
3129
3327
3436
3238
3040
2915
2658
2472
2198
1972
1698
1535
1426
1185
893
667
469
412
269
220
125
105
89
134
134
2103
12160
13232
12490
11910
11457
11058
10992
11166
11477
12057
12896
13845
14794
15686
15978
16190
16543
16835
16960
16994
16831
16500
16075
15530
14741
13999
13210
12468
11679
11023
10406
9953
9500
8987
8534
8052
7795
7442
7168
6837
6563
6289
5997
5644
5352
5140
4966
4768
4570
4417
4106
3849
3474
3121
2722
2177
1560
904
324
-129
-292
-197
285
1074
2023
3031
4039
4931
5673
6290
6772
7013
7108
7051
6839
6582
6100
5769
5571
5146
4835
4482
4151
3925
3713
3570
3372
3080
2854
2642
2416
2105
1848
1607
1350
1164
966
813
704
463
289
115
-111
-297
-495
-648
-922
-1148
-1389
-1615
-1856
-2113
-2370
-2681
-2879
-3105
-3362
-3654
-3828
-4120
-4394
-4705
-4695
-4150
-3011
-1643
-189
1022
2161
2950
3281
3424
3336
3138
2807
2533
2108
1709
1417
1125
884
658
541
329
88
-169
-302
-411
-366
-223
-90
11
49
174
227
276
283
317
200
257
175
99
73
12
21
122
188
237
94
96
270
601
875
1206
1751
2368
3440
4727
5799
6691
7640
8429
8974
9160
9261
9327
9256
9044
8713
8260
7949
7638
7285
6910
6535
6160
5829
5518
5207
4876
4702
4516
4373
4187
4024
3923
3828
3757
3614
3573
3516
3475
3409
3403
3413
3325
3287
3328
3211
3129
2996
2962
2861
2790
2756
2680
2579
2522
2560
2451
2363
2254
1962
1819
1621
1409
1183
926
634
377
165
214
759
1501
2573
3645
4717
5556
5981
6222
6288
6171
5860
5435
4890
4377
3797
3180
2563
1946
1366
941
610
279
22
-270
-511
-697
-883
-1036
-1199
-1425
-1637
-1894
-2168
-2460
-2752
-3044
-3177
-3234
-3283
-3259
-3061
-2708
-2128
-1472
-580
259
1001
1840
2420
2795
3087
3109
2956
2581
2068
1586
1041
559
46
-379
-754
-1065
-1376
-1617
-1891
-2089
-2315
-2489
-2730
-2987
-3112
-3221
-3309
-3442
-3551
-3639
-3637
-3675
-3728
-3794
-3847
-3904
-3980
-4113
-4222
-4347
-4429
-4474
-4475
-4513
-4475
-4463
-4300
-4126
-3973
-3787
-3662
-3309
-2796
-2179
-1481
-642
197
895
1408
1700
1898
1955
1812
1555
1281
828
429
98
-301
-676
-987
-1261
-1473
-1606
-1792
-1901
-1996
-2010
-2127
-2290
-2372
-2515
-2535
-2555
-2608
-2696
-2767
-2833
-2899
-2925
-2872
-2981
-3047
-3069
-3078
-3135
-3192
-3147
-3065
-3094
-2941
-2778
-2604
-2392
-2218
-2173
-2040
-1766
-1413
-1082
-683
-103
686
1525
2105
2362
2463
2251
1977
1685
1286
1045
788
389
78
-321
-774
-1287
-1740
-2032
-2363
-2549
-2712
-2886
-3072
-3270
-3423
-3597
-3795
-3773
-3855
-3943
-4076
-4088
-4072
-4011
-3940
-3787
-3686
-3569
-3563
-3620
-3763
-4037
-4278
-4464
-4705
-4879
-4967
-5076
-5060
-4729
-4184
-3442
-2434
-1295
-287
552
1294
1568
1825
1839
1486
1155
673
160
-385
-810
-1323
-1805
-2158
-2611
-3010
-3492
-3945
-4298
-4723
-4921
-5119
-5157
-5252
-5369
-5502
-5728
-5871
-6097
-6323
-6676
-7101
-7476
-7688
-7900
-7988
-8049
-7792
-7439
-6822
-6080
-5131
-4182
-3440
-2698
-1956
-1474
-1075
-722
-634
-691
-965
-1318
-1743
-2168
-2621
-3020
-3395
-3820
-4112
-4511
-4803
-5044
-5256
-5409
-5504
-5472
-5390
-5345
-5257
-5241
-5153
-5131
-5197
-5179
-5228
-5167
-5079
-5026
-4863
-4802
-4736
-4758
-4676
-4674
-4557
-4440
-4364
-4293
-4198
-4000
-3875
-3780
-3723
-3549
-3461
-3420
-3363
-3366
-3432
-3414
-3412
-3446
-3503
-3677
-3875
-4206
-4751
-5296
-5537
-6235
-6891
-7244
-7018
-6320
-5181
-3813
-2172
-804
335
1077
1334
1239
1086
829
404
51
-431
-884
-1397
-1796
-2171
-2502
-2833
-3045
-3127
-3353
-3516
-3641
-3682
-3748
-3793
-3926
-4043
-4176
-4350
-4475
-4687
-4944
-5275
-5549
-5644
-5647
-5449
-4904
-4248
-3356
-2464
-1722
-1024
-368
212
543
537
517
343
32
-367
-678
-1103
-1360
-1586
-1812
-2086
-2417
-2615
-2801
-2999
-3211
-3397
-3540
-3611
-3664
-3630
-3691
-3744
-3845
-3883
-3992
-4109
-4272
-4321
-4495
-4669
-4867
-5010
-5051
-5139
-5256
-5113
-4988
-4762
-4309
-3611
-2662
-1713
-705
134
832
1314
1625
1713
1588
1314
1003
578
125
-328
-810
-1051
-1343
-1529
-1646
-1820
-1953
-1967
-2100
-2029
-1928
-1867
-1742
-1762
-1629
-1466
-1395
-1294
-1233
-1249
-1306
-1332
-1408
-1541
-1704
-1786
-1824
-1865
-1863
-1818
-1747
-1604
-1592
-1630
-1548
-1491
-1420
-1425
-1413
-1439
-1465
-1456
-1403
-1474
-1562
-1638
-1687
-1885
-2083
-2269
-2455
-2830
-3087
-3220
-3595
-3906
-4104
-4028
-3483
-2475
-1403
-35
914
1612
1810
1973
1980
1817
1543
1232
879
605
331
145
-53
-216
-402
-643
-900
-1033
-1021
-950
-862
-886
-918
-963
-1051
-1176
-1301
-1418
-1604
-1878
-2135
-2347
-2746
-3259
-3712
-4292
-4691
-4917
-5070
-5088
-4847
-4302
-3560
-2771
-1932
-1040
-201
497
896
1227
1453
1586
1639
1465
1291
1128
930
689
463
189
-23
-148
-186
-443
-568
-519
-537
-613
-722
-771
-774
-773
-735
-678
-569
-664
-705
-822
-923
-1024
-1141
-1294
-1447
-1721
-2174
-2599
-2998
-3351
-3704
-3996
-4067
-3793
-3340
-2760
-1868
-976
32
981
1820
2476
2958
3199
3270
3263
3154
2672
2190
1837
1526
1285
1011
991
989
923
891
774
611
589
513
412
402
376
335
376
417
499
624
850
903
1028
1137
1323
1418
1551
1552
1503
1532
1483
1434
1346
1172
1047
873
740
577
524
490
472
438
377
214
-78
-477
-1022
-1639
-2152
-2364
-2255
-1981
-1528
-872
-33
916
1924
2873
3529
3954
4097
4009
3783
3430
2885
2403
2050
1625
1143
832
606
497
354
320
249
223
90
161
314
439
770
2514
3131
3530
3822
4221
4734
5390
5970
5869
5494
5141
4766
4435
4161
3887
3646
3434
3271
3176
3023
2989
2894
2887
2953
3284
3982
4771
5720
6418
6963
7255
7380
7298
7072
6886
6533
6241
5888
5463
5038
4613
4339
4047
3755
3529
3458
3349
3381
3555
3729
3915
4156
4397
4595
4781
4803
4787
4686
4553
4444
4460
4752
5332
5465
5547
5608
9003
10972
10786
10512
10490
10653
10894
11120
11431
11742
11954
12128
12261
12283
12158
11917
11464
10919
10406
9861
9462
9391
9603
10183
10763
11419
12208
13216
14224
15173
15598
15796
15708
15309
14856
14311
13655
12999
12160
11462
10673
9931
9314
8697
8184
7731
7332
7040
6687
6395
5942
5567
5293
5019
4793
4482
4208
4045
3804
3606
3332
3021
2668
2215
1790
1308
883
591
365
212
14
-317
-742
-1141
-1294
-1332
-1058
-513
495
1863
3408
4776
5356
5144
5035
5088
5000
4826
4495
3950
3252
2635
2090
1637
1284
992
593
168
-106
-417
-643
-681
-605
-462
-428
-319
-186
-69
26
50
36
74
-2
-103
-123
-240
-357
-482
-668
-702
-900
-995
-1207
-1370
-1441
-1502
-1385
-1144
-887
-754
-730
-956
-1248
-1505
-1658
-1533
-1108
-491
348
1137
1717
1974
2186
2137
2099
1936
1750
1509
1268
976
702
371
-82
-457
-643
-954
-1285
-1542
-1716
-1765
-1874
-2027
-2239
-2451
-2625
-2742
-2968
-3101
-3299
-3408
-3517
-3634
-3735
-3830
-3798
-3793
-3552
-3340
-3166
-3134
-3133
-3038
-2885
-2432
-1593
-644
248
1037
1693
2146
2344
2420
2311
2137
1880
1668
1357
1046
621
246
-153
-552
-1005
-1316
-1627
-1884
-2082
-2235
-2509
-2735
-2976
-3150
-3348
-3393
-3510
-3559
-3702
-3784
-3927
-3965
-3977
-4053
-4041
-3932
-3998
-4080
-4125
-4064
-4011
-3979
-3926
-3916
-3882
-3977
-4175
-4263
-4229
-4215
-4177
-4191
-4109
-4014
-3913
-3842
-3876
-3854
-3849
-3863
-4120
-4283
-4575
-4906
-5259
-5658
-6083
-6436
-6767
-6953
-6971
-6596
-5898
-5059
-3987
-3038
-2146
-1357
-777
-485
-322
-293
-381
-469
-602
-828
-1120
-1473
-1872
-2271
-2646
-3045
-3444
-3797
-4196
-4595
-4948
-5160
-5248
-5357
-5275
-5370
-5404
-5521
-5638
-5687
-5716
-5859
-6190
-6388
-6454
-6466
-6341
-5988
-5332
-4440
-3491
-2542
-1753
-1173
-748
-474
-479
-555
-729
-1060
-1413
-1812
-2211
-2564
-2856
-3148
-3389
-3681
-3973
-4159
-4284
-4447
-4633
-4776
-4847
-4942
-4935
-4996
-5049
-5174
-5215
-5233
-5431
-5564
-5673
-5914
-6206
-6331
-6605
-6706
-6589
-6557
-6371
-6159
-5614
-4916
-4077
-3005
-1933
-861
31
648
1023
1105
1029
817
716
542
301
27
-199
-411
-722
-1175
-1550
-2032
-2407
-2718
-2904
-2970
-2996
-2982
-2937
-2986
-3081
-3182
-3394
-3470
-3536
-3514
-3461
-3308
-3274
-3286
-3248
-3172
-3134
-3073
-3044
-2968
-2907
-2916
-2799
-2775
-2658
-2652
-2645
-2536
-2441
-2400
-2339
-2196
-2087
-2026
-2010
-2022
-1934
-1914
-1861
-1800
-1888
-1983
-1973
-2014
-2030
-2006
-2013
-2014
-2052
-2161
-2472
-2729
-2986
-3260
-3331
-3000
-2788
-2576
-2378
-2444
-2656
-2882
-3080
-3321
-3303
-3046
-2429
-1590
-641
15
390
564
530
377
214
16
-182
-325
-537
-778
-1109
-1462
-1773
-2030
-2271
-2624
-2977
-3218
-3475
-3661
-3859
-4022
-4185
-4411
-4585
-4877
-5089
-5400
-5674
-6073
-6365
-6418
-6220
-5675
-4783
-3834
-2942
-2244
-1546
-1064
-733
-559
-545
-590
-753
-1027
-1426
-1667
-1908
-2094
-2368
-2679
-2936
-3162
-3228
-3266
-3292
-3380
-3421
-3407
-3439
-3556
-3673
-3564
-3401
-3175
-3001
-2940
-2845
-2728
-2595
-2561
-2428
-2346
-2280
-2251
-2118
-2052
-1854
-1711
-1537
-1476
-1431
-1574
-1786
-2117
-2492
-2645
-2550
-2449
-2050
-1537
-1138
-739
-122
620
1628
2467
3047
3378
3449
3361
3008
2677
2346
1893
1494
1012
530
77
-322
-721
-1146
-1599
-1998
-2351
-2625
-2837
-3011
-3144
-3176
-3293
-3327
-3436
-3430
-3468
-3513
-3491
-3525
-3464
-3403
-3377
-3328
-3219
-3235
-3153
-3036
-2935
-2853
-2829
-2704
-2587
-2596
-2645
-2698
-2703
-2710
-2853
-3016
-3179
-3405
-3716
-4141
-4433
-4832
-5089
-5060
-4935
-4661
-4208
-3809
-3067
-2175
-1103
184
1256
2095
2520
2746
2768
2702
2490
2179
1826
1451
1076
802
677
385
-40
-415
-656
-913
-1099
-1224
-1357
-1345
-1454
-1555
-1753
-1939
-2196
-2382
-2594
-2719
-2872
-3046
-3244
-3555
-3930
-4329
-4621
-4764
-4773
-4747
-4604
-4509
-4400
-4159
-3806
-3431
-2851
-1959
-1170
-472
108
382
525
499
404
163
-94
-368
-642
-995
-1287
-1561
-1787
-2013
-2211
-2374
-2648
-2730
-2942
-3059
-3141
-3242
-3283
-3400
-3525
-3578
-3654
-3895
-4121
-4452
-4744
-4930
-4952
-4789
-4591
-4490
-4445
-4292
-4066
-3774
-3349
-2996
-2543
-1845
-896
243
1192
1981
2637
3119
3430
3531
3449
3118
2765
2366
1821
1308
909
456
31
-226
-557
-798
-961
-1056
-1097
-1179
-1236
-1285
-1367
-1476
-1639
-1615
-1577
-1553
-1465
-1356
-1374
-1313
-1180
-1178
-1219
-1153
-1115
-1039
-1036
-1002
-869
-736
-603
-405
-329
-280
-296
-201
-296
-243
-325
-328
-328
-337
-236
-148
-72
-31
10
-188
-351
-476
-662
-848
-1223
-1534
-1865
-2176
-2374
-2600
-2733
-2896
-2997
-2864
-2382
-1765
-1109
-320
469
951
1262
1436
1599
1716
1742
1689
1546
1421
1164
1069
777
565
456
522
481
440
297
134
200
134
146
172
138
226
271
138
-154
-579
-910
-1309
-1734
-2279
-2824
-3249
-3523
-3474
-3121
-2465
-1573
-681
108
764
1277
1759
2134
2297
2335
2226
2028
1675
1322
869
416
-37
-490
-865
-1196
-1527
-1739
-1882
-2015
-2178
-2287
-2396
-2539
-2615
-2570
-2529
-2495
-2471
-2437
-2449
-2383
-2354
-2338
-2344
-2256
-2294
-2323
-2307
-2360
-2417
-2534
-2540
-2566
-2567
-2514
-2580
-2743
-2896
-3137
-3394
-3592
-3804
-4096
-4427
-4780
-5091
-5365
-5740
-6093
-6202
-5891
-4942
-3488
-1943
-398
741
1530
2075
2500
2792
2887
2754
2423
1806
1293
713
260
-222
-704
-1057
-1410
-1702
-1976
-2217
-2370
-2495
-2612
-2665
-2726
-2859
-3012
-3175
-3349
-3410
-3376
-3315
-3258
-3133
-3038
-2937
-2908
-2882
-2970
-3144
-3497
-3850
-4275
-4628
-4939
-4980
-5056
-5032
-4950
-4817
-4506
-3961
-3305
-2607
-1818
-746
146
985
1683
2196
2453
2606
2611
2413
2139
1882
1507
1215
790
415
174
57
-60
-80
-112
-144
-156
-149
-88
0
198
351
439
488
537
619
690
719
687
562
509
414
202
-39
-265
-477
-675
-713
-830
-918
-880
-639
-382
-71
240
665
976
1375
1750
2024
2250
2462
2648
2834
2959
3076
3229
3295
3336
3312
3336
3354
3288
3254
3153
3010
2824
2661
2475
2301
2158
2005
1819
1676
1502
1228
897
472
-145
-801
-1543
-2285
-2902
-3355
-3508
-3334
-3042
-2462
-1720
-712
360
1252
1908
2200
2288
2193
1967
1636
1305
930
531
132
-125
-436
-861
-1192
-1466
-1777
-1963
-2237
-2463
-2626
-2812
-2907
-2812
-2724
-2683
-2671
-2671
-2753
-2762
-2879
-3136
-3362
-3548
-3859
-4133
-4199
-4074
-3743
-3163
-2374
-1535
-643
249
905
1450
1849
2160
2242
2241
2055
1798
1445
1114
739
340
-113
-512
-937
-1290
-1665
-1976
-2233
-2445
-2631
-2817
-2918
-3000
-3066
-3167
-3212
-3253
-3386
-3352
-3372
-3396
-3491
-3608
-3725
-4056
-4330
-4683
-4994
-5043
-4900
-4643
-3987
-3245
-2353
-1461
-569
48
561
835
944
849
788
671
459
326
85
-89
-330
-542
-728
-1002
-1259
-1516
-1790
-1856
-2019
-2060
-2060
-2019
-2080
-2068
-2011
-1923
-1725
-1668
-1535
-1515
-1433
-1449
-1354
-1253
-1196
-1033
-859
-685
-584
-475
-449
-392
-468
-469
-557
-731
-813
-999
-1004
-1033
-1038
-1054
-1059
-1058
-925
-859
-734
-677
-544
-169
206
380
505
731
943
1009
1142
1316
1441
1615
1716
1769
1762
1667
1356
957
377
-168
-748
-1147
-1421
-1405
-1113
-660
-43
796
1688
2580
3529
4146
4521
4616
4430
4099
3700
3247
2794
2395
2064
1753
1422
1130
819
545
412
259
116
-125
-323
-476
-577
-710
-755
-793
-902
-997
-1183
-1369
-1567
-1741
-1915
-2101
-2358
-2599
-2732
-2827
-2880
-2921
-2778
-2325
-1583
-575
433
1441
2333
3031
3611
4036
4277
4372
4448
4536
4574
4627
4607
4464
4133
3802
3491
3138
2864
2489
2114
1873
1581
1355
1267
1172
1131
1102
1045
950
874
821
780
783
751
792
768
719
624
618
617
535
526
481
471
469
481
522
502
568
685
661
677
738
826
921
1084
1023
1089
1146
1149
1244
1407
1633
1807
1916
1917
1946
1970
2004
2053
2102
2073
2130
2171
2100
1967
1693
1540
1266
1103
811
194
-504
-1396
-2404
-3243
-3899
-4125
-3750
-2911
-1839
-552
520
1412
1992
2249
2302
2264
2052
1811
1519
1144
769
344
-31
-456
-809
-1120
-1431
-1657
-1869
-2055
-2172
-2335
-2423
-2511
-2506
-2547
-2613
-2512
-2524
-2492
-2558
-2667
-2800
-2917
-3103
-3277
-3430
-3593
-3718
-3843
-4084
-4395
-4569
-4670
-4665
-4354
-3737
-2729
-1657
-649
140
838
1455
1830
2042
2047
1914
1657
1346
971
572
119
-334
-816
-1361
-1906
-2419
-2818
-3149
-3215
-3268
-3275
-3204
-2992
-2718
-2492
-2181
-1756
-1381
-928
-529
-76
235
634
860
1046
1179
1377
1502
1611
1627
1680
1664
1619
1558
1497
1415
1386
1243
1219
1118
1140
1135
1106
1040
1056
1015
927
818
884
875
857
762
674
448
137
-238
-720
-1265
-1882
-2395
-2770
-2913
-2918
-2823
-2582
-2229
-1918
-1519
-1208
-1010
-867
-1053
-1227
-1145
-663
-7
368
625
742
843
872
862
821
726
669
483
442
491
425
133
-65
-396
-594
-780
-868
-950
-905
-900
-882
-850
-888
-922
-967
-1062
-1171
-1149
-1156
-1161
-1156
-1138
-1029
-928
-833
-821
-789
-713
-625
-707
-816
-979
-1253
-1510
-1767
-1868
-1656
-1399
-1088
-508
148
987
1879
2668
3248
3540
3726
3665
3540
3366
3092
2851
2610
2279
1904
1451
1052
795
554
380
69
-262
-519
-705
-771
-837
-819
-885
-942
-976
-1037
-1086
-1174
-1160
-1163
-1173
-1171
-1062
-1053
-1008
-1026
-955
-1031
-1030
-1008
-1030
-1023
-989
-996
-964
-932
-922
-881
-772
-663
-554
-549
-454
-366
-271
-108
-13
150
251
346
403
452
509
642
671
814
880
937
998
1051
1108
1106
1086
1135
1184
1183
1224
1198
1127
1018
875
649
486
385
375
436
524
595
585
528
566
607
641
636
702
720
918
1104
930
599
200
-253
-652
-509
-27
671
1153
1484
1741
1953
2264
2264
2121
1988
1747
1549
1432
1269
1057
904
718
506
308
96
-145
-331
-572
-735
-992
-1249
-1447
-1600
-1786
-1919
-1990
-2022
-2063
-2072
-2121
-2187
-2240
-2289
-2414
-2577
-2694
-2827
-3001
-3213
-3487
-3912
-4186
-4478
-4481
-4399
-4158
-3827
-3314
-2525
-1517
-445
504
1202
1747
1945
2040
2101
2177
2132
2079
2022
1848
1607
1381
1050
739
513
256
-75
-349
-561
-704
-738
-760
-731
-614
-532
-561
-579
-534
-544
-645
-654
-653
-665
-694
-674
-688
-666
-704
-688
-797
-898
-969
-1022
-1104
-1145
-1190
-1176
-1229
-1455
-1598
-1824
-1912
-1886
-1753
-1400
-1159
-646
193
1085
1924
2713
3293
3550
3555
3579
3636
3769
3830
3742
3485
3174
2692
2361
2149
1951
1620
1394
1153
1187
1142
1033
1074
1286
1512
1436
1224
1026
893
959
1054
1136
1095
1081
999
938
850
840
811
816
854
759
721
689
715
709
664
658
634
672
672
663
645
698
707
689
636
681
672
656
676
623
621
580
562
600
657
673
816
790
789
713
699
675
704
692
674
586
491
293
192
-65
-322
-508
-883
-1308
-1821
-2334
-2733
-2907
-2812
-2571
-2118
-1376
-368
581
1370
1723
1949
2020
1877
1703
1411
1137
880
606
394
220
125
-38
-264
-427
-639
-668
-725
-654
-622
-634
-608
-606
-597
-509
-443
-405
-439
-480
-556
-742
-940
-1214
-1506
-1780
-2155
-2608
-3007
-3382
-3556
-3709
-3950
-4224
-4300
-4401
-4554
-4262
-3863
-3121
-2049
-838
234
1126
1915
2460
2813
3039
3088
3050
3005
2819
2578
2286
1933
1580
1269
977
685
511
270
96
-47
-210
-422
-547
-596
-622
-617
-560
-601
-601
-646
-664
-765
-814
-896
-997
-1122
-1296
-1413
-1530
-1693
-1879
-2254
-2585
-3038
-3369
-3661
-3804
-3805
-3631
-3374
-3133
-2802
-2222
-1383
-544
348
1004
1403
1601
1575
1450
1252
995
754
513
202
-90
-401
-587
-720
-786
-835
-978
-1176
-1350
-1459
-1602
-1622
-1628
-1704
-1678
-1700
-1761
-1849
-1788
-1625
-1462
-1405
-1288
-1135
-1018
-917
-816
-790
-657
-586
-548
-466
-409
-314
-226
-155
-102
23
176
293
331
397
514
615
710
792
858
872
877
903
932
954
968
880
717
592
394
168
-73
-259
-368
-531
-656
-897
-1250
-1763
-2380
-3078
-3409
-3223
-2567
-1618
-669
-89
264
330
304
171
54
28
-73
-216
-414
-688
-929
-1155
-1429
-1655
-1818
-1961
-2037
-2170
-2236
-2289
-2360
-2353
-2362
-2396
-2428
-2454
-2425
-2409
-2391
-2382
-2366
-2321
-2343
-2341
-2342
-2395
-2334
-2191
-2005
-1872
-1827
-1826
-1875
-1924
-1977
-2175
-2387
-2628
-2902
-3128
-3261
-3200
-2959
-2718
-2520
-2294
-1941
-1285
-587
-7
446
658
783
767
679
578
496
395
169
-88
-274
-383
-401
-398
-265
-236
-222
-193
-152
-70
116
259
471
645
778
887
1050
1213
1262
1303
1335
1210
1134
1154
1083
982
989
975
941
953
1010
1019
993
973
970
894
806
753
767
755
760
699
685
647
602
514
432
371
326
255
160
94
-1
-77
-84
-106
-24
58
124
165
351
422
517
642
785
873
914
894
868
792
704
571
418
275
122
-76
-193
-379
-620
-818
-900
-929
-1046
-1179
-1159
-1016
-641
-159
354
971
1302
1465
1340
1252
1089
926
817
788
547
236
-117
-358
-599
-785
-886
-981
-1106
-1269
-1455
-1580
-1723
-1840
-1973
-2074
-2183
-2292
-2363
-2464
-2498
-2516
-2525
-2574
-2584
-2602
-2578
-2537
-2519
-2535
-2551
-2596
-2580
-2609
-2647
-2663
-2602
-2469
-2435
-2326
-2340
-2389
-2477
-2548
-2636
-2626
-2295
-1553
-714
28
541
852
1064
1140
1164
1154
1011
878
753
512
286
-25
-299
-525
-678
-821
-850
-975
-1161
-1286
-1381
-1407
-1331
-1133
-1016
-921
-850
-741
-598
-489
-356
-307
-402
-511
-599
-708
-906
-1180
-1392
-1723
-1935
-2147
-2310
-2398
-2418
-2347
-2222
-1965
-1634
-1303
-850
-425
57
637
1182
1664
2063
2416
2642
2916
3114
3257
3262
3257
3239
3201
3189
3123
3085
3024
2975
2893
2840
2799
2738
2672
2596
2479
2326
2244
2187
2099
1982
1873
1730
1621
1504
1318
1144
1056
999
992
958
870
867
814
792
783
832
927
1070
1195
1248
1336
1393
1454
1563
1612
1657
1702
1773
1761
1666
1523
1398
1289
1180
1017
819
562
270
-61
-460
-973
-1590
-2288
-3077
-3733
-4025
-3572
-2680
-1672
-780
-267
-55
70
171
228
162
45
-129
-355
-647
-904
-1178
-1470
-1762
-1948
-2073
-2149
-2190
-2219
-2290
-2356
-2405
-2514
-2567
-2676
-2829
-2924
-2995
-3061
-3102
-3134
-3168
-3206
-3232
-3281
-3369
-3470
-3536
-3548
-3499
-3374
-3231
-3114
-2997
-2921
-2897
-2946
-3099
-3144
-3073
-2910
-2485
-1868
-1170
-514
66
419
582
614
667
606
530
405
242
44
-197
-409
-595
-793
-967
-1076
-1193
-1281
-1338
-1320
-1323
-1282
-1206
-1105
-1103
-1027
-939
-844
-844
-844
-806
-807
-940
-1073
-1139
-1210
-1343
-1468
-1680
-1854
-2052
-2278
-2476
-2629
-2653
-2667
-2534
-2293
-1894
-1495
-1096
-785
-511
-180
112
338
471
481
420
354
420
521
695
828
1002
1377
1994
2650
3348
3830
4122
4163
4068
3882
3641
3384
3110
2836
2505
2106
1681
1256
881
528
197
-114
-371
-612
-810
-973
-1116
-1187
-1258
-1340
-1422
-1479
-1453
-1352
-1209
-1056
-961
-852
-678
-452
-226
-14
103
228
316
377
422
444
434
431
484
537
646
741
894
995
1096
1172
1210
1242
1208
1132
1106
1132
1193
1186
1148
1107
1058
1013
979
918
877
863
834
840
822
790
764
744
668
535
392
259
142
9
-144
-261
-337
-339
-346
-391
-565
-777
-1176
-1689
-2114
-2425
-2501
-2338
-2097
-1899
-1687
-1430
-1138
-897
-671
-583
-534
-550
-579
-704
-757
-874
-991
-1100
-1243
-1429
-1655
-1829
-2003
-2189
-2352
-2485
-2526
-2560
-2669
-2794
-2927
-3070
-3195
-3261
-3295
-3340
-3287
-3178
-3004
-2851
-2785
-2773
-2826
-2902
-2936
-2916
-2845
-2835
-2888
-2862
-2809
-2721
-2509
-2283
-2166
-2003
-1878
-1753
-1682
-1606
-1432
-1158
-946
-615
-304
95
884
1833
2725
3423
3798
3961
4002
3920
3811
3678
3515
3303
3046
2754
2480
2169
1816
1485
1110
757
404
147
-27
-190
-343
-476
-571
-628
-666
-707
-783
-836
-874
-873
-926
-979
-1096
-1141
-1151
-1137
-1144
-1122
-1005
-831
-706
-581
-395
-154
32
218
371
459
512
569
551
548
574
627
698
807
950
1067
1176
1319
1505
1691
1824
1906
1890
1837
1749
1648
1582
1506
1449
1388
1347
1321
1260
1165
953
712
420
109
-290
-772
-1285
-1710
-1951
-2076
-2060
-1978
-1861
-1718
-1665
-1663
-1656
-1503
-1128
-646
-271
3
85
117
95
50
-32
-127
-203
-274
-331
-448
-557
-720
-883
-1036
-1131
-1240
-1301
-1377
-1430
-1491
-1567
-1638
-1654
-1620
-1563
-1529
-1476
-1423
-1374
-1348
-1372
-1371
-1337
-1242
-1141
-1075
-1037
-1055
-1093
-1188
-1351
-1514
-1602
-1570
-1615
-1716
-1914
-2088
-2231
-2253
-2287
-2280
-2274
-2375
-2428
-2406
-2165
-1585
-746
326
1334
2123
2668
3093
3279
3380
3309
3260
3151
2910
2618
2265
1752
1270
845
514
203
-38
-250
-383
-471
-553
-678
-787
-853
-948
-1030
-1112
-1128
-1166
-1150
-1143
-1169
-1131
-1105
-1056
-1007
-975
-963
-981
-932
-866
-860
-844
-815
-770
-779
-836
-924
-1057
-1114
-1109
-1085
-1075
-993
-840
-666
-503
-317
-164
-82
0
49
137
194
199
270
308
390
543
717
891
1044
1126
1197
1168
1073
799
424
-58
-675
-1292
-1948
-2401
-2534
-2433
-2141
-1849
-1450
-1075
-650
-251
102
343
541
594
545
412
259
47
-151
-337
-523
-686
-849
-992
-1135
-1252
-1385
-1518
-1619
-1690
-1756
-1844
-1926
-2014
-2032
-2044
-2037
-2051
-2010
-1976
-1923
-1878
-1821
-1760
-1711
-1602
-1485
-1384
-1275
-1218
-1147
-1086
-1054
-1048
-982
-973
-985
-1023
-1132
-1185
-1197
-1215
-1212
-1200
-1202
-1180
-1123
-1014
-840
-654
-511
-429
-353
-228
-65
192
433
499
390
98
-176
-388
-245
237
935
1552
2097
2295
2246
2048
1717
1386
1075
744
369
16
-337
-629
-903
-1144
-1330
-1431
-1594
-1689
-1738
-1776
-1817
-1791
-1753
-1727
-1701
-1625
-1537
-1449
-1340
-1197
-1072
-909
-766
-678
-590
-537
-466
-409
-333
-295
-246
-189
-88
21
66
127
203
229
245
263
285
256
218
194
145
104
113
125
131
165
187
216
265
303
302
314
352
374
384
374
383
384
394
374
313
306
286
229
163
30
-144
-356
-687
-1169
-1714
-2259
-2551
-2612
-2555
-2392
-2249
-2173
-2244
-2456
-2581
-2520
-2308
-2067
-1826
-1600
-1499
-1446
-1434
-1429
-1430
-1424
-1367
-1250
-1052
-909
-723
-622
-505
-456
-403
-408
-432
-379
-313
-260
-255
-284
-322
-334
-379
-445
-554
-630
-696
-702
-759
-830
-859
-935
-964
-962
-1015
-1097
-1168
-1229
-1258
-1319
-1331
-1357
-1452
-1497
-1521
-1495
-1370
-1275
-1284
-1379
-1542
-1834
-2126
-2479
-2567
-2293
-1595
-703
86
742
1224
1436
1477
1471
1418
1309
1233
1132
979
767
493
236
-56
-367
-678
-989
-1246
-1487
-1685
-1838
-1981
-2098
-2155
-2216
-2292
-2353
-2354
-2345
-2342
-2371
-2442
-2518
-2671
-2912
-3311
-3856
-4338
-4471
-4354
-4043
-3690
-3359
-2846
-2148
-1450
-794
-249
104
302
390
352
281
148
-5
-279
-632
-1031
-1430
-1761
-2072
-2383
-2694
-2935
-3133
-3286
-3439
-3572
-3638
-3650
-3589
-3501
-3348
-3162
-2905
-2631
-2278
-1947
-1572
-1147
-722
-347
-73
238
495
707
893
1026
1092
1201
1262
1307
1333
1311
1297
1256
1215
1127
1045
1027
993
927
839
696
533
424
353
300
314
385
467
516
557
562
521
464
369
216
83
-5
-76
-142
-218
-289
-290
-241
-146
-3
140
283
436
579
732
833
915
968
975
951
917
816
755
667
591
503
421
387
334
296
255
202
141
115
39
-62
-236
-399
-585
-797
-995
-1148
-1273
-1361
-1410
-1486
-1603
-1766
-1952
-2193
-2524
-3006
-3704
-4321
-4866
-5265
-5463
-5443
-5342
-5241
-5116
-4973
-4775
-4534
-4260
-4034
-3946
-3912
-3903
-3969
-4086
-4260
-4413
-4566
-4740
-4873
-5114
-5388
-5680
-5878
-6003
-6091
-6092
-6054
-5953
-5755
-5498
-5206
-4831
-4406
-4007
-3608
-3233
-2922
-2569
-2295
-2054
-1828
-1685
-1552
-1538
-1548
-1619
-1690
-1751
-1804
-1849
-1894
-1965
-1908
-1775
-1642
-1517
-1515
-1597
-1714
-1912
-2204
-2496
-2605
-2407
-1862
-1206
-508
109
484
710
763
812
818
752
670
527
315
74
-138
-350
-548
-711
-735
-634
-408
-134
-17
36
102
159
268
401
502
590
661
722
783
840
901
996
1091
1167
1216
1311
1412
1513
1566
1627
1665
1726
1814
1863
1912
1961
1977
2018
2056
2027
2027
2021
2039
2030
1948
1853
1800
1739
1668
1580
1509
1471
1433
1388
1327
1256
1207
1146
1085
1047
1002
953
915
854
788
722
665
577
460
317
154
-32
-244
-485
-816
-1241
-1754
-2267
-2749
-3174
-3599
-3732
-3623
-3382
-3071
-2696
-2365
-2139
-1927
-1653
-1171
-515
102
615
1040
1252
1347
1381
1305
1276
1167
1024
850
707
495
238
-19
-217
-380
-523
-666
-819
-944
-1026
-1092
-1106
-1159
-1235
-1276
-1298
-1332
-1381
-1388
-1350
-1233
-1157
-1139
-1086
-985
-928
-883
-859
-802
-720
-632
-537
-461
-328
-165
61
204
337
432
520
629
690
656
561
490
381
264
111
-101
-299
-525
-650
-783
-892
-694
-269
311
928
1508
1800
1909
1848
1695
1532
1334
1171
973
732
475
218
-8
-265
-576
-868
-1125
-1323
-1486
-1629
-1746
-1828
-1899
-1940
-1969
-1957
-1986
-2015
-1890
-1808
-1779
-1801
-1692
-1643
-1567
-1545
-1525
-1487
-1370
-1304
-1251
-1248
-1277
-1259
-1300
-1366
-1454
-1499
-1450
-1374
-1257
-1114
-1005
-842
-568
-257
74
449
874
1249
1624
1955
2229
2521
2762
2988
3121
3170
3186
3110
3065
2956
2813
2680
2571
2510
2434
2333
2245
2120
1977
1824
1650
1476
1290
979
580
0
-656
-1312
-1929
-2442
-2716
-2740
-2664
-2478
-2292
-2139
-2117
-2193
-2356
-2530
-2564
-2411
-2119
-1827
-1586
-1360
-1174
-1011
-868
-751
-656
-627
-617
-646
-699
-756
-909
-1062
-1248
-1411
-1554
-1697
-1792
-1863
-1924
-1995
-2048
-2097
-2142
-2160
-2180
-2218
-2227
-2209
-2175
-2157
-2137
-2088
-2043
-2002
-1964
-1932
-1935
-1925
-1887
-1834
-1816
-1817
-1831
-1821
-1797
-1858
-1929
-1970
-2008
-2084
-2201
-2375
-2508
-2596
-2649
-2750
-2903
-3012
-3100
-3166
-3171
-3237
-3149
-2724
-2107
-1365
-709
-164
93
48
-69
-222
-310
-427
-488
-621
-833
-1090
-1215
-1203
-1187
-1024
-881
-718
-520
-279
-53
133
374
685
871
1004
1086
1118
1184
1191
1120
1059
971
959
991
1013
1012
996
1062
1119
1180
1198
1255
1364
1497
1579
1579
1597
1654
1683
1688
1563
1502
1445
1483
1600
1682
1799
1916
1948
1962
1991
2001
1979
1918
1884
1835
1847
1990
2164
2376
2650
2891
3148
3374
3615
3827
3915
3986
4000
3966
3890
3757
3545
3371
3130
2777
2352
1870
1325
708
128
-325
-582
-620
-559
-416
-283
-292
-358
-459
-406
-220
-22
152
234
291
203
70
-18
-181
-355
-480
-654
-895
-1093
-1319
-1531
-1694
-1892
-2035
-2221
-2374
-2517
-2642
-2730
-2791
-2789
-2865
-2820
-2754
-2740
-2752
-2764
-2748
-2730
-2708
-2730
-2787
-2863
-2818
-2632
-2420
-2267
-2222
-2173
-2078
-1904
-1706
-1414
-1061
-662
-331
-39
235
447
688
862
938
909
814
757
675
599
425
184
21
-191
-502
-728
-985
-1061
-820
-367
178
723
1176
1402
1490
1499
1442
1317
1131
905
648
356
64
-247
-558
-832
-1106
-1363
-1561
-1759
-1892
-2009
-2104
-2170
-2215
-2217
-2193
-2211
-2199
-2201
-2199
-2233
-2271
-2251
-2231
-2199
-2128
-2046
-1893
-1776
-1675
-1550
-1417
-1292
-1149
-996
-871
-728
-627
-484
-331
-145
53
294
535
733
919
1082
1280
1521
1733
1907
2016
2111
2199
2225
2228
2212
2238
2267
2270
2264
2207
2169
2164
2163
2168
2148
2136
2133
2101
2040
1958
1887
1805
1717
1554
1356
1082
683
330
-1
-376
-687
-885
-986
-966
-823
-747
-698
-720
-603
-346
-72
140
303
398
364
247
94
-80
-254
-452
-664
-921
-1178
-1404
-1616
-1873
-2114
-2340
-2493
-2636
-2769
-2886
-2962
-3038
-3147
-3208
-3213
-3201
-3144
-3095
-3029
-2984
-2908
-2783
-2585
-2359
-2067
-1775
-1444
-1133
-841
-488
-157
174
431
605
730
855
964
1035
1011
923
841
765
670
575
458
284
58
-168
-394
-511
-612
-786
-939
-1048
-1165
-1266
-1354
-1436
-1262
-863
-207
410
990
1343
1460
1359
1173
987
824
681
593
536
483
374
265
67
-145
-331
-484
-609
-710
-798
-851
-900
-953
-979
-989
-975
-930
-881
-840
-802
-745
-679
-618
-542
-489
-407
-312
-217
-151
-69
19
136
207
302
390
478
573
655
721
766
854
920
981
1047
1108
1174
1250
1321
1359
1397
1435
1492
1530
1552
1605
1662
1733
1799
1837
1853
1877
1903
1879
1834
1701
1630
1585
1603
1648
1674
1677
1683
1732
1827
1944
2053
2162
2305
2430
2604
2830
3016
3273
3530
3804
4016
4228
4454
4597
4668
4634
4436
4162
3809
3327
2710
2130
1513
968
455
56
-343
-541
-602
-526
-450
-424
-395
-381
-328
-175
-118
-80
8
117
123
-63
-304
-467
-620
-763
-880
-1013
-1225
-1466
-1678
-1841
-1923
-1943
-1934
-1922
-1896
-1894
-1860
-1836
-1802
-1831
-1913
-1970
-1946
-1912
-1824
-1691
-1517
-1354
-1180
-1047
-904
-751
-577
-403
-240
-97
77
263
380
489
577
678
739
759
752
730
708
740
743
709
709
697
681
669
608
551
475
393
268
125
-49
-261
-459
-700
-957
-1214
-1525
-1817
-2148
-2422
-2596
-2667
-2743
-2580
-2181
-1668
-1088
-508
-55
131
55
-78
-211
-264
-340
-441
-639
-880
-1154
-1465
-1796
-2070
-2282
-2445
-2631
-2784
-3010
-3208
-3309
-3350
-3347
-3376
-3327
-3256
-3174
-3092
-2949
-2737
-2480
-2188
-1914
-1622
-1311
-958
-605
-274
37
311
523
676
771
842
866
892
890
889
848
777
739
707
719
731
747
752
818
871
924
926
932
954
988
1041
1090
1135
1173
1218
1230
1206
1199
1179
1174
1129
1080
1035
1001
967
929
858
776
688
593
476
394
333
299
273
232
198
164
176
252
340
435
506
615
748
857
933
1004
1105
1222
1347
1533
1745
1943
2200
2333
2434
2487
2528
2616
2698
2774
2823
2884
2933
2942
2916
2840
2791
2800
2786
2772
2752
2740
2718
2698
2692
2654
2613
2579
2559
2477
2406
2318
2257
2225
2191
2150
2055
1938
1821
1668
1482
1256
999
742
485
174
-179
-604
-1149
-1988
-2880
-3578
-4003
-4146
-4037
-3851
-3653
-3455
-3292
-3149
-3040
-2995
-3029
-3063
-3151
-3268
-3442
-3654
-3840
-3993
-4146
-4234
-4322
-4398
-4412
-4461
-4556
-4699
-4728
-4714
-4775
-4777
-4745
-4723
-4647
-4538
-4364
-4123
-3812
-3459
-3106
-2731
-2356
-1981
-1628
-1297
-1040
-814
-628
-475
-374
-303
-285
-301
-346
-372
-433
-471
-473
-478
-464
-480
-485
-507
-527
-513
-508
-513
-520
-511
-450
-428
-396
-401
-433
-443
-475
-520
-540
-578
-598
-598
-598
-639
-680
-721
-753
-794
-855
-867
-818
-723
-614
-497
-323
-97
101
244
397
506
631
774
907
1050
1145
1270
1403
1556
1719
1872
2046
2189
2284
2401
2467
2538
2599
2637
2599
2565
2508
2420
2325
2264
2203
2132
2094
2056
2027
2017
2005
1971
1914
1843
1794
1737
1671
1633
1599
1542
1481
1436
1391
1330
1304
1266
1246
1260
1269
1245
1239
1205
1193
1159
1093
1032
1012
998
932
844
727
626
509
414
305
142
-32
-273
-499
-773
-1148
-1630
-2143
-2596
-3049
-3402
-3628
-3745
-3692
-3400
-3025
-2799
-2837
-2925
-2926
-2983
-3084
-3108
-3070
-3096
-3058
-2957
-2745
-2504
-2306
-2080
-1882
-1708
-1510
-1298
-1173
-1091
-1025
-991
-969
-949
-954
-992
-1018
-1047
-1092
-1114
-1196
-1230
-1233
-1255
-1289
-1338
-1332
-1298
-1245
-1200
-1166
-1095
-1050
-1005
-976
-952
-881
-764
-147
433
494
493
525
539
545
525
534
514
461
429
391
357
328
275
259
291
340
526
738
891
1034
1187
1428
1626
1838
2024
2177
2340
2514
2647
2756
2794
2806
2768
2680
2506
2232
1879
1504
1193
882
608
422
313
180
37
-106
-332
-573
-726
-851
-952
-876
-635
-324
-32
194
380
475
520
581
597
631
719
713
637
425
199
-42
-268
-480
-721
-978
-1190
-1353
-1527
-1690
-1833
-1942
-2030
-2075
-2074
-2112
-2121
-2095
-2097
-2092
-2089
-2107
-2106
-2112
-2122
-2136
-2114
-2100
-2116
-2128
-2116
-2107
-2091
-2042
-2039
-2068
-2078
-1935
-1847
-1809
-1756
-1631
-1498
-1355
-1181
-940
-648
-317
14
325
636
967
1241
1515
1741
1967
2130
2255
2356
2438
2499
2481
2432
2391
2315
2182
2049
1932
1871
1839
1773
1712
1630
1554
1478
1377
1306
1245
1223
1182
1144
1019
894
777
652
576
494
445
363
322
269
198
132
91
50
12
-64
-159
-225
-313
-414
-502
-665
-774
-812
-836
-870
-877
-848
-760
-617
-516
-421
-320
-254
-183
-66
120
306
580
837
1078
1319
1472
1670
1896
2122
2334
2520
2673
2816
2882
2927
2922
2922
2910
2861
2812
2746
2737
2761
2716
2659
2571
2418
2265
2122
1959
1785
1587
1413
1201
944
633
258
-195
-708
-1288
-1833
-2378
-2958
-3440
-3732
-3814
-3689
-3463
-3152
-2940
-2797
-2768
-2821
-2903
-2985
-3102
-3197
-3298
-3364
-3430
-3501
-3610
-3719
-3801
-3910
-4053
-4186
-4303
-4404
-4492
-4558
-4646
-4707
-4710
-4742
-4760
-4746
-4745
-4707
-4564
-4526
-4531
-4378
-4180
-3994
-3808
-3551
-3220
-2821
-2396
-1971
-1546
-1147
-722
-297
78
389
663
920
1146
1344
1487
1563
1608
1620
1638
1550
1462
1409
1333
1257
1204
1155
1094
1076
1064
1035
974
903
846
751
618
493
319
133
-65
-322
-633
-964
-1317
-1628
-1869
-2110
-2273
-2398
-2499
-2544
-2562
-2607
-2648
-2660
-2698
-2730
-2696
-2664
-2669
-2628
-2571
-2576
-2594
-2606
-2630
-2646
-2652
-2662
-2660
-2663
-2701
-2730
-2621
-2488
-2247
-1973
-1761
-1575
-1401
-1238
-1075
-912
-779
-553
-296
-70
93
319
531
729
872
929
958
996
980
904
843
767
679
697
690
685
647
635
647
598
537
461
395
334
277
211
145
74
29
-12
-88
-205
-300
-382
-464
-589
-732
-895
-1069
-1212
-1486
-1861
-2286
-2711
-3136
-3535
-3960
-4335
-4547
-4581
-4493
-4295
-4069
-3895
-3752
-3691
-3665
-3694
-3732
-3773
-3822
-3844
-3862
-3844
-3826
-3835
-3901
-4002
-4103
-4185
-4286
-4429
-4603
-4736
-4831
-4902
-4928
-4957
-4959
-4850
-4741
-4744
-4710
-4567
-4369
-4157
-3916
-3642
-3289
-2914
-2515
-2116
-1717
-1318
-865
-412
-59
294
605
897
1123
1321
1464
1581
1622
1623
1618
1561
1512
1463
1470
1460
1407
1362
1348
1401
1427
1422
1420
1386
1364
1326
1269
1208
1179
1122
1034
977
932
916
884
881
869
847
842
804
775
687
578
461
373
264
176
138
129
224
398
610
822
1034
1187
1312
1421
1538
1671
1857
2083
2269
2467
2641
2815
2968
3093
3210
3259
3283
3344
3410
3434
3429
3347
3281
3205
3117
2992
2921
2826
2760
2734
2646
2537
2436
2348
2253
2187
2105
2029
2020
2038
2052
2090
2119
2139
2155
2102
2026
1931
1843
1777
1689
1618
1561
1466
1357
1240
1066
903
770
675
401
-112
-692
-1205
-1687
-2140
-2397
-2458
-2426
-2325
-2192
-2006
-1820
-1608
-1499
-1465
-1566
-1661
-1770
-1913
-2038
-2171
-2304
-2437
-2600
-2753
-2878
-3076
-3274
-3383
-3500
-3712
-3898
-3986
-4004
-3951
-3856
-3713
-3487
-3213
-2921
-2590
-2259
-1928
-1617
-1286
-1012
-771
-573
-375
-189
-72
-23
-25
-20
0
-12
-73
-182
-239
-277
-261
-281
-303
-317
-272
-231
-211
-220
-194
-128
-83
-7
69
126
144
173
222
236
231
238
267
247
261
266
332
441
507
545
538
518
504
499
497
515
533
534
546
584
584
543
519
531
584
666
791
924
1049
1223
1435
1661
1953
2306
2617
2909
3121
3307
3470
3527
3532
3503
3532
3508
3484
3439
3373
3324
3321
3287
3258
3157
3119
3074
2973
2885
2768
2697
2615
2549
2461
2366
2321
2324
2356
2382
2408
2401
2446
2420
2386
2325
2237
2094
1941
1743
1545
1359
1173
1040
799
488
196
-78
-431
-762
-1073
-1384
-1695
-1921
-2046
-2171
-2197
-2121
-1909
-1683
-1520
-1403
-1377
-1453
-1570
-1679
-1780
-1829
-1827
-1778
-1769
-1716
-1640
-1569
-1516
-1478
-1417
-1364
-1298
-1155
-992
-849
-706
-589
-472
-401
-403
-383
-371
-347
-352
-364
-384
-398
-422
-463
-524
-562
-588
-622
-679
-728
-766
-811
-827
-839
-829
-813
-812
-763
-768
-773
-755
-726
-665
-594
-512
-451
-413
-347
-290
-245
-233
-184
-146
-85
-19
38
95
161
210
239
265
283
321
341
359
368
394
414
471
505
550
599
665
736
768
800
834
879
920
991
1044
1097
1135
1192
1233
1278
1294
1323
1380
1404
1420
1420
1425
1441
1450
1436
1446
1432
1418
1406
1368
1336
1307
1312
1288
1262
1303
1364
1276
1090
957
862
850
993
1156
1354
1611
1903
2234
2565
2876
3117
3391
3702
3976
4217
4458
4644
4745
4827
4876
4847
4771
4689
4556
4382
4219
4045
3882
3787
3654
3511
3378
3235
3082
3000
2899
2713
2570
2445
2336
2227
2132
1979
1793
1482
1029
484
-172
-828
-1253
-1652
-1926
-2002
-1968
-1711
-1400
-1126
-1025
-1005
-1005
-1076
-1219
-1382
-1483
-1524
-1529
-1558
-1619
-1720
-1749
-1815
-1891
-1952
-2013
-2101
-2210
-2286
-2374
-2462
-2528
-2569
-2589
-2591
-2615
-2637
-2655
-2667
-2691
-2723
-2730
-2735
-2721
-2672
-2634
-2602
-2595
-2542
-2497
-2421
-2360
-2289
-2218
-2157
-2081
-1980
-1909
-1838
-1762
-1730
-1669
-1603
-1562
-1505
-1434
-1339
-1230
-1142
-1085
-1019
-931
-849
-800
-755
-717
-622
-569
-551
-519
-493
-473
-451
-429
-443
-455
-481
-515
-553
-619
-685
-767
-816
-828
-771
-646
-493
-360
-207
-136
-83
-101
-75
-41
-21
122
363
637
968
1279
1610
1941
2233
2507
2748
2974
3127
3301
3389
3427
3374
3298
3210
3085
2952
2843
2680
2527
2410
2322
2234
2125
2016
1940
1895
1819
1737
1661
1579
1503
1421
1320
1254
1220
1211
1195
1183
1145
1100
1090
1074
1045
996
958
952
938
900
851
844
815
797
777
695
607
546
497
468
450
374
308
263
187
116
34
-42
-87
-148
-219
-231
-230
-279
-361
-486
-743
-1054
-1507
-2020
-2533
-2825
-2934
-3016
-2955
-2822
-2530
-2077
-1595
-1303
-1091
-1053
-1029
-1055
-1137
-1203
-1274
-1375
-1432
-1527
-1644
-1818
-2004
-2230
-2456
-2730
-2971
-3212
-3398
-3572
-3705
-3787
-3961
-4159
-4235
-4288
-4256
-4123
-3937
-3645
-3334
-2909
-2510
-2157
-1782
-1357
-982
-629
-337
-26
215
413
576
729
903
1028
1060
1080
1100
1176
1233
1262
1244
1262
1296
1312
1274
1229
1147
1081
1084
1055
1026
973
964
942
893
848
787
761
743
734
728
738
714
657
586
510
428
340
269
198
145
63
-13
-51
-85
-97
-52
19
107
260
385
502
627
770
895
1048
1143
1225
1326
1375
1387
1405
1367
1405
1454
1495
1556
1582
1602
1640
1658
1644
1610
1553
1531
1502
1414
1326
1217
1146
1075
993
922
873
812
790
729
668
615
593
564
546
493
471
410
361
320
244
203
169
183
177
193
194
203
225
232
206
222
219
224
233
255
246
228
218
223
189
132
50
-83
-216
-359
-476
-577
-574
-486
-410
-301
-158
-97
-158
-253
-244
-232
-123
30
228
391
462
409
321
178
25
43
119
345
586
772
998
1272
1484
1550
1509
1511
1513
1460
1335
1172
998
824
650
409
135
-196
-470
-727
-1001
-1293
-1534
-1808
-2049
-2306
-2518
-2730
-2916
-2992
-3101
-3210
-3311
-3399
-3508
-3524
-3565
-3568
-3621
-3628
-3619
-3605
-3606
-3580
-3570
-3532
-3444
-3368
-3297
-3244
-3101
-3069
-3016
-2950
-2953
-2871
-2818
-2717
-2707
-2606
-2572
-2439
-2378
-2317
-2256
-2190
-2057
-2052
-1964
-1738
-1637
-1411
-1170
-984
-931
-865
-740
-566
-368
-127
184
537
962
1236
1567
1898
2251
2525
2751
2963
3106
3280
3351
3356
3374
3373
3364
3307
3258
3182
3133
3138
3089
3044
3058
2997
2963
2881
2810
2744
2687
2638
2585
2519
2474
2454
2378
2340
2302
2226
2150
2148
2091
2042
1966
1900
1878
1817
1708
1682
1581
1493
1464
1415
1290
1181
1099
1073
991
866
765
656
595
550
441
353
369
360
355
381
442
435
419
370
253
165
48
-69
-151
-117
-60
103
289
501
713
954
1166
1458
1769
2061
2353
2664
2890
3064
3197
3350
3438
3483
3524
3553
3560
3576
3515
3439
3322
3197
3054
2921
2778
2592
2380
2049
1596
1143
598
145
-41
-204
-275
-295
-261
-160
-43
110
227
228
157
123
114
76
-150
-324
-536
-710
-984
-1276
-1629
-2004
-2335
-2627
-2901
-3142
-3340
-3566
-3752
-3950
-4148
-4334
-4487
-4582
-4623
-4672
-4681
-4661
-4647
-4642
-4636
-4627
-4613
-4584
-4552
-4511
-4487
-4513
-4437
-4437
-4396
-4339
-4230
-4201
-4130
-4073
-3978
-3907
-3812
-3695
-3607
-3536
-3465
-3389
-3294
-3228
-3140
-3079
-3030
-2964
-2911
-2810
-2765
-2648
-2560
-2484
-2418
-2342
-2293
-2236
-2245
-2213
-2193
-2186
-2157
-2154
-2188
-2143
-2131
-2093
-2044
-1911
-1854
-1766
-1717
-1622
-1577
-1506
-1435
-1359
-1271
-1183
-1112
-1024
-963
-875
-804
-733
-692
-639
-590
-524
-453
-433
-376
-338
-285
-263
-214
-173
-85
-44
9
97
179
228
304
429
453
510
576
629
690
756
727
722
775
918
1092
1124
1053
1077
1202
1388
1586
1812
2165
2518
2943
3274
3585
3842
4116
4373
4599
4811
5052
5147
5223
5386
5435
5496
5528
5457
5348
5215
5090
4916
4783
4640
4539
4376
4233
4070
3917
3754
3601
3427
3201
3027
2853
2690
2547
2446
2272
2119
1986
1885
1809
1771
1676
1594
1545
1469
1408
1275
1150
1049
916
563
232
-167
-542
-591
-546
-497
-473
-441
-255
-130
13
138
191
189
277
394
423
270
44
-230
-456
-767
-1078
-1319
-1630
-1904
-2178
-2419
-2693
-2891
-3065
-3277
-3489
-3663
-3849
-3958
-4091
-4136
-4193
-4184
-4186
-4193
-4187
-4199
-4219
-4210
-4228
-4167
-4133
-4099
-4073
-3997
-3896
-3801
-3692
-3539
-3457
-3332
-3271
-3183
-3112
-3055
-2938
-2881
-2780
-2647
-2586
-2469
-2374
-2249
-2148
-2031
-1965
-1812
-1717
-1584
-1496
-1430
-1305
-1256
-1180
-1139
-1057
-1052
-1036
-1014
-992
-966
-925
-905
-929
-900
-818
-773
-685
-619
-587
-516
-450
-416
-363
-306
-211
-129
-97
-36
17
112
150
151
180
275
291
325
315
347
442
491
529
543
652
713
718
727
721
782
806
812
786
824
881
963
1024
1034
1075
1109
1135
1130
1059
1025
980
975
1084
1209
1197
1044
1035
1117
1303
1489
1800
2131
2530
2929
3260
3552
3883
4124
4322
4439
4651
4804
4853
4978
5027
5013
5029
5074
5048
4947
4865
4712
4630
4559
4434
4301
4176
4105
3942
3809
3597
3444
3343
3242
3079
2893
2695
2497
2285
2044
1846
1648
1407
1221
1058
970
807
682
539
327
174
-38
-191
-300
-453
-727
-1080
-1433
-1786
-1919
-1776
-1613
-1427
-1318
-1236
-1073
-930
-732
-579
-491
-465
-439
-515
-727
-939
-1292
-1584
-1876
-2074
-2385
-2677
-2969
-3181
-3393
-3536
-3762
-3905
-4038
-4181
-4324
-4441
-4594
-4660
-4705
-4771
-4749
-4755
-4773
-4744
-4656
-4607
-4550
-4497
-4372
-4271
-4170
-4069
-3987
-3862
-3801
-3713
-3631
-3488
-3406
-3289
-3136
-3027
-2926
-2844
-2701
-2576
-2475
-2332
-2215
-2041
-1888
-1755
-1592
-1483
-1407
-1331
-1317
-1272
-1238
-1162
-1009
-921
-883
-854
-801
-748
-699
-693
-684
-702
-716
-765
-822
-879
-901
-896
-887
-881
-883
-865
-836
-802
-768
-711
-666
-617
-546
-524
-550
-550
-532
-556
-580
-621
-641
-636
-637
-611
-660
-646
-608
-547
-529
-543
-545
-484
-402
-301
-206
-161
-123
-103
-77
-148
-172
-217
-219
-209
-258
-287
-205
-160
-84
11
174
307
581
892
1245
1598
1951
2350
2832
3231
3542
3895
4206
4447
4621
4784
4947
5056
5105
5087
4924
4829
4643
4417
4191
3993
3830
3697
3588
3390
3204
3018
2855
2754
2637
2484
2367
2266
2171
2076
1943
1842
1760
1665
1599
1498
1410
1293
1168
1107
990
847
714
648
572
484
502
501
440
339
273
197
131
60
55
6
-76
-219
-372
-570
-652
-557
-371
-130
82
225
388
586
711
844
810
657
524
407
325
172
-85
-416
-747
-1078
-1409
-1784
-2137
-2490
-2782
-3093
-3334
-3546
-3709
-3804
-3892
-3993
-4034
-4091
-4140
-4193
-4238
-4283
-4349
-4371
-4322
-4340
-4356
-4353
-4292
-4183
-4138
-4072
-4023
-3962
-3886
-3791
-3750
-3649
-3561
-3508
-3437
-3371
-3383
-3322
-3293
-3255
-3194
-3061
-2887
-2713
-2612
-2517
-2435
-2334
-2136
-1924
-1650
-1339
-886
-373
140
539
892
1203
1477
1703
1901
1996
2037
2040
2039
2025
1954
1905
1867
1908
1937
1971
1968
1994
1945
1874
1803
1746
1714
1661
1604
1503
1415
1403
1403
1350
1289
1255
1226
1200
1222
1177
1124
1095
1007
954
909
814
780
709
643
572
519
485
453
415
393
344
283
263
237
205
179
174
140
143
98
110
53
51
85
19
-7
9
-23
-7
-27
-76
-62
-80
-71
-71
-76
-121
-127
-124
-153
-214
-238
-231
-240
-262
-253
-310
-288
-281
-334
-372
-327
-384
-416
-417
-470
-494
-500
-499
-525
-459
-441
-412
-392
-401
-360
-380
-398
-369
-281
-257
-196
-214
-153
-131
-99
-140
-134
-175
-216
-215
-272
-348
-419
-451
-483
-536
-607
-554
-429
-320
-373
-444
-526
-571
-603
-660
-761
-878
-979
-1122
-1320
-1445
-1384
-1053
-700
-389
-115
196
507
838
1036
1070
999
942
937
1080
1023
941
853
771
638
452
327
226
101
-111
-274
-448
-573
-674
-775
-918
-1130
-1304
-1478
-1690
-1916
-2102
-2245
-2398
-2541
-2650
-2767
-2892
-2963
-3016
-3036
-3081
-3071
-3030
-2969
-2844
-2783
-2674
-2629
-2541
-2548
-2460
-2407
-2346
-2264
-2176
-2131
-2070
-2032
-1923
-1891
-1820
-1732
-1637
-1528
-1462
-1405
-1329
-1297
-1215
-1195
-1193
-1202
-1131
-1105
-1073
-1053
-1021
-989
-951
-945
-963
-987
-1028
-1073
-1061
-1110
-1148
-1153
-1133
-1076
-1031
-978
-958
-892
-847
-835
-817
-801
-748
-719
-701
-700
-668
-659
-627
-595
-575
-549
-523
-485
-436
-404
-347
-252
-127
-78
65
122
210
298
393
502
531
602
735
796
862
872
943
965
1018
1059
1085
1071
1172
1221
1212
1238
1239
1227
1241
1209
1143
1042
985
953
892
843
777
809
841
809
764
757
737
684
646
620
511
410
293
222
140
178
188
264
352
423
524
606
723
799
916
936
933
1050
1084
1104
1097
1044
1105
1154
1176
1154
1160
1231
1348
1409
1480
1490
1539
1588
1664
1638
1612
1530
1518
1457
1324
1223
1152
1051
950
817
729
628
552
507
478
407
362
305
323
339
301
296
312
336
331
302
257
219
181
171
114
43
-39
-19
-107
-195
-211
-299
-337
-342
-362
-428
-561
-686
-819
-895
-983
-1032
-1058
-1124
-1136
-1174
-1177
-951
-526
-101
156
487
713
887
969
998
999
904
706
494
183
-128
-503
-856
-1148
-1422
-1696
-1970
-2301
-2654
-2965
-3222
-3463
-3649
-3861
-3927
-3988
-3989
-4009
-4009
-3971
-3883
-3801
-3700
-3591
-3448
-3377
-3295
-3142
-2979
-2781
-2638
-2464
-2347
-2173
-2010
-1836
-1703
-1550
-1387
-1262
-1137
-994
-861
-736
-593
-498
-403
-350
-255
-217
-164
-119
-90
-45
-27
-33
-13
-29
-45
-36
2
4
-18
-6
26
31
-7
-5
-5
13
-1
25
-36
-45
-38
-39
-71
-97
-163
-172
-225
-230
-224
-190
-170
-141
-70
-38
33
55
71
97
75
146
195
219
295
319
319
376
425
416
387
367
306
301
296
258
213
227
227
230
185
159
150
145
142
142
154
220
277
311
323
294
268
250
209
191
175
187
193
195
211
272
286
315
376
396
399
456
532
548
577
603
615
647
652
645
671
709
785
830
868
867
877
871
878
904
863
847
929
986
1010
1036
1034
1048
1057
1110
1132
1103
1083
1057
1086
1045
1040
1002
986
964
965
943
948
943
952
958
949
955
1008
992
1049
1061
1067
1055
1089
1115
1116
1121
1112
1102
1111
1089
1073
1012
1003
1004
963
931
870
888
831
760
659
571
505
352
235
82
6
-16
-57
-118
-184
-255
-350
-395
-448
-509
-554
-483
-426
-365
-331
-329
-291
-246
-280
-413
-501
-602
-673
-774
-850
-951
-1012
-1057
-1086
-1080
-1035
-1026
-1064
-1098
-1130
-1148
-1172
-1101
-1077
-1055
-994
-941
-832
-591
-166
379
754
1107
1381
1622
1775
1828
1771
1573
1262
837
324
-189
-734
-1247
-1760
-2159
-2534
-2933
-3264
-3595
-3926
-4257
-4531
-4743
-4906
-4963
-5020
-5032
-5035
-5026
-4992
-4904
-4822
-4713
-4618
-4530
-4421
-4288
-4163
-4054
-3972
-3863
-3730
-3629
-3520
-3463
-3320
-3232
-3179
-3070
-3032
-2966
-2909
-2792
-2726
-2660
-2565
-2456
-2331
-2214
-2161
-2085
-1984
-1889
-1788
-1687
-1578
-1483
-1395
-1363
-1268
-1173
-1072
-990
-919
-862
-830
-785
-759
-702
-636
-583
-501
-440
-297
-226
-150
-84
-13
96
197
223
332
381
438
533
590
639
705
714
763
783
859
916
910
992
989
1015
1068
1106
1144
1226
1264
1288
1317
1351
1329
1313
1297
1306
1308
1318
1384
1433
1474
1545
1583
1599
1670
1641
1647
1633
1621
1603
1603
1605
1603
1550
1516
1502
1490
1489
1489
1518
1518
1547
1541
1488
1456
1424
1412
1394
1374
1329
1332
1342
1364
1348
1310
1328
1310
1324
1295
1261
1241
1236
1270
1236
1207
1189
1128
1096
1047
994
970
932
923
917
912
944
1001
1010
1022
1010
1011
945
869
831
811
758
768
780
809
847
923
989
1034
1075
1068
1036
1062
1103
1135
1188
1210
1208
1249
1259
1237
1228
1208
1159
1106
1068
1007
985
959
898
901
867
833
828
854
828
775
765
739
678
644
630
592
587
561
573
539
517
570
544
562
567
549
559
566
598
616
632
600
626
679
685
690
691
713
722
725
672
717
755
779
788
817
878
912
924
953
962
933
955
954
978
990
988
991
969
943
927
930
914
848
843
863
831
840
826
860
836
816
804
861
902
884
893
873
863
851
844
778
769
757
733
715
658
638
660
650
638
614
605
637
669
698
676
682
629
600
559
502
441
436
437
415
395
366
372
311
329
338
277
248
297
295
200
143
117
162
167
176
160
192
192
249
244
195
171
205
221
233
195
195
219
224
175
114
107
93
32
-34
-87
-188
-241
-247
-285
-311
-377
-363
-373
-383
-374
-400
-424
-323
-323
-343
-321
-359
-298
-295
-281
-307
-291
-317
-412
-450
-575
-613
-662
-688
-714
-732
-754
-757
-704
-690
-710
-705
-639
-586
-568
-556
-572
-519
-481
-472
-510
-505
-456
-474
-417
-462
-528
-490
-492
-485
-519
-557
-531
-522
-527
-549
-537
-508
-517
-535
-559
-554
-547
-563
-506
-524
-585
-578
-564
-538
-564
-558
-582
-611
-579
-601
-613
-622
-623
-597
-606
-615
-633
-604
-588
-602
-651
-645
-643
-644
-654
-686
-727
-736
-752
-750
-762
-780
-786
-787
-763
-754
-760
-770
-768
-750
-762
