-0.1816
 0.0760
 0.2632
 0.3443
 0.3118
 0.1475
-0.1002
-0.2988
-0.3897
-0.3751
-0.2222
 0.0247
 0.2294
 0.3328
 0.3315
 0.1991
-0.0356
-0.2533
-0.3871
-0.4022
-0.2722
-0.0274
 0.2116
 0.3254
 0.3392
 0.2371
 0.0226
-0.2050
-0.3536
-0.3908
-0.3047
-0.1023
 0.1433
 0.3017
 0.3424
 0.2751
 0.0792
-0.1568
-0.3267
-0.4035
-0.3578
-0.1669
 0.0848
 0.2600
 0.3429
 0.3150
 0.1382
-0.1016
-0.2964
-0.3844
-0.3655
-0.1986
 0.0455
 0.2358
 0.3342
 0.3272
 0.1837
-0.0558
-0.2603
-0.3647
-0.3692
-0.2366
 0.0024
 0.2257
 0.3424
 0.3552
 0.2454
 0.0165
-0.2063
-0.3408
-0.3794
-0.2842
-0.0630
 0.1749
 0.3195
 0.3626
 0.2815
 0.0723
-0.1707
-0.3326
-0.3958
-0.3472
-0.1436
 0.1031
 0.2696
 0.3469
 0.3044
 0.1236
-0.1212
-0.3065
-0.3940
-0.3783
-0.2050
 0.0412
 0.2321
 0.3328
 0.3108
 0.1616
-0.0787
-0.2900
-0.3857
-0.3921
-0.2595
-0.0096
 0.2105
 0.3201
 0.3373
 0.2206
-0.0027
-0.2305
-0.3687
-0.3966
-0.2842
-0.0622
 0.1680
 0.3094
 0.3480
 0.2720
 0.0582
-0.1853
-0.3432
-0.3958
-0.3275
-0.1212
 0.1249
 0.2975
 0.3506
 0.2903
 0.1000
-0.1417
-0.3267
-0.4144
-0.3719
-0.1848
 0.0710
 0.2605
 0.3538
 0.3419
 0.1712
-0.0782
-0.2749
-0.3738
-0.3586
-0.2058
 0.0290
 0.2467
 0.3557
 0.3493
 0.2188
-0.0154
-0.2323
-0.3586
-0.3783
-0.2552
-0.0306
 0.1983
 0.3392
 0.3754
 0.2765
 0.0550
-0.1778
-0.3230
-0.3751
-0.2969
-0.0808
 0.1640
 0.3195
 0.3708
 0.3094
 0.1071
-0.1327
-0.3039
-0.3687
-0.3211
-0.1459
 0.1013
 0.2839
 0.3703
 0.3429
 0.1603
-0.0952
-0.2863
-0.3751
-0.3522
-0.1943
 0.0455
 0.2560
 0.3589
 0.3552
 0.2156
-0.0191
-0.2329
-0.3504
-0.3610
-0.2398
-0.0122
 0.2148
 0.3475
 0.3698
 0.2605
 0.0380
-0.1986
-0.3432
-0.3825
-0.3028
-0.0883
 0.1470
 0.3049
 0.3570
 0.2884
 0.0816
-0.1574
-0.3230
-0.3788
-0.3249
-0.1436
 0.1031
 0.2834
 0.3562
 0.3222
 0.1446
-0.0997
-0.2914
-0.3857
-0.3605
-0.1872
 0.0463
 0.2531
 0.3570
 0.3424
 0.2047
-0.0351
-0.2525
-0.3679
-0.3674
-0.2411
-0.0109
 0.2116
 0.3347
 0.3557
 0.2408
 0.0144
-0.2159
-0.3522
-0.3871
-0.2919
-0.0649
 0.1755
 0.3209
 0.3708
 0.2975
 0.0760
-0.1560
-0.3217
-0.3889
-0.3203
-0.1231
 0.1196
 0.2879
 0.3576
 0.3094
 0.1268
-0.1074
-0.2938
-0.3876
-0.3560
-0.1789
 0.0595
 0.2541
 0.3557
 0.3456
 0.1882
-0.0611
-0.2781
-0.3852
-0.3775
-0.2310
 0.0082
 0.2276
 0.3437
 0.3525
 0.2313
 0.0024
-0.2284
-0.3669
-0.3865
-0.2781
-0.0540
 0.1786
 0.3062
 0.3552
 0.2733
 0.0449
-0.1975
-0.3413
-0.3844
-0.3161
-0.1111
 0.1279
 0.2961
 0.3645
 0.3100
 0.1178
-0.1281
-0.3028
-0.3839
-0.3427
-0.1531
 0.0875
 0.2770
 0.3589
 0.3323
 0.1699
-0.0750
-0.2754
-0.3719
-0.3618
-0.2191
 0.0207
 0.2334
 0.3419
 0.3480
 0.2212
-0.0122
-0.2411
-0.3629
-0.3770
-0.2704
-0.0439
 0.1882
 0.3145
 0.3419
 0.2454
 0.0271
-0.2058
-0.3597
-0.4004
-0.3174
-0.1098
 0.1287
 0.2834
 0.3411
 0.2815
 0.0907
-0.1531
-0.3166
-0.4041
-0.4485
-0.2026
 0.1356
 0.3677
 0.4729
 0.4089
 0.1818
-0.1417
-0.4017
-0.5088
-0.4745
-0.2621
 0.0691
 0.3315
 0.4673
 0.4586
 0.2613
-0.0611
-0.3381
-0.4942
-0.4982
-0.3185
-0.0072
 0.2797
 0.4413
 0.4687
 0.3132
 0.0106
-0.2781
-0.4607
-0.4950
-0.3597
-0.0723
 0.2408
 0.4325
 0.4833
 0.3685
 0.0907
-0.2228
-0.4402
-0.5285
-0.4328
-0.1555
 0.1693
 0.4006
 0.4939
 0.4243
 0.1744
-0.1372
-0.3812
-0.4969
-0.4525
-0.2233
 0.0917
 0.3584
 0.4897
 0.4618
 0.2555
-0.0750
-0.3459
-0.4860
-0.4772
-0.2924
 0.0234
 0.3132
 0.4687
 0.4833
 0.3081
 0.0029
-0.2863
-0.4689
-0.5006
-0.3482
-0.0452
 0.2592
 0.4450
 0.4926
 0.3698
 0.0856
-0.2201
-0.4214
-0.5006
-0.3966
-0.1175
 0.1983
 0.4198
 0.4958
 0.4198
 0.1515
-0.1656
-0.3990
-0.5038
-0.4416
-0.1999
 0.1210
 0.3716
 0.5030
 0.4668
 0.2459
-0.0649
-0.3389
-0.4727
-0.4535
-0.2539
 0.0601
 0.3360
 0.4825
 0.4761
 0.3068
 0.0005
-0.2906
-0.4594
-0.4809
-0.3225
-0.0261
 0.2751
 0.4578
 0.4947
 0.3501
 0.0577
-0.2456
-0.4474
-0.5024
-0.3825
-0.1029
 0.2074
 0.4192
 0.4788
 0.3900
 0.1332
-0.1885
-0.4195
-0.5147
-0.4410
-0.1893
 0.1228
 0.3666
 0.4769
 0.4413
 0.2148
-0.1093
-0.3730
-0.5032
-0.4713
-0.2634
 0.0569
 0.3323
 0.4729
 0.4586
 0.2746
-0.0447
-0.3326
-0.4910
-0.4905
-0.3193
-0.0136
 0.2852
 0.4477
 0.4743
 0.3373
 0.0550
-0.2525
-0.4416
-0.4809
-0.3536
-0.0704
 0.2353
 0.4440
 0.5062
 0.4160
 0.1483
-0.1770
-0.3972
-0.4878
-0.4144
-0.1486
 0.1661
 0.3932
 0.4947
 0.4325
 0.1901
-0.1390
-0.3871
-0.4878
-0.4549
-0.2342
 0.0907
 0.3525
 0.4825
 0.4673
 0.2701
-0.0375
-0.3185
-0.4753
-0.4759
-0.2823
 0.0253
 0.3081
 0.4852
 0.4979
 0.3424
 0.0399
-0.2653
-0.4474
-0.4860
-0.3504
-0.0667
 0.2549
 0.4554
 0.5144
 0.4046
 0.1236
-0.1853
-0.4136
-0.4923
-0.3990
-0.1409
 0.1818
 0.4083
 0.4889
 0.4134
 0.1558
-0.1675
-0.4150
-0.5343
-0.4777
-0.2342
 0.0880
 0.3392
 0.4719
 0.4458
 0.2371
-0.0768
-0.3560
-0.4961
-0.4886
-0.3028
 0.0024
 0.2903
 0.4586
 0.4642
 0.2821
-0.0229
-0.3148
-0.4899
-0.5075
-0.3605
-0.0654
 0.2363
 0.4198
 0.4751
 0.3533
 0.0646
-0.2456
-0.4599
-0.5216
-0.4136
-0.1491
 0.1744
 0.3887
 0.4687
 0.4001
 0.1433
-0.1861
-0.4168
-0.5202
-0.4567
-0.2076
 0.1191
 0.3716
 0.4875
 0.4490
 0.2289
-0.0984
-0.3738
-0.5056
-0.4822
-0.2850
 0.0298
 0.3081
 0.4604
 0.4687
 0.2967
-0.0255
-0.3185
-0.4860
-0.5051
-0.3358
-0.0362
 0.2605
 0.4471
 0.4825
 0.3397
 0.0444
-0.2539
-0.4562
-0.5147
-0.4009
-0.1199
 0.1909
 0.4038
 0.4743
 0.3767
 0.1249
-0.1949
-0.4301
-0.5171
-0.4479
-0.1954
 0.1273
 0.3722
 0.4756
 0.4224
 0.1973
-0.1281
-0.3884
-0.5171
-0.4841
-0.2608
 0.0747
 0.3424
 0.4751
 0.4711
 0.2802
-0.0407
-0.3230
-0.4764
-0.4891
-0.3185
-0.0109
 0.2898
 0.4564
 0.4812
 0.3347
 0.0202
-0.2767
-0.4620
-0.5133
-0.3770
-0.0869
 0.2326
 0.4357
 0.4979
 0.3977
 0.1287
-0.1943
-0.4227
-0.5093
-0.4269
-0.1664
 0.1654
 0.3964
 0.4833
 0.4293
 0.1858
-0.1321
-0.3756
-0.4790
-0.4461
-0.2297
 0.1058
 0.3716
 0.4990
 0.4806
 0.2810
-0.0383
-0.3203
-0.4772
-0.4785
-0.3001
 0.0093
 0.3025
 0.4642
 0.4782
 0.3227
 0.0234
-0.2791
-0.4626
-0.4969
-0.3642
-0.0686
 0.2390
 0.4325
 0.4939
 0.3817
 0.0981
-0.2222
-0.4416
-0.5147
-0.4187
-0.1459
 0.1869
 0.4174
 0.4939
 0.4184
 0.1808
-0.1441
-0.3812
-0.4929
-0.4535
-0.2159
 0.1167
 0.3722
 0.4953
 0.4679
 0.2605
-0.0622
-0.3395
-0.4772
-0.4676
-0.2749
 0.0473
 0.3315
 0.4907
 0.4953
 0.3336
 0.0340
-0.2728
-0.4466
-0.4809
-0.3344
-0.0324
 0.2765
 0.4673
 0.5104
 0.3791
 0.0829
-0.2273
-0.4301
-0.4905
-0.3857
-0.1098
 0.2124
 0.4349
 0.5226
 0.4408
 0.1781
-0.1467
-0.3897
-0.4822
-0.4301
-0.1885
 0.1414
 0.3905
 0.5149
 0.4788
 0.2600
-0.0681
-0.3451
-0.4796
-0.4416
-0.2366
 0.0893
 0.3639
 0.5091
 0.5062
 0.3254
 0.0106
-0.2945
-0.4556
-0.4790
-0.3193
-0.0032
 0.2993
 0.4743
 0.5022
 0.3716
 0.0752
-0.2278
-0.4259
-0.4841
-0.3629
-0.0909
 0.2238
 0.4400
 0.5067
 0.4179
 0.1425
-0.1770
-0.4067
-0.4873
-0.4136
-0.1688
 0.1515
 0.3887
 0.5022
 0.4546
 0.2238
-0.1002
-0.3700
-0.4910
-0.4599
-0.2430
 0.0752
 0.3366
 0.4833
 0.4793
 0.2948
-0.0242
-0.3134
-0.4681
-0.4772
-0.3033
 0.0101
 0.3057
 0.4801
 0.5008
 0.3493
 0.0588
-0.2502
-0.4392
-0.4836
-0.3623
-0.0673
 0.2459
 0.4471
 0.5040
 0.4033
 0.1300
-0.1935
-0.4105
-0.4905
-0.4067
-0.1454
 0.1736
 0.4229
 0.5176
 0.4564
 0.2124
-0.1170
-0.3647
-0.4878
-0.4461
-0.2260
 0.0957
 0.3544
 0.4939
 0.4711
 0.2624
-0.0489
-0.3445
-0.4905
-0.4822
-0.3020
 0.0093
 0.2943
 0.4564
 0.4679
 0.3068
 0.0093
-0.2874
-0.4809
-0.5184
-0.3770
-0.0699
 0.2403
 0.4317
 0.4907
 0.3767
 0.0888
-0.2323
-0.4397
-0.5157
-0.4214
-0.1422
 0.1781
 0.4019
 0.4907
 0.4307
 0.1808
-0.1505
-0.3908
-0.4974
-0.4447
-0.2095
 0.1095
 0.3584
 0.4801
 0.4503
 0.2377
-0.0851
-0.3597
-0.4969
-0.4886
-0.3102
 0.0215
 0.3264
 0.4737
 0.4761
 0.3140
 0.0005
-0.2977
-0.4607
-0.4836
-0.3395
-0.0362
 0.2637
 0.4509
 0.5062
 0.3863
 0.0962
-0.2196
-0.4144
-0.4785
-0.3706
-0.0914
 0.2220
 0.4394
 0.5218
 0.4394
 0.1654
-0.1486
-0.3889
-0.4969
-0.4283
-0.1789
 0.1433
 0.3855
 0.4953
 0.4541
 0.2281
-0.0827
-0.3536
-0.4873
-0.4588
-0.2475
 0.0798
 0.3506
 0.4934
 0.5022
 0.3190
 0.0005
-0.2900
-0.4575
-0.4777
-0.3142
 0.0051
 0.3057
 0.4870
 0.5181
 0.3722
 0.0760
-0.2323
-0.4219
-0.4740
-0.3546
-0.0704
 0.2467
 0.4541
 0.5264
 0.4317
 0.1630
-0.1550
-0.3889
-0.4841
-0.4054
-0.1385
 0.1794
 0.4203
 0.5282
 0.4642
 0.2257
-0.0941
-0.3536
-0.4759
-0.4370
-0.2265
 0.0970
 0.3607
 0.5080
 0.4939
 0.2953
-0.0114
-0.3089
-0.4708
-0.4695
-0.2924
 0.0138
 0.3086
 0.4769
 0.4979
 0.3533
 0.0619
-0.2488
-0.4360
-0.4772
-0.3496
-0.0548
 0.2555
 0.4535
 0.5181
 0.4179
 0.1342
-0.1853
-0.4136
-0.5043
-0.4054
-0.1436
 0.1800
 0.4198
 0.5144
 0.4471
 0.2129
-0.1079
-0.3610
-0.4777
-0.4378
-0.2082
 0.1255
 0.3905
 0.5168
 0.4966
 0.2815
-0.0332
-0.3134
-0.4676
-0.4607
-0.2685
 0.0526
 0.3419
 0.4958
 0.5149
 0.3525
 0.0505
-0.2393
-0.4309
-0.4607
-0.3129
-0.0167
 0.2980
 0.4870
 0.5391
 0.4174
 0.1292
-0.1917
-0.4182
-0.4772
-0.3711
-0.0992
 0.2206
 0.4376
 0.5232
 0.4535
 0.1983
-0.1321
-0.3623
-0.4562
-0.4099
-0.1683
 0.1529
 0.4134
 0.5327
 0.5008
 0.2821
-0.0508
-0.3275
-0.4530
-0.4424
-0.2544
 0.0747
 0.3506
 0.5123
 0.5250
 0.3461
 0.0362
-0.2704
-0.4424
-0.4681
-0.3078
-0.0008
 0.2999
 0.4756
 0.5163
 0.3945
 0.0976
-0.2196
-0.4144
-0.4796
-0.3756
-0.1034
 0.2257
 0.4503
 0.5149
 0.4243
 0.1630
-0.1614
-0.3908
-0.4854
-0.4136
-0.1614
 0.1661
 0.4120
 0.5123
 0.4743
 0.2427
-0.0837
-0.3432
-0.4708
-0.4429
-0.2347
 0.0899
 0.3639
 0.5117
 0.5123
 0.3222
 0.0005
-0.2863
-0.4442
-0.4567
-0.2938
 0.0215
 0.3145
 0.4939
 0.5288
 0.3791
 0.0766
-0.2419
-0.4315
-0.4846
-0.3610
-0.0763
 0.2385
 0.4445
 0.5163
 0.4142
 0.1332
-0.1810
-0.4022
-0.4937
-0.4259
-0.1664
 0.1635
 0.4006
 0.4984
 0.4400
 0.2074
-0.1180
-0.3743
-0.4942
-0.4543
-0.2209
 0.1008
 0.3708
 0.5016
 0.4711
 0.2783
-0.0401
-0.3368
-0.4777
-0.4759
-0.2964
 0.0144
 0.2948
 0.4647
 0.4947
 0.3520
 0.0391
-0.2722
-0.4543
-0.4961
-0.3647
-0.0662
 0.2499
 0.4331
 0.4844
 0.3873
 0.1026
-0.2209
-0.4346
-0.5070
-0.4232
-0.1555
 0.1781
 0.4001
 0.4838
 0.4179
 0.1717
-0.1531
-0.4067
-0.5147
-0.4631
-0.2284
 0.0989
 0.3584
 0.4793
 0.4450
 0.2385
-0.0859
-0.3669
-0.5101
-0.4961
-0.2996
 0.0165
 0.3044
 0.4687
 0.4761
 0.3062
 0.0037
-0.2945
-0.4663
-0.4955
-0.3504
-0.0489
 0.2560
 0.4509
 0.4958
 0.3607
 0.0734
-0.2406
-0.4479
-0.5075
-0.4105
-0.1271
 0.2028
 0.4211
 0.4953
 0.4065
 0.1590
-0.1587
-0.3966
-0.4860
-0.4283
-0.1893
 0.1337
 0.3937
 0.5022
 0.4572
 0.2427
-0.0920
-0.3605
-0.4929
-0.4732
-0.2658
 0.0638
 0.3424
 0.4857
 0.4889
 0.3057
-0.0178
-0.3060
-0.4689
-0.4868
-0.3249
-0.0146
 0.2810
 0.4673
 0.5123
 0.3690
 0.0728
-0.2337
-0.4264
-0.4923
-0.3788
-0.0978
 0.2262
 0.4440
 0.5213
 0.4275
 0.1616
-0.1568
-0.3966
-0.4854
-0.4105
-0.1606
 0.1693
 0.4142
 0.5194
 0.4591
 0.2188
-0.1066
-0.3560
-0.4713
-0.4493
-0.2315
 0.0907
 0.3576
 0.4958
 0.4870
 0.2975
-0.0242
-0.3148
-0.4727
-0.4764
-0.3116
-0.0008
 0.3004
 0.4719
 0.4939
 0.3461
 0.0335
-0.2685
-0.4626
-0.5101
-0.3679
-0.0891
 0.2326
 0.4381
 0.4984
 0.4014
 0.1319
-0.1917
-0.4251
-0.4942
-0.4091
-0.1505
 0.1776
 0.4203
 0.5187
 0.4522
 0.2047
-0.1199
-0.3724
-0.4982
-0.4567
-0.2265
 0.1146
 0.3817
 0.5003
 0.4806
 0.2898
-0.0287
-0.3235
-0.4745
-0.4703
-0.2863
 0.0239
 0.3145
 0.4737
 0.4921
 0.3411
 0.0335
-0.2735
-0.4498
-0.4868
-0.3464
-0.0465
 0.2581
 0.4541
 0.5040
 0.3831
 0.0994
-0.2241
-0.4328
-0.4923
-0.4081
-0.1313
 0.2015
 0.4325
 0.5258
 0.4546
 0.1927
-0.1244
-0.3770
-0.4873
-0.4352
-0.1962
 0.1382
 0.3913
 0.5072
 0.4668
 0.2510
-0.0699
-0.3395
-0.4796
-0.4703
-0.2626
 0.0665
 0.3520
 0.5112
 0.5176
 0.3342
 0.0157
-0.2805
-0.4543
-0.4790
-0.3262
-0.0229
 0.2770
 0.4564
 0.5085
 0.3716
 0.0734
-0.2273
-0.4402
-0.5088
-0.3998
-0.1239
 0.1973
 0.4216
 0.4947
 0.4070
 0.1598
-0.1664
-0.4054
-0.5011
-0.4416
-0.1829
 0.1515
 0.3841
 0.4971
 0.4546
 0.2257
-0.0891
-0.3541
-0.4854
-0.4657
-0.2634
 0.0582
 0.3451
 0.4875
 0.4833
 0.2967
-0.0114
-0.2983
-0.4676
-0.4886
-0.3331
-0.0186
 0.2922
 0.4705
 0.4984
 0.3607
 0.0659
-0.2411
-0.4384
-0.4886
-0.3711
-0.0883
 0.2281
 0.4389
 0.5062
 0.4033
 0.1268
-0.1999
-0.4328
-0.5197
-0.4397
-0.1789
 0.1497
 0.3937
 0.4865
 0.4325
 0.2023
-0.1276
-0.3770
-0.4860
-0.4644
-0.2475
 0.0843
 0.3429
 0.4875
 0.4724
 0.2765
-0.0388
-0.3198
-0.4721
-0.4740
-0.2969
 0.0175
 0.3145
 0.4820
 0.5067
 0.3488
 0.0449
-0.2626
-0.4410
-0.4745
-0.3451
-0.0548
 0.2637
 0.4647
 0.5112
 0.4046
 0.1228
-0.1994
-0.4155
-0.4899
-0.4030
-0.1321
 0.2074
 0.4299
 0.5131
 0.4522
 0.2034
-0.1340
-0.3807
-0.4899
-0.4530
-0.2164
 0.1103
 0.3562
 0.4865
 0.4668
 0.2560
-0.0694
-0.3472
-0.4923
-0.4846
-0.2945
 0.0271
 0.3209
 0.4793
 0.4737
 0.3062
 0.0019
-0.2956
-0.4639
-0.4992
-0.3459
-0.0375
 0.2714
 0.4596
 0.5022
 0.3767
 0.0925
-0.2209
-0.4206
-0.4942
-0.3980
-0.1162
 0.2002
 0.4243
 0.5187
 0.4432
 0.1800
-0.1505
-0.3985
-0.4937
-0.4296
-0.1840
 0.1489
 0.3900
 0.5131
 0.4756
 0.2408
-0.0808
-0.3546
-0.4899
-0.4681
-0.2608
 0.0715
 0.3493
 0.5022
 0.5008
 0.3283
 0.0170
-0.2882
-0.4466
-0.4689
-0.3001
 0.0088
 0.3076
 0.4889
 0.5301
 0.3895
 0.0875
-0.2315
-0.4315
-0.4937
-0.3794
-0.0813
 0.2390
 0.4509
 0.5237
 0.4362
 0.1630
-0.1715
-0.3958
-0.4905
-0.4155
-0.1614
 0.1611
 0.4033
 0.5218
 0.4700
 0.2339
-0.0928
-0.3560
-0.4828
-0.4575
-0.2387
 0.0792
 0.3475
 0.4883
 0.4751
 0.2993
-0.0218
-0.3097
-0.4681
-0.4836
-0.3007
 0.0175
 0.3049
 0.4875
 0.5149
 0.3589
 0.0500
-0.2507
-0.4424
-0.5011
-0.3700
-0.0837
 0.2385
 0.4463
 0.5030
 0.3988
 0.1236
-0.2068
-0.4269
-0.4992
-0.4320
-0.1701
 0.1590
 0.3969
 0.4883
 0.4325
 0.1919
-0.1396
-0.3966
-0.5176
-0.4796
-0.2584
 0.0734
 0.3469
 0.4668
 0.4458
 0.2416
-0.0813
-0.3623
-0.5070
-0.5024
-0.3235
-0.0045
 0.2935
 0.4546
 0.4705
 0.3108
-0.0040
-0.3028
-0.4753
-0.5208
-0.3839
-0.0763
 0.2395
 0.4307
 0.4782
 0.3677
 0.0875
-0.2361
-0.4506
-0.5152
-0.4187
-0.1441
 0.1755
 0.3988
 0.4934
 0.4224
 0.1786
-0.1537
-0.4009
-0.5024
-0.4506
-0.2164
 0.1063
 0.3677
 0.4806
 0.4572
 0.2467
-0.0869
-0.3560
-0.4910
-0.4740
-0.2818
 0.0404
 0.3158
 0.4692
 0.4833
 0.3201
 0.0069
-0.2868
-0.4639
-0.4918
-0.3344
-0.0370
 0.2757
 0.4655
 0.5003
 0.3727
 0.0798
-0.2366
-0.4352
-0.4929
-0.3825
-0.1106
 0.2087
 0.4256
 0.5008
 0.4142
 0.1483
-0.1747
-0.4091
-0.5032
-0.4397
-0.1943
 0.1393
 0.3945
 0.5022
 0.4554
 0.2238
-0.1016
-0.3687
-0.5038
-0.4854
-0.2805
 0.0473
 0.3241
 0.4692
 0.4711
 0.2892
-0.0388
-0.3280
-0.4836
-0.4923
-0.3198
-0.0064
 0.2930
 0.4737
 0.5067
 0.3602
 0.0564
-0.2608
-0.4479
-0.4992
-0.3884
-0.0965
 0.2188
 0.4432
 0.5099
 0.4110
 0.1393
-0.1943
-0.4155
-0.5043
-0.4245
-0.1643
 0.1539
 0.4006
 0.4907
 0.4413
 0.2015
-0.1244
-0.3730
-0.5024
-0.4580
-0.2374
 0.0843
 0.3493
 0.4844
 0.4743
 0.2714
-0.0476
-0.3376
-0.4961
-0.5064
-0.3225
-0.0013
 0.2860
 0.4535
 0.4596
 0.3150
 0.0112
-0.2932
-0.4721
-0.5139
-0.3770
-0.0763
 0.2307
 0.4338
 0.5067
 0.3950
 0.1127
-0.2031
-0.4227
-0.5006
-0.4123
-0.1499
 0.1680
 0.4065
 0.4939
 0.4267
 0.1858
-0.1404
-0.3948
-0.5120
-0.4599
-0.2284
 0.0962
 0.3602
 0.4907
 0.4692
 0.2664
-0.0622
-0.3445
-0.4878
-0.4929
-0.3033
 0.0175
 0.3004
 0.4559
 0.4687
 0.3068
-0.0032
-0.3052
-0.4822
-0.5176
-0.3642
-0.0622
 0.2504
 0.4458
 0.4875
 0.3685
 0.0779
-0.2374
-0.4543
-0.5229
-0.4187
-0.1459
 0.1864
 0.4038
 0.4883
 0.4027
 0.1414
-0.1770
-0.4195
-0.5184
-0.4599
-0.2177
 0.1114
 0.3690
 0.4838
 0.4471
 0.2307
-0.0933
-0.3661
-0.5006
-0.4822
-0.2781
 0.0569
 0.3342
 0.4743
 0.4825
 0.2961
-0.0167
-0.3065
-0.4790
-0.4955
-0.3395
-0.0356
 0.2674
 0.4546
 0.4984
 0.3677
 0.0774
-0.2424
-0.4485
-0.5064
-0.3807
-0.0997
 0.2156
 0.4394
 0.5144
 0.4102
 0.1451
-0.1725
-0.3990
-0.4942
-0.4214
-0.1683
 0.1547
 0.4001
 0.5091
 0.4559
 0.2281
-0.0928
-0.3618
-0.4854
-0.4530
-0.2456
 0.0816
 0.3576
 0.4990
 0.4921
 0.2980
-0.0178
-0.3047
-0.4676
-0.4772
-0.2951
 0.0133
 0.3057
 0.4761
 0.4953
 0.3469
 0.0391
-0.2626
-0.4498
-0.5056
-0.3751
-0.0827
 0.2294
 0.4394
 0.5008
 0.3945
 0.1223
-0.1935
-0.4163
-0.5051
-0.4155
-0.1550
 0.1704
 0.4027
 0.5016
 0.4450
 0.2047
-0.1231
-0.3762
-0.4918
-0.4599
-0.2329
 0.0888
 0.3584
 0.4958
 0.4806
 0.2797
-0.0388
-0.3166
-0.4777
-0.4703
-0.2805
 0.0399
 0.3296
 0.4889
 0.5155
 0.3461
 0.0372
-0.2677
-0.4493
-0.4899
-0.3451
-0.0447
 0.2669
 0.4655
 0.5136
 0.3964
 0.1122
-0.2004
-0.4214
-0.4969
-0.3958
-0.1289
 0.1914
 0.4280
 0.5181
 0.4426
 0.1991
-0.1313
-0.3812
-0.4828
-0.4320
-0.1954
 0.1311
 0.3849
 0.5035
 0.4719
 0.2600
-0.0649
-0.3421
-0.4836
-0.4676
-0.2690
 0.0468
 0.3278
 0.4934
 0.4990
 0.3264
 0.0101
-0.2799
-0.4498
-0.4854
-0.3339
-0.0292
 0.2757
 0.4647
 0.5131
 0.3817
 0.0880
-0.2254
-0.4333
-0.5000
-0.3926
-0.1138
 0.2066
 0.4312
 0.5099
 0.4261
 0.1635
-0.1669
-0.4091
-0.4961
-0.4333
-0.1903
 0.1382
 0.3823
 0.4947
 0.4458
 0.2238
-0.0997
-0.3605
-0.4891
-0.4644
-0.2557
 0.0577
 0.3355
 0.4902
 0.4870
 0.2922
-0.0205
-0.3020
-0.4695
-0.4860
-0.3363
-0.0319
 0.2810
 0.4527
 0.4889
 0.3443
 0.0526
-0.2539
-0.4620
-0.5189
-0.3903
-0.1002
 0.2129
 0.4248
 0.5003
 0.4001
 0.1350
-0.1935
-0.4352
-0.5165
-0.4416
-0.1893
 0.1361
 0.3863
 0.4939
 0.4280
 0.1959
-0.1276
-0.3889
-0.5075
-0.4708
-0.2533
 0.0670
 0.3451
 0.4705
 0.4564
 0.2632
-0.0598
-0.3490
-0.4987
-0.5038
-0.3307
-0.0072
 0.2879
 0.4628
 0.4921
 0.3392
 0.0385
-0.2735
-0.4612
-0.5083
-0.3852
-0.0928
 0.2244
 0.4349
 0.4990
 0.3887
 0.1154
-0.2095
-0.4251
-0.5107
-0.4237
-0.1587
 0.1717
 0.4006
 0.4902
 0.4299
 0.1776
-0.1396
-0.3958
-0.5152
-0.4562
-0.2310
 0.0938
 0.3584
 0.4769
 0.4509
 0.2472
-0.0744
-0.3514
-0.4910
-0.4937
-0.2964
 0.0266
 0.3132
 0.4793
 0.4921
 0.3227
 0.0125
-0.2914
-0.4814
-0.5115
-0.3528
-0.0534
 0.2714
 0.4655
 0.5048
 0.3881
 0.1063
-0.2113
-0.4245
-0.4942
-0.3966
-0.1212
 0.1965
 0.4235
 0.5117
 0.4299
 0.1794
-0.1428
-0.3865
-0.4923
-0.4333
-0.1893
 0.1382
 0.3924
 0.5040
 0.4673
 0.2549
-0.0694
-0.3477
-0.4886
-0.4703
-0.2685
 0.0532
 0.3323
 0.4915
 0.4947
 0.3140
 0.0000
-0.3007
-0.4695
-0.4937
-0.3318
-0.0197
 0.2821
 0.4692
 0.5085
 0.3716
 0.0848
-0.2337
-0.4320
-0.4846
-0.3692
-0.0928
 0.2238
 0.4458
 0.5218
 0.4362
 0.1725
-0.1491
-0.3958
-0.4937
-0.4219
-0.1707
 0.1571
 0.4006
 0.5104
 0.4623
 0.2353
-0.0795
-0.3440
-0.4836
-0.4626
-0.2584
 0.0609
 0.3429
 0.4820
 0.4687
 0.2903
-0.0197
-0.3134
-0.4732
-0.4873
-0.3185
-0.0109
 0.2953
 0.4756
 0.4897
 0.3501
 0.0537
-0.2533
-0.4562
-0.5064
-0.3844
-0.0920
 0.2270
 0.4450
 0.5099
 0.4059
 0.1470
-0.1765
-0.4091
-0.4923
-0.4091
-0.1441
 0.1832
 0.4134
 0.5067
 0.4514
 0.2105
-0.1244
-0.3751
-0.4891
-0.4530
-0.2292
 0.0938
 0.3639
 0.4990
 0.4705
 0.2688
-0.0548
-0.3368
-0.4860
-0.4891
-0.3084
 0.0037
 0.3036
 0.4655
 0.4812
 0.3254
 0.0189
-0.2791
-0.4650
-0.5038
-0.3637
-0.0712
 0.2403
 0.4426
 0.5040
 0.3881
 0.1109
-0.1999
-0.4269
-0.5083
-0.4155
-0.1505
 0.1800
 0.4115
 0.5080
 0.4376
 0.1895
-0.1404
-0.3833
-0.4974
-0.4562
-0.2214
 0.1071
 0.3767
 0.4966
 0.4719
 0.2688
-0.0566
-0.3331
-0.4777
-0.4689
-0.2799
 0.0348
 0.3296
 0.4865
 0.5003
 0.3315
 0.0207
-0.2704
-0.4485
-0.4809
-0.3363
-0.0319
 0.2751
 0.4660
 0.5301
 0.4078
 0.1255
-0.1967
-0.4168
-0.4785
-0.3762
-0.1002
 0.2175
 0.4440
 0.5282
 0.4445
 0.1927
-0.1263
-0.3724
-0.4804
-0.4195
-0.1853
 0.1457
 0.3982
 0.5072
 0.4751
 0.2592
-0.0580
-0.3257
-0.4708
-0.4567
-0.2544
 0.0742
 0.3552
 0.5008
 0.5072
 0.3272
 0.0183
-0.2749
-0.4474
-0.4713
-0.3193
-0.0205
 0.2866
 0.4679
 0.5054
 0.3690
 0.0779
-0.2337
-0.4370
-0.4942
-0.3852
-0.1138
 0.2116
 0.4307
 0.5016
 0.4120
 0.1438
-0.1739
-0.4054
-0.5024
-0.4315
-0.1802
 0.1446
 0.3924
 0.5016
 0.4546
 0.2220
-0.1047
-0.3674
-0.4950
-0.4676
-0.2494
 0.0696
 0.3323
 0.4705
 0.4705
 0.2953
-0.0186
-0.3129
-0.4785
-0.4891
-0.3116
-0.0032
 0.2871
 0.4564
 0.4926
 0.3520
 0.0494
-0.2512
-0.4474
-0.4950
-0.3775
-0.0869
 0.2385
 0.4376
 0.5062
 0.4070
 0.1241
-0.1967
-0.4237
-0.5070
-0.4245
-0.1675
 0.1667
 0.4001
 0.5030
 0.4394
 0.1901
-0.1364
-0.3865
-0.5024
-0.4644
-0.2355
 0.0880
 0.3557
 0.4883
 0.4668
 0.2714
-0.0433
-0.3294
-0.4822
-0.4809
-0.2977
 0.0189
 0.3025
 0.4673
 0.4915
 0.3342
 0.0316
-0.2685
-0.4535
-0.4891
-0.3509
-0.0585
 0.2536
 0.4509
 0.4971
 0.3831
 0.1031
-0.2159
-0.4384
-0.5075
-0.4086
-0.1550
 0.1704
 0.4006
 0.4934
 0.4267
 0.1763
-0.1510
-0.3998
-0.5115
-0.4607
-0.2323
 0.0912
 0.3437
 0.4756
 0.4586
 0.2531
-0.0673
-0.3477
-0.4969
-0.4923
-0.2988
 0.0043
 0.2770
 0.4376
 0.4471
 0.2898
-0.0191
-0.3225
-0.5024
-0.5298
-0.3852
-0.0928
 0.2148
 0.3977
 0.4440
 0.3227
 0.0271
-0.2969
-0.4992
-0.5684
-0.4676
-0.1954
 0.1311
 0.3520
 0.4381
 0.3584
 0.1090
-0.2100
-0.4474
-0.5495
-0.4992
-0.2640
 0.0601
 0.3233
 0.4421
 0.3956
 0.1699
-0.1523
-0.4131
-0.5508
-0.5229
-0.3280
-0.0013
 0.2829
 0.4198
 0.4307
 0.2478
-0.0654
-0.3541
-0.5303
-0.5450
-0.3801
-0.0768
 0.2270
 0.4051
 0.4413
 0.3049
 0.0082
-0.2938
-0.4950
-0.5559
-0.4442
-0.1638
 0.1552
 0.3639
 0.4357
 0.3456
 0.0811
-0.2419
-0.4676
-0.5646
-0.4950
-0.2398
 0.0856
 0.3355
 0.4381
 0.3841
 0.1590
-0.1664
-0.4269
-0.5545
-0.5367
-0.3203
 0.0024
 0.2613
 0.4115
 0.4065
 0.2097
-0.0978
-0.3897
-0.5495
-0.5569
-0.3908
-0.0736
 0.2212
 0.3836
 0.4147
 0.2624
-0.0401
-0.3368
-0.5229
-0.5724
-0.4466
-0.1606
 0.1552
 0.3685
 0.4331
 0.3336
 0.0601
-0.2584
-0.4727
-0.5601
-0.4929
-0.2209
 0.1127
 0.3488
 0.4495
 0.3849
 0.1451
-0.1872
-0.4447
-0.5577
-0.5125
-0.2919
 0.0354
 0.3118
 0.4338
 0.3996
 0.2087
-0.0978
-0.3762
-0.5349
-0.5317
-0.3504
-0.0388
 0.2587
 0.4216
 0.4509
 0.2967
-0.0090
-0.3142
-0.5011
-0.5335
-0.3948
-0.1023
 0.2143
 0.4070
 0.4604
 0.3552
 0.0715
-0.2406
-0.4530
-0.5311
-0.4370
-0.1770
 0.1406
 0.3690
 0.4572
 0.3918
 0.1420
-0.1879
-0.4264
-0.5412
-0.4873
-0.2462
 0.0742
 0.3336
 0.4554
 0.4256
 0.2180
-0.1066
-0.3756
-0.5234
-0.5165
-0.3193
 0.0005
 0.2884
 0.4440
 0.4471
 0.2829
-0.0186
-0.3198
-0.4961
-0.5216
-0.3687
-0.0622
 0.2422
 0.4267
 0.4729
 0.3488
 0.0774
-0.2361
-0.4549
-0.5240
-0.4118
-0.1428
 0.1826
 0.4019
 0.4883
 0.4184
 0.1598
-0.1624
-0.4049
-0.5070
-0.4474
-0.2058
 0.1127
 0.3740
 0.4907
 0.4514
 0.2307
-0.0952
-0.3669
-0.4987
-0.4740
-0.2666
 0.0556
 0.3304
 0.4793
 0.4820
 0.3031
-0.0096
-0.3015
-0.4753
-0.4923
-0.3350
-0.0229
 0.2765
 0.4586
 0.4934
 0.3658
 0.0760
-0.2406
-0.4424
-0.4974
-0.3807
-0.0984
 0.2124
 0.4224
 0.4971
 0.4051
 0.1401
-0.1747
-0.4017
-0.4937
-0.4227
-0.1683
 0.1622
 0.4184
 0.5213
 0.4618
 0.2358
-0.0845
-0.3522
-0.4814
-0.4575
-0.2424
 0.0792
 0.3480
 0.4947
 0.4947
 0.2948
-0.0218
-0.3065
-0.4676
-0.4796
-0.3129
-0.0008
 0.3004
 0.4782
 0.5067
 0.3615
 0.0651
-0.2494
-0.4410
-0.4841
-0.3586
-0.0622
 0.2499
 0.4471
 0.5091
 0.4097
 0.1369
-0.1770
-0.3948
-0.4814
-0.3985
-0.1459
 0.1712
 0.4134
 0.5067
 0.4458
 0.2148
-0.1074
-0.3573
-0.4753
-0.4360
-0.2183
 0.1085
 0.3759
 0.5149
 0.4958
 0.2961
-0.0237
-0.3047
-0.4530
-0.4580
-0.2781
 0.0367
 0.3214
 0.4852
 0.5067
 0.3480
 0.0455
-0.2557
-0.4346
-0.4764
-0.3451
-0.0457
 0.2637
 0.4541
 0.5117
 0.4110
 0.1223
-0.1949
-0.4067
-0.4822
-0.3903
-0.1194
 0.2060
 0.4344
 0.5288
 0.4554
 0.2002
-0.1138
-0.3578
-0.4631
-0.4136
-0.1885
 0.1401
 0.3905
 0.5176
 0.4883
 0.2810
-0.0439
-0.3262
-0.4607
-0.4580
-0.2470
 0.0659
 0.3451
 0.5099
 0.5131
 0.3493
 0.0391
-0.2539
-0.4283
-0.4517
-0.3060
-0.0096
 0.2967
 0.4915
 0.5309
 0.4097
 0.1292
-0.1962
-0.3998
-0.4575
-0.3514
-0.0768
 0.2390
 0.4541
 0.5397
 0.4628
 0.2060
-0.1138
-0.3528
-0.4556
-0.3985
-0.1454
 0.1813
 0.4267
 0.5359
 0.5035
 0.2892
-0.0383
-0.3020
-0.4447
-0.4264
-0.2260
 0.0957
 0.3772
 0.5269
 0.5309
 0.3552
 0.0468
-0.2406
-0.4081
-0.4251
-0.2672
 0.0330
 0.3355
 0.5176
 0.5524
 0.4275
 0.1319
-0.1853
-0.3852
-0.4384
-0.3267
-0.0420
 0.2852
 0.5003
 0.5731
 0.4761
 0.2111
-0.0992
-0.3299
-0.4182
-0.3522
-0.1111
 0.2276
 0.4679
 0.5753
 0.5245
 0.2953
-0.0218
-0.2836
-0.3953
-0.3692
-0.1606
 0.1579
 0.4229
 0.5739
 0.5625
 0.3748
 0.0582
-0.2297
-0.3865
-0.4035
-0.2254
 0.0774
 0.3754
 0.5466
 0.5726
 0.4376
 0.1361
-0.1696
-0.3655
-0.4144
-0.2900
 0.0069
 0.3118
 0.5237
 0.5835
 0.4700
 0.2047
-0.1180
-0.3413
-0.4182
-0.3344
-0.0750
 0.2499
 0.4857
 0.5822
 0.5237
 0.2911
-0.0338
-0.2868
-0.4030
-0.3674
-0.1327
 0.1869
 0.4482
 0.5822
 0.5588
 0.3488
 0.0284
-0.2507
-0.4091
-0.4131
-0.2292
 0.0907
 0.3799
 0.5314
 0.5537
 0.3988
 0.0861
-0.2113
-0.3839
-0.4195
-0.2945
 0.0029
 0.3222
 0.5213
 0.5702
 0.4591
 0.1794
-0.1385
-0.3464
-0.4232
-0.3432
-0.0755
 0.2478
 0.4711
 0.5620
 0.4865
 0.2486
-0.0736
-0.3211
-0.4309
-0.3884
-0.1555
 0.1672
 0.4312
 0.5529
 0.5194
 0.3126
-0.0077
-0.2887
-0.4296
-0.4219
-0.2315
 0.0835
 0.3748
 0.5346
 0.5402
 0.3671
 0.0633
-0.2424
-0.4174
-0.4474
-0.3084
-0.0090
 0.3012
 0.4915
 0.5442
 0.4256
 0.1332
-0.1733
-0.3751
-0.4392
-0.3339
-0.0704
 0.2560
 0.4844
 0.5620
 0.4774
 0.2212
-0.1055
-0.3496
-0.4535
-0.3953
-0.1560
 0.1667
 0.4179
 0.5346
 0.4947
 0.2706
-0.0611
-0.3275
-0.4549
-0.4365
-0.2406
 0.0784
 0.3544
 0.5144
 0.5181
 0.3304
 0.0165
-0.2786
-0.4461
-0.4740
-0.3179
-0.0122
 0.2839
 0.4673
 0.5091
 0.3754
 0.0867
-0.2284
-0.4283
-0.4899
-0.3825
-0.0851
 0.2371
 0.4490
 0.5176
 0.4285
 0.1635
-0.1587
-0.3825
-0.4796
-0.4067
-0.1606
 0.1699
 0.4235
 0.5245
 0.4756
 0.2427
-0.0845
-0.3427
-0.4650
-0.4365
-0.2273
 0.1045
 0.3791
 0.5072
 0.4966
 0.3100
-0.0040
-0.2956
-0.4543
-0.4607
-0.2938
 0.0144
 0.3177
 0.4902
 0.5163
 0.3754
 0.0760
-0.2342
-0.4320
-0.4804
-0.3381
-0.0508
 0.2592
 0.4687
 0.5309
 0.4312
 0.1579
-0.1696
-0.3953
-0.4650
-0.3825
-0.1313
 0.1895
 0.4224
 0.5200
 0.4642
 0.2257
-0.0928
-0.3464
-0.4612
-0.4155
-0.2004
 0.1191
 0.3918
 0.5245
 0.4958
 0.2953
-0.0186
-0.2938
-0.4397
-0.4410
-0.2621
 0.0500
 0.3328
 0.4971
 0.5168
 0.3639
 0.0595
-0.2480
-0.4346
-0.4689
-0.3267
-0.0415
 0.2669
 0.4679
 0.5131
 0.3977
 0.1255
-0.1898
-0.4099
-0.4955
-0.3934
-0.1239
 0.1890
 0.4192
 0.5144
 0.4421
 0.1941
-0.1345
-0.3871
-0.4891
-0.4397
-0.2068
 0.1154
 0.3786
 0.5091
 0.4769
 0.2600
-0.0622
-0.3350
-0.4790
-0.4708
-0.2690
 0.0481
 0.3336
 0.4953
 0.5072
 0.3419
 0.0335
-0.2672
-0.4474
-0.4764
-0.3217
-0.0197
 0.2810
 0.4751
 0.5226
 0.3873
 0.1021
-0.2058
-0.4195
-0.4822
-0.3724
-0.0960
 0.2212
 0.4440
 0.5187
 0.4285
 0.1786
-0.1441
-0.3857
-0.4790
-0.4163
-0.1733
 0.1515
 0.3924
 0.5085
 0.4743
 0.2504
-0.0808
-0.3400
-0.4695
-0.4556
-0.2462
 0.0691
 0.3469
 0.4958
 0.4971
 0.3100
-0.0021
-0.2983
-0.4671
-0.4785
-0.3280
-0.0205
 0.2847
 0.4647
 0.4998
 0.3570
 0.0670
-0.2406
-0.4453
-0.4982
-0.3839
-0.1047
 0.2087
 0.4285
 0.5048
 0.4102
 0.1414
-0.1752
-0.4073
-0.5056
-0.4251
-0.1675
 0.1552
 0.3913
 0.4907
 0.4400
 0.2116
-0.1170
-0.3807
-0.4950
-0.4626
-0.2475
 0.0715
 0.3429
 0.4875
 0.4687
 0.2770
-0.0279
-0.3174
-0.4772
-0.4891
-0.3116
-0.0013
 0.2871
 0.4610
 0.4897
 0.3387
 0.0391
-0.2589
-0.4575
-0.5070
-0.3738
-0.0896
 0.2244
 0.4293
 0.4979
 0.3918
 0.1077
-0.2177
-0.4429
-0.5171
-0.4288
-0.1669
 0.1598
 0.3945
 0.4844
 0.4211
 0.1877
-0.1327
-0.3852
-0.5101
-0.4626
-0.2411
 0.0784
 0.3506
 0.4812
 0.4692
 0.2632
-0.0635
-0.3408
-0.5006
-0.4987
-0.3129
-0.0104
 0.2783
 0.4522
 0.4679
 0.3057
 0.0011
-0.2969
-0.4753
-0.5216
-0.3783
-0.0795
 0.2257
 0.4184
 0.4719
 0.3544
 0.0734
-0.2361
-0.4506
-0.5165
-0.4237
-0.1632
 0.1521
 0.3767
 0.4668
 0.3956
 0.1507
-0.1720
-0.4251
-0.5298
-0.4809
-0.2475
 0.0843
 0.3397
 0.4642
 0.4325
 0.2220
-0.0928
-0.3679
-0.5216
-0.4950
-0.3001
 0.0183
 0.3094
 0.4586
 0.4668
 0.2935
-0.0167
-0.3097
-0.4809
-0.5051
-0.3496
-0.0516
 0.2536
 0.4482
 0.4947
 0.3677
 0.0752
-0.2462
-0.4442
-0.5043
-0.3985
-0.1170
 0.2015
 0.4256
 0.5062
 0.4211
 0.1725
-0.1510
-0.3953
-0.5000
-0.4370
-0.1821
 0.1369
 0.3804
 0.4979
 0.4655
 0.2440
-0.0845
-0.3482
-0.4836
-0.4567
-0.2512
 0.0683
 0.3429
 0.4953
 0.4998
 0.3132
 0.0056
-0.2781
-0.4525
-0.4695
-0.2996
 0.0019
 0.2948
 0.4719
 0.5062
 0.3708
 0.0816
-0.2297
-0.4269
-0.4753
-0.3514
-0.0686
 0.2395
 0.4554
 0.5282
 0.4243
 0.1571
-0.1606
-0.3934
-0.4841
-0.4086
-0.1510
 0.1731
 0.4115
 0.5155
 0.4596
 0.2212
-0.1010
-0.3674
-0.4873
-0.4461
-0.2329
 0.0867
 0.3512
 0.4907
 0.4756
 0.2815
-0.0300
-0.3129
-0.4626
-0.4663
-0.2887
 0.0335
 0.3195
 0.4897
 0.5040
 0.3506
 0.0550
-0.2475
-0.4333
-0.4878
-0.3623
-0.0787
 0.2307
 0.4413
 0.5016
 0.3937
 0.1146
-0.2012
-0.4283
-0.5107
-0.4214
-0.1664
 0.1497
 0.3932
 0.4838
 0.4134
 0.1717
-0.1568
-0.4049
-0.5335
-0.4860
-0.2584
 0.0627
 0.3315
 0.4655
 0.4471
 0.2262
-0.0914
-0.3647
-0.5157
-0.5133
-0.3280
-0.0090
 0.2810
 0.4394
 0.4490
 0.2815
-0.0300
-0.3235
-0.5038
-0.5436
-0.4030
-0.1156
 0.1946
 0.3924
 0.4394
 0.3158
 0.0298
-0.2850
-0.5000
-0.5697
-0.4713
-0.1943
 0.1191
 0.3475
 0.4495
 0.3607
 0.1103
-0.2095
-0.4543
-0.5652
-0.5083
-0.2658
 0.0588
 0.3108
 0.4312
 0.4019
 0.1832
-0.1409
-0.4091
-0.5519
-0.5426
-0.3472
-0.0250
 0.2541
 0.4065
 0.4115
 0.2326
-0.0813
-0.3770
-0.5455
-0.5774
-0.4174
-0.1194
 0.1781
 0.3653
 0.4078
 0.2770
-0.0229
-0.3326
-0.5373
-0.6013
-0.4918
-0.2297
 0.0824
 0.3031
 0.3780
 0.2961
 0.0340
-0.2938
-0.5240
-0.6154
-0.5500
-0.3116
 0.0189
 0.2714
 0.3780
 0.3315
 0.1058
-0.2113
-0.4772
-0.6066
-0.5817
-0.3833
-0.0566
 0.2238
 0.3716
 0.3671
 0.1818
-0.1308
-0.4091
-0.5761
-0.5862
-0.4206
-0.1180
 0.1882
 0.3552
 0.3969
 0.2536
-0.0548
-0.3554
-0.5455
-0.5920
-0.4671
-0.1816
 0.1337
 0.3451
 0.4235
 0.3209
 0.0545
-0.2544
-0.4828
-0.5684
-0.4891
-0.2297
 0.1008
 0.3379
 0.4394
 0.3849
 0.1590
-0.1606
-0.4150
-0.5248
-0.4910
-0.2874
 0.0417
 0.3100
 0.4495
 0.4400
 0.2427
-0.0755
-0.3565
-0.5147
-0.5229
-0.3408
-0.0370
 0.2613
 0.4307
 0.4522
 0.2985
-0.0072
-0.2964
-0.4796
-0.5202
-0.3897
-0.0946
 0.2129
 0.4065
 0.4711
 0.3621
 0.0880
-0.2177
-0.4479
-0.5322
-0.4485
-0.1829
 0.1369
 0.3626
 0.4700
 0.4078
 0.1667
-0.1537
-0.3948
-0.5157
-0.4657
-0.2310
 0.0899
 0.3570
 0.4915
 0.4700
 0.2624
-0.0553
-0.3257
-0.4777
-0.4772
-0.2823
 0.0298
 0.3201
 0.4833
 0.4958
 0.3328
 0.0316
-0.2690
-0.4567
-0.4828
-0.3368
-0.0516
 0.2568
 0.4596
 0.5155
 0.3900
 0.1058
-0.2036
-0.4118
-0.4854
-0.3889
-0.1138
 0.2066
 0.4299
 0.5226
 0.4490
 0.1914
-0.1364
-0.3812
-0.4828
-0.4163
-0.1733
 0.1438
 0.3937
 0.5181
 0.4902
 0.2714
-0.0534
-0.3249
-0.4644
-0.4543
-0.2502
 0.0766
 0.3584
 0.5099
 0.5117
 0.3336
 0.0221
-0.2728
-0.4320
-0.4517
-0.3089
-0.0160
 0.2961
 0.4820
 0.5250
 0.3982
 0.1026
-0.2119
-0.4155
-0.4785
-0.3679
-0.0909
 0.2230
 0.4357
 0.5163
 0.4261
 0.1635
-0.1619
-0.4035
-0.4905
-0.4288
-0.1840
 0.1515
 0.4027
 0.5080
 0.4610
 0.2403
-0.0750
-0.3490
-0.4790
-0.4530
-0.2557
 0.0696
 0.3493
 0.4870
 0.4801
 0.2961
-0.0128
-0.2964
-0.4575
-0.4854
-0.3249
-0.0173
 0.2810
 0.4647
 0.4926
 0.3488
 0.0545
-0.2552
-0.4434
-0.4873
-0.3679
-0.0859
 0.2321
 0.4394
 0.5048
 0.4027
 0.1361
-0.1834
-0.4081
-0.4961
-0.4118
-0.1592
 0.1507
 0.3887
 0.4958
 0.4362
 0.1973
-0.1281
-0.3812
-0.5006
-0.4657
-0.2470
 0.0752
 0.3347
 0.4647
 0.4535
 0.2619
-0.0497
-0.3294
-0.4891
-0.4937
-0.3153
-0.0013
 0.2911
 0.4559
 0.4729
 0.3190
 0.0221
-0.2799
-0.4740
-0.5107
-0.3692
-0.0694
 0.2321
 0.4243
 0.4883
 0.3716
 0.1008
-0.2063
-0.4195
-0.4982
-0.4081
-0.1459
 0.1680
 0.3996
 0.4902
 0.4198
 0.1808
-0.1441
-0.3857
-0.5032
-0.4556
-0.2278
 0.0989
 0.3533
 0.4724
 0.4514
 0.2435
-0.0750
-0.3586
-0.5056
-0.4873
-0.2951
 0.0221
 0.3062
 0.4554
 0.4692
 0.3094
 0.0024
-0.2988
-0.4772
-0.5064
-0.3591
-0.0641
 0.2313
 0.4211
 0.4761
 0.3557
 0.0811
-0.2329
-0.4485
-0.5147
-0.4200
-0.1505
 0.1672
 0.3836
 0.4687
 0.3937
 0.1311
-0.1954
-0.4360
-0.5399
-0.4764
-0.2337
 0.0949
 0.3437
 0.4623
 0.4147
 0.1973
-0.1289
-0.3980
-0.5216
-0.5064
-0.3028
 0.0207
 0.2943
 0.4490
 0.4509
 0.2738
-0.0324
-0.3267
-0.4987
-0.5115
-0.3477
-0.0407
 0.2619
 0.4357
 0.4719
 0.3506
 0.0665
-0.2589
-0.4599
-0.5176
-0.4081
-0.1220
 0.1959
 0.4059
 0.4865
 0.3988
 0.1350
-0.1765
-0.4086
-0.5115
-0.4384
-0.1962
 0.1319
 0.3823
 0.4883
 0.4463
 0.2244
-0.1023
-0.3591
-0.4878
-0.4549
-0.2494
 0.0646
 0.3405
 0.4737
 0.4636
 0.2810
-0.0292
-0.3116
-0.4681
-0.4777
-0.3121
 0.0029
 0.2967
 0.4642
 0.4979
 0.3538
 0.0588
-0.2393
-0.4365
-0.4910
-0.3578
-0.0654
 0.2486
 0.4477
 0.5131
 0.4192
 0.1529
-0.1606
-0.3783
-0.4695
-0.3884
-0.1239
 0.1951
 0.4338
 0.5296
 0.4719
 0.2326
-0.0933
-0.3482
-0.4580
-0.4168
-0.1994
 0.1204
 0.3868
 0.5232
 0.5048
 0.3025
-0.0191
-0.2969
-0.4402
-0.4392
-0.2634
 0.0481
 0.3336
 0.4897
 0.5155
 0.3634
 0.0588
-0.2419
-0.4309
-0.4790
-0.3427
-0.0425
 0.2632
 0.4623
 0.5232
 0.4038
 0.1223
-0.1962
-0.4118
-0.4777
-0.3812
-0.1111
 0.2097
 0.4299
 0.5218
 0.4509
 0.2028
-0.1212
-0.3591
-0.4575
-0.4030
-0.1765
 0.1425
 0.4019
 0.5245
 0.5016
 0.2961
-0.0250
-0.3015
-0.4416
-0.4269
-0.2292
 0.0805
 0.3634
 0.5149
 0.5245
 0.3584
 0.0500
-0.2507
-0.4219
-0.4525
-0.3089
-0.0114
 0.2871
 0.4806
 0.5277
 0.4014
 0.1146
-0.1911
-0.3948
-0.4562
-0.3528
-0.0933
 0.2238
 0.4509
 0.5351
 0.4514
 0.1895
-0.1289
-0.3706
-0.4663
-0.4049
-0.1683
 0.1571
 0.4065
 0.5213
 0.4857
 0.2821
-0.0287
-0.3047
-0.4352
-0.4195
-0.2140
 0.1045
 0.3735
 0.5218
 0.5176
 0.3392
 0.0316
-0.2616
-0.4206
-0.4410
-0.2855
 0.0215
 0.3246
 0.4979
 0.5452
 0.4059
 0.1085
-0.2087
-0.4017
-0.4485
-0.3400
-0.0553
 0.2656
 0.4729
 0.5370
 0.4471
 0.1858
-0.1377
-0.3706
-0.4671
-0.4030
-0.1409
 0.1965
 0.4299
 0.5282
 0.4711
 0.2499
-0.0649
-0.3368
-0.4575
-0.4269
-0.2159
 0.1103
 0.3780
 0.5149
 0.5062
 0.3158
 0.0029
-0.2791
-0.4402
-0.4434
-0.2791
 0.0276
 0.3259
 0.4953
 0.5194
 0.3748
 0.0702
-0.2398
-0.4187
-0.4671
-0.3395
-0.0452
 0.2682
 0.4647
 0.5282
 0.4235
 0.1470
-0.1683
-0.3801
-0.4631
-0.3865
-0.1271
 0.1914
 0.4299
 0.5269
 0.4591
 0.2334
-0.0832
-0.3440
-0.4607
-0.4195
-0.1980
 0.1268
 0.3905
 0.5168
 0.4979
 0.3049
-0.0154
-0.2836
-0.4245
-0.4277
-0.2411
 0.0784
 0.3703
 0.5187
 0.5365
 0.3836
 0.0715
-0.2355
-0.4086
-0.4378
-0.3007
-0.0096
 0.2911
 0.4870
 0.5460
 0.4338
 0.1507
-0.1669
-0.3751
-0.4498
-0.3647
-0.0992
 0.2326
 0.4522
 0.5351
 0.4724
 0.2180
-0.1079
-0.3432
-0.4498
-0.4062
-0.1770
 0.1393
 0.3950
 0.5218
 0.4897
 0.2834
-0.0343
-0.3020
-0.4370
-0.4365
-0.2456
 0.0702
 0.3506
 0.5054
 0.5163
 0.3437
 0.0423
-0.2438
-0.4174
-0.4461
-0.2969
 0.0043
 0.2980
 0.4769
 0.5314
 0.4033
 0.1058
-0.1962
-0.3921
-0.4612
-0.3597
-0.0851
 0.2302
 0.4503
 0.5200
 0.4331
 0.1826
-0.1385
-0.3743
-0.4676
-0.4105
-0.1619
 0.1579
 0.3900
 0.4953
 0.4642
 0.2536
-0.0712
-0.3318
-0.4543
-0.4392
-0.2438
 0.0824
 0.3488
 0.4984
 0.5117
 0.3201
 0.0112
-0.2728
-0.4370
-0.4506
-0.2945
 0.0207
 0.3264
 0.4897
 0.5237
 0.3913
 0.0861
-0.2201
-0.4062
-0.4599
-0.3451
-0.0649
 0.2541
 0.4482
 0.5264
 0.4394
 0.1693
-0.1459
-0.3770
-0.4671
-0.3980
-0.1499
 0.1755
 0.4102
 0.5144
 0.4668
 0.2353
-0.0819
-0.3432
-0.4631
-0.4320
-0.2196
 0.1031
 0.3685
 0.5080
 0.4926
 0.3044
 0.0011
-0.2882
-0.4485
-0.4588
-0.2914
 0.0215
 0.3100
 0.4782
 0.5008
 0.3533
 0.0633
-0.2525
-0.4288
-0.4708
-0.3541
-0.0580
 0.2560
 0.4527
 0.5258
 0.4203
 0.1420
-0.1752
-0.3897
-0.4764
-0.3966
-0.1313
 0.1890
 0.4115
 0.5062
 0.4490
 0.2116
-0.1061
-0.3496
-0.4562
-0.4163
-0.1935
 0.1305
 0.3873
 0.5155
 0.4934
 0.2930
-0.0173
-0.2906
-0.4424
-0.4365
-0.2595
 0.0473
 0.3342
 0.4915
 0.5112
 0.3562
 0.0486
-0.2576
-0.4309
-0.4703
-0.3381
-0.0425
 0.2682
 0.4522
 0.5104
 0.4070
 0.1236
-0.1949
-0.4030
-0.4759
-0.3801
-0.1034
 0.2124
 0.4331
 0.5048
 0.4344
 0.1901
-0.1345
-0.3669
-0.4689
-0.4214
-0.1903
 0.1342
 0.3937
 0.5040
 0.4719
 0.2664
-0.0611
-0.3267
-0.4631
-0.4447
-0.2525
 0.0577
 0.3241
 0.4711
 0.4801
 0.3068
 0.0011
-0.2945
-0.4575
-0.4860
-0.3496
-0.0484
 0.2517
 0.4312
 0.4774
 0.3557
 0.0752
-0.2374
-0.4429
-0.5075
-0.4035
-0.1175
 0.2079
 0.4203
 0.4883
 0.4065
 0.1558
-0.1587
-0.3903
-0.4804
-0.4200
-0.1810
 0.1451
 0.3868
 0.4984
 0.4541
 0.2313
-0.0869
-0.3477
-0.4721
-0.4517
-0.2494
 0.0752
 0.3520
 0.4865
 0.4838
 0.3100
-0.0045
-0.2919
-0.4474
-0.4676
-0.3153
-0.0045
 0.2911
 0.4636
 0.4971
 0.3666
 0.0696
-0.2411
-0.4277
-0.4650
-0.3440
-0.0667
 0.2499
 0.4514
 0.5149
 0.4275
 0.1725
-0.1499
-0.3756
-0.4650
-0.4022
-0.1499
 0.1813
 0.4142
 0.5232
 0.4719
 0.2371
-0.0845
-0.3400
-0.4580
-0.4288
-0.2082
 0.1178
 0.3817
 0.5112
 0.4926
 0.3036
-0.0114
-0.2951
-0.4461
-0.4525
-0.2805
 0.0404
 0.3323
 0.4926
 0.5194
 0.3740
 0.0798
-0.2292
-0.4144
-0.4485
-0.3225
-0.0375
 0.2706
 0.4623
 0.5181
 0.4152
 0.1433
-0.1715
-0.3825
-0.4612
-0.3825
-0.1207
 0.2028
 0.4349
 0.5218
 0.4636
 0.2206
-0.1061
-0.3421
-0.4485
-0.4123
-0.1872
 0.1292
 0.3791
 0.5035
 0.4812
 0.2797
-0.0393
-0.3134
-0.4511
-0.4410
-0.2603
 0.0463
 0.3342
 0.4883
 0.4998
 0.3387
 0.0330
-0.2589
-0.4384
-0.4626
-0.3203
-0.0250
 0.2797
 0.4586
 0.5054
 0.3905
 0.1204
-0.1935
-0.4049
-0.4759
-0.3825
-0.1180
 0.2002
 0.4235
 0.5003
 0.4203
 0.1744
-0.1446
-0.3738
-0.4790
-0.4296
-0.1848
 0.1311
 0.3945
 0.5072
 0.4636
 0.2656
-0.0465
-0.3225
-0.4466
-0.4309
-0.2411
 0.0752
 0.3570
 0.5040
 0.5085
 0.3429
 0.0385
-0.2571
-0.4264
-0.4466
-0.2924
 0.0112
 0.3118
 0.4907
 0.5314
 0.4019
 0.1255
-0.1829
-0.3825
-0.4479
-0.3546
-0.0649
 0.2592
 0.4660
 0.5370
 0.4554
 0.1973
-0.1117
-0.3496
-0.4485
-0.3839
-0.1499
 0.1749
 0.4243
 0.5282
 0.4774
 0.2637
-0.0566
-0.3198
-0.4416
-0.4206
-0.2140
 0.1000
 0.3615
 0.5008
 0.5030
 0.3190
-0.0021
-0.2868
-0.4511
-0.4681
-0.3134
-0.0040
 0.2943
 0.4596
 0.4998
 0.3685
 0.0760
-0.2284
-0.4237
-0.4809
-0.3724
-0.0960
 0.2116
 0.4179
 0.4870
 0.3918
 0.1273
-0.1848
-0.4091
-0.4899
-0.4219
-0.1789
 0.1374
 0.3722
 0.4844
 0.4312
 0.2074
-0.1180
-0.3783
-0.4955
-0.4721
-0.2616
 0.0619
 0.3278
 0.4541
 0.4368
 0.2549
-0.0540
-0.3280
-0.4910
-0.5043
-0.3318
-0.0274
 0.2688
 0.4400
 0.4471
 0.2935
 0.0037
-0.3007
-0.4950
-0.5532
-0.4315
-0.1486
 0.1489
 0.3366
 0.3918
 0.2839
-0.0008
-0.3153
-0.5311
-0.6186
-0.5373
-0.2791
 0.0412
 0.2656
 0.3501
 0.2770
 0.0385
-0.2595
-0.5000
-0.6218
-0.5843
-0.3647
-0.0407
 0.2270
 0.3488
 0.3272
 0.1319
-0.1816
-0.4485
-0.5976
-0.5838
-0.4009
-0.0909
 0.1996
 0.3544
 0.3645
 0.2148
-0.0837
-0.3674
-0.5394
-0.5729
-0.4341
-0.1372
 0.1717
 0.3653
 0.4179
 0.2911
 0.0144
-0.2887
-0.4905
-0.5508
-0.4530
-0.1911
 0.1236
 0.3475
 0.4299
 0.3602
 0.1186
-0.2036
-0.4442
-0.5436
-0.4899
-0.2520
 0.0619
 0.3081
 0.4376
 0.4128
 0.1978
-0.1162
-0.3724
-0.5000
-0.4764
-0.2924
 0.0175
 0.2980
 0.4381
 0.4463
 0.2757
-0.0343
-0.3217
-0.4841
-0.5088
-0.3605
-0.0580
 0.2377
 0.4211
 0.4660
 0.3451
 0.0627
-0.2398
-0.4360
-0.5000
-0.4022
-0.1244
 0.1909
 0.4014
 0.4610
 0.3831
 0.1393
-0.1770
-0.4062
-0.5032
-0.4416
-0.2018
 0.1249
 0.3748
 0.4838
 0.4394
 0.2198
-0.0960
-0.3472
-0.4822
-0.4644
-0.2557
 0.0638
 0.3283
 0.4660
 0.4719
 0.2892
-0.0090
-0.2863
-0.4562
-0.4689
-0.3134
-0.0141
 0.2765
 0.4495
 0.4833
 0.3451
 0.0633
-0.2387
-0.4288
-0.4937
-0.3825
-0.0973
 0.2111
 0.4192
 0.4833
 0.4006
 0.1457
-0.1903
-0.4099
-0.4918
-0.4187
-0.1592
 0.1515
 0.3817
 0.4838
 0.4344
 0.2087
-0.1117
-0.3578
-0.4814
-0.4562
-0.2379
 0.0710
 0.3411
 0.4769
 0.4591
 0.2688
-0.0452
-0.3243
-0.4727
-0.4814
-0.3166
-0.0128
 0.2706
 0.4408
 0.4679
 0.3182
 0.0234
-0.2799
-0.4639
-0.5088
-0.3833
-0.0952
 0.2079
 0.4083
 0.4751
 0.3602
 0.0861
-0.2273
-0.4447
-0.5184
-0.4283
-0.1696
 0.1534
 0.3831
 0.4700
 0.4083
 0.1744
-0.1409
-0.3871
-0.5024
-0.4580
-0.2342
 0.0843
 0.3411
 0.4751
 0.4509
 0.2541
-0.0529
-0.3339
-0.4878
-0.4873
-0.3020
 0.0120
 0.2911
 0.4413
 0.4514
 0.3036
 0.0037
-0.2938
-0.4663
-0.5093
-0.3669
-0.0837
 0.2326
 0.4267
 0.4679
 0.3594
 0.0856
-0.2246
-0.4498
-0.5165
-0.4174
-0.1446
 0.1755
 0.3982
 0.4883
 0.4097
 0.1648
-0.1555
-0.3833
-0.4814
-0.4392
-0.2031
 0.1186
 0.3708
 0.4915
 0.4495
 0.2448
-0.0750
-0.3427
-0.4764
-0.4626
-0.2525
 0.0646
 0.3310
 0.4833
 0.4907
 0.3145
 0.0043
-0.2863
-0.4567
-0.4846
-0.3395
-0.0300
 0.2789
 0.4554
 0.4921
 0.3722
 0.0925
-0.2183
-0.4113
-0.4644
-0.3642
-0.0877
 0.2252
 0.4344
 0.5117
 0.4248
 0.1635
-0.1537
-0.3807
-0.4695
-0.4086
-0.1707
 0.1433
 0.3855
 0.4915
 0.4503
 0.2334
-0.0859
-0.3440
-0.4676
-0.4485
-0.2507
 0.0569
 0.3304
 0.4729
 0.4673
 0.2943
-0.0186
-0.3097
-0.4657
-0.4790
-0.3312
-0.0274
 0.2669
 0.4477
 0.4743
 0.3283
 0.0354
-0.2749
-0.4689
-0.5147
-0.3940
-0.1106
 0.1991
 0.4059
 0.4660
 0.3754
 0.1039
-0.2076
-0.4200
-0.5133
-0.4474
-0.1872
 0.1350
 0.3480
 0.4477
 0.4083
 0.1667
-0.1619
-0.4200
-0.5455
-0.5184
-0.3148
-0.0090
 0.2486
 0.3812
 0.3698
 0.1800
-0.1358
-0.4277
-0.5766
-0.5705
-0.3940
-0.0941
 0.1837
 0.3411
 0.3735
 0.2371
-0.0649
-0.3597
-0.5405
-0.5939
-0.4620
-0.1733
 0.1332
 0.3397
 0.4051
 0.3031
 0.0284
-0.2842
-0.5038
-0.5734
-0.4804
-0.2254
 0.0917
 0.3158
 0.4115
 0.3533
 0.1218
-0.1999
-0.4466
-0.5537
-0.5133
-0.2932
 0.0253
 0.2839
 0.4120
 0.3969
 0.1941
-0.1130
-0.3884
-0.5431
-0.5303
-0.3432
-0.0300
 0.2682
 0.4280
 0.4357
 0.2898
-0.0178
-0.3166
-0.4846
-0.5165
-0.3751
-0.0813
 0.2212
 0.4070
 0.4636
 0.3429
 0.0582
-0.2456
-0.4535
-0.5197
-0.4131
-0.1396
 0.1755
 0.3977
 0.4833
 0.4046
 0.1584
-0.1518
-0.3903
-0.4873
-0.4370
-0.2108
 0.1140
 0.3666
 0.4883
 0.4463
 0.2395
-0.0776
-0.3445
-0.4745
-0.4639
-0.2704
 0.0423
 0.3355
 0.4902
 0.4806
 0.3201
 0.0234
-0.2616
-0.4328
-0.4575
-0.3039
-0.0114
 0.2847
 0.4642
 0.5062
 0.3836
 0.1058
-0.1986
-0.4054
-0.4676
-0.3610
-0.0845
 0.2302
 0.4426
 0.5176
 0.4312
 0.1693
-0.1505
-0.3775
-0.4681
-0.4067
-0.1614
 0.1547
 0.3887
 0.4953
 0.4610
 0.2504
-0.0699
-0.3376
-0.4612
-0.4309
-0.2393
 0.0659
 0.3557
 0.4998
 0.4934
 0.3086
 0.0000
-0.2850
-0.4384
-0.4517
-0.2924
 0.0005
 0.2943
 0.4692
 0.5062
 0.3740
 0.0798
-0.2183
-0.4195
-0.4676
-0.3565
-0.0750
 0.2408
 0.4477
 0.5155
 0.4198
 0.1616
-0.1683
-0.3934
-0.4657
-0.3908
-0.1335
 0.1941
 0.4166
 0.5062
 0.4591
 0.2313
-0.0800
-0.3427
-0.4657
-0.4232
-0.2228
 0.1103
 0.3506
 0.4692
 0.4700
 0.2674
-0.0332
-0.2983
-0.4620
-0.4689
-0.2818
 0.0239
 0.3068
 0.4564
 0.4743
 0.3387
 0.0444
-0.2520
-0.4283
-0.4814
-0.3591
-0.0768
 0.2212
 0.4331
 0.4953
 0.3849
 0.1114
-0.2004
-0.4144
-0.4961
-0.4187
-0.1582
 0.1640
 0.3841
 0.4535
 0.3887
 0.1661
-0.1555
-0.4073
-0.5208
-0.4713
-0.2563
 0.0646
 0.3254
 0.4400
 0.4261
 0.2334
-0.0869
-0.3591
-0.4937
-0.4950
-0.3161
-0.0085
 0.2783
 0.4421
 0.4642
 0.3031
-0.0096
-0.3102
-0.4854
-0.4987
-0.3597
-0.0869
 0.2079
 0.4166
 0.4719
 0.3419
 0.0774
-0.2323
-0.4453
-0.5043
-0.4144
-0.1568
 0.1717
 0.3881
 0.4623
 0.3841
 0.1539
-0.1664
-0.4062
-0.4886
-0.4370
-0.2063
 0.1127
 0.3538
 0.4642
 0.4408
 0.2294
-0.0960
-0.3597
-0.4841
-0.4777
-0.2842
 0.0215
 0.2999
 0.4591
 0.4687
 0.3012
-0.0058
-0.3001
-0.4588
-0.4814
-0.3294
-0.0167
 0.2860
 0.4586
 0.4883
 0.3698
 0.0784
-0.2366
-0.4232
-0.4910
-0.3730
-0.0952
 0.2148
 0.4381
 0.5149
 0.4307
 0.1717
-0.1486
-0.3756
-0.4809
-0.4144
-0.1725
 0.1388
 0.3913
 0.4953
 0.4440
 0.2363
-0.0845
-0.3376
-0.4695
-0.4626
-0.2552
 0.0633
 0.3336
 0.4711
 0.4782
 0.3025
-0.0205
-0.2882
-0.4309
-0.4535
-0.2983
-0.0114
 0.2765
 0.4591
 0.4870
 0.3506
 0.0696
-0.2233
-0.4227
-0.4732
-0.3464
-0.0654
 0.2478
 0.4463
 0.5054
 0.4027
 0.1420
-0.1664
-0.3801
-0.4562
-0.3921
-0.1510
 0.1661
 0.4019
 0.4990
 0.4471
 0.2129
-0.1079
-0.3647
-0.4899
-0.4466
-0.2297
 0.0728
 0.3525
 0.4889
 0.4724
 0.2778
-0.0311
-0.2945
-0.4402
-0.4479
-0.2791
 0.0290
 0.3113
 0.4572
 0.4852
 0.3405
 0.0500
-0.2406
-0.4333
-0.4671
-0.3358
-0.0476
 0.2541
 0.4578
 0.5245
 0.4070
 0.1425
-0.1675
-0.3844
-0.4650
-0.3807
-0.1207
 0.1927
 0.4120
 0.5022
 0.4408
 0.2002
-0.1170
-0.3554
-0.4650
-0.4206
-0.1834
 0.1356
 0.3841
 0.4902
 0.4700
 0.2669
-0.0521
-0.3166
-0.4708
-0.4644
-0.2799
 0.0362
 0.3214
 0.4660
 0.4782
 0.3171
 0.0194
-0.2735
-0.4517
-0.4809
-0.3286
-0.0223
 0.2696
