-0.0082
 0.0364
 0.0548
 0.0383
 0.0120
-0.0191
-0.0518
-0.0872
-0.0827
-0.0128
 0.0231
 0.0332
 0.0199
 0.0314
 0.0401
 0.0088
-0.0348
-0.0643
-0.0726
-0.0473
-0.0253
 0.0069
 0.0907
 0.0888
 0.0510
 0.0098
-0.0412
-0.0253
-0.0473
-0.0372
 0.0011
 0.0194
 0.0351
 0.0441
 0.0452
 0.0221
-0.0122
-0.0354
-0.0494
-0.0532
-0.0348
-0.0040
 0.0069
 0.0319
 0.0704
 0.0231
 0.0093
-0.0128
-0.0473
-0.0423
-0.0191
 0.0207
 0.0396
 0.0452
 0.0308
 0.0019
-0.0215
-0.0657
-0.0739
-0.0449
-0.0234
 0.0112
 0.0471
 0.0553
 0.0415
 0.0226
-0.0183
-0.0556
-0.0412
-0.0505
-0.0372
 0.0056
 0.0239
 0.0484
 0.0428
 0.0098
-0.0223
-0.0619
-0.0726
-0.0845
-0.0702
-0.0362
 0.0011
 0.0516
 0.0441
 0.0635
 0.0409
 0.0011
-0.0197
-0.0404
-0.0412
-0.0513
-0.0191
 0.0074
-0.0021
 0.0037
 0.0093
-0.0008
-0.0330
-0.0486
-0.0463
-0.0513
-0.0330
 0.0221
 0.0649
 0.0566
 0.0245
-0.0058
-0.0298
-0.0348
-0.0298
-0.0348
 0.0088
 0.0452
 0.0542
 0.0622
 0.0492
 0.0300
-0.0109
-0.0362
-0.0393
-0.0316
 0.0061
 0.0370
 0.0521
 0.0585
 0.0510
 0.0138
-0.0266
-0.0689
-0.1167
-0.1138
-0.0643
 0.0181
 0.0681
 0.0534
 0.0593
 0.0383
 0.0106
-0.0279
-0.0215
 0.0157
 0.0181
 0.0471
 0.0534
 0.0755
 0.0731
 0.0290
-0.0027
-0.0234
-0.0173
-0.0141
-0.0348
 0.0061
 0.0420
 0.0603
 0.0542
 0.0370
 0.0332
-0.0109
-0.0354
-0.0322
-0.0242
 0.0120
 0.0452
 0.0723
 0.0699
 0.0542
 0.0290
-0.0210
-0.0505
-0.0279
-0.0040
 0.0088
 0.0000
 0.0282
 0.0819
 0.0673
 0.0383
-0.0183
-0.0675
-0.0744
-0.0593
 0.0048
 0.0622
 0.0750
 0.0736
 0.0598
 0.0415
-0.0021
-0.0593
-0.1010
-0.0715
-0.0027
 0.0529
 0.0585
 0.0787
 0.0925
 0.0617
 0.0308
-0.0077
-0.0362
-0.0494
-0.0348
-0.0146
 0.0250
 0.0484
 0.0465
 0.0276
 0.0112
-0.0322
-0.0417
-0.0500
-0.0354
-0.0229
-0.0114
 0.0061
 0.0282
 0.0611
 0.0351
-0.0152
-0.0431
-0.0593
-0.0657
-0.0715
-0.0266
-0.0165
-0.0082
 0.0290
 0.0327
 0.0080
-0.0045
-0.0122
-0.0128
 0.0098
 0.0271
 0.0542
 0.0731
 0.0484
 0.0213
-0.0133
-0.0412
-0.0790
-0.0821
-0.0614
-0.0311
 0.0327
 0.0641
 0.0580
 0.0377
 0.0125
-0.0316
-0.0582
-0.0486
-0.0431
-0.0284
-0.0013
 0.0263
 0.0433
 0.0396
 0.0043
-0.0292
-0.0372
-0.0494
-0.0707
-0.0486
 0.0189
 0.0611
 0.0585
 0.0611
 0.0258
-0.0128
-0.0367
-0.0816
-0.0954
-0.0481
 0.0019
 0.0415
 0.0750
 0.0580
 0.0170
-0.0141
-0.0481
-0.0726
-0.0633
-0.0223
-0.0173
 0.0170
 0.0763
 0.0598
 0.0364
 0.0162
-0.0292
-0.0689
-0.0726
-0.0133
 0.0069
 0.0175
 0.0460
 0.0332
 0.0170
-0.0114
-0.0444
-0.0564
-0.0569
-0.0588
-0.0223
 0.0314
 0.0332
 0.0351
 0.0351
 0.0319
-0.0082
-0.0473
-0.0473
-0.0261
-0.0173
 0.0138
 0.0420
 0.0598
 0.0465
 0.0391
 0.0383
-0.0027
-0.0274
-0.0229
-0.0096
 0.0194
 0.0529
 0.0635
 0.0497
 0.0162
-0.0178
-0.0468
-0.0593
-0.0455
-0.0354
-0.0298
-0.0122
 0.0226
 0.0396
 0.0037
-0.0040
-0.0173
-0.0588
-0.0513
-0.0481
-0.0335
 0.0420
 0.0585
 0.0984
 0.0593
-0.0027
-0.0322
-0.0683
-0.0973
-0.0877
-0.0385
 0.0332
 0.0901
 0.1058
 0.0994
 0.0617
 0.0088
-0.0505
-0.0689
-0.0739
-0.0532
 0.0056
 0.0635
 0.0800
 0.0662
 0.0673
 0.0130
-0.0683
-0.0739
-0.0707
-0.0348
 0.0125
 0.0593
 0.1122
 0.1002
 0.0521
-0.0114
-0.0992
-0.1263
-0.0795
-0.0564
-0.0064
 0.0611
 0.1114
 0.0984
 0.0635
 0.0290
-0.0588
-0.0867
-0.0827
-0.0593
-0.0234
 0.0019
 0.0199
 0.0641
 0.1085
 0.0800
 0.0157
-0.0588
-0.0978
-0.0633
-0.0160
 0.0250
 0.0768
 0.0864
 0.0962
 0.0824
 0.0149
-0.0481
-0.0827
-0.0859
-0.0633
 0.0000
 0.0603
 0.0869
 0.0888
 0.0428
-0.0109
-0.0694
-0.0978
-0.0941
-0.1005
-0.0253
 0.0611
 0.0994
 0.0907
 0.0673
 0.0516
-0.0481
-0.0960
-0.0965
-0.0872
-0.0335
 0.0447
 0.0736
 0.0593
 0.0805
 0.0662
-0.0311
-0.0790
-0.0872
-0.0766
-0.0417
-0.0072
 0.0553
 0.0691
 0.0593
 0.0641
-0.0223
-0.0463
-0.0380
-0.0619
-0.0096
 0.0359
 0.0731
 0.1146
 0.1034
 0.0611
 0.0019
-0.0588
-0.0840
-0.0986
-0.0752
-0.0152
 0.0521
 0.0800
 0.0641
 0.0441
 0.0239
-0.0348
-0.0840
-0.0936
-0.0694
-0.0173
 0.0300
 0.0755
 0.0819
 0.0580
 0.0332
-0.0322
-0.0909
-0.1148
-0.0997
-0.0532
-0.0008
 0.0529
 0.0681
 0.0465
-0.0122
-0.0436
-0.1023
-0.1539
-0.1489
-0.0367
 0.0553
 0.0805
 0.0805
 0.0585
 0.0189
-0.0253
-0.0444
-0.0619
-0.0473
-0.0393
 0.0080
 0.0566
 0.0742
 0.0712
 0.0585
-0.0008
-0.0633
-0.0978
-0.0941
-0.0532
-0.0109
 0.0548
 0.0907
 0.1008
 0.0750
 0.0239
-0.0372
-0.0973
-0.1061
-0.0550
-0.0202
 0.0263
 0.0593
 0.0673
 0.0585
 0.0181
-0.0393
-0.1016
-0.1396
-0.1446
-0.0821
 0.0226
 0.0813
 0.0819
 0.0805
 0.0327
-0.0021
-0.0303
-0.0752
-0.0872
-0.0840
-0.0473
 0.0340
 0.0952
 0.0957
 0.0962
 0.0441
-0.0404
-0.0872
-0.0867
-0.0537
-0.0178
 0.0396
 0.0832
 0.0805
 0.0415
-0.0178
-0.0638
-0.1055
-0.1319
-0.1287
-0.0784
 0.0024
 0.0704
 0.0736
 0.0383
 0.0098
-0.0348
-0.0840
-0.1175
-0.1074
-0.0593
-0.0261
 0.0263
 0.0787
 0.0731
 0.0327
-0.0096
-0.0872
-0.1175
-0.0808
-0.0481
-0.0077
 0.0319
 0.0673
 0.0654
 0.0497
-0.0058
-0.0867
-0.1061
-0.1042
-0.0909
-0.0417
 0.0106
 0.0231
 0.0383
 0.0282
-0.0210
-0.0675
-0.1226
-0.0821
-0.0556
-0.0412
 0.0300
 0.0763
 0.0750
 0.0553
 0.0231
-0.0316
-0.0891
-0.1143
-0.1087
-0.0689
 0.0149
 0.0768
 0.0851
 0.0768
 0.0433
-0.0197
-0.1143
-0.1287
-0.0922
-0.0720
 0.0138
 0.0580
 0.0553
 0.0516
 0.0181
-0.0322
-0.0877
-0.0885
-0.0670
-0.0486
-0.0122
 0.0314
 0.0370
 0.0428
 0.0542
 0.0056
-0.0486
-0.0821
-0.0997
-0.0776
-0.0564
 0.0106
 0.0800
 0.0851
 0.0258
-0.0638
-0.1029
-0.0914
-0.0973
-0.0808
-0.0423
 0.0340
 0.0957
 0.0920
 0.0686
 0.0300
-0.0202
-0.0936
-0.1111
-0.0877
-0.0449
-0.0064
 0.0383
 0.0731
 0.0611
 0.0370
-0.0141
-0.0954
-0.1268
-0.0978
-0.0643
-0.0133
 0.0327
 0.0635
 0.0502
 0.0112
-0.0335
-0.0683
-0.0845
-0.0891
-0.0752
-0.0316
 0.0370
 0.0851
 0.0864
 0.0415
-0.0141
-0.0744
-0.1130
-0.0965
-0.0821
-0.0633
-0.0210
 0.0611
 0.0976
 0.0561
 0.0162
-0.0266
-0.0784
-0.0978
-0.0845
-0.0574
-0.0178
 0.0093
 0.0226
 0.0295
-0.0072
-0.0707
-0.0545
-0.0284
-0.0463
-0.0223
 0.0300
 0.0622
 0.0805
 0.0750
 0.0593
 0.0383
-0.0335
-0.1074
-0.1268
-0.0752
 0.0043
 0.0654
 0.1077
 0.0938
 0.0742
 0.0327
-0.0322
-0.0606
-0.0776
-0.0720
-0.0311
 0.0250
 0.0585
 0.0673
 0.0593
 0.0396
 0.0024
-0.0643
-0.0840
-0.0734
-0.0404
 0.0098
 0.0452
 0.0548
 0.0611
 0.0098
-0.0556
-0.0758
-0.0954
-0.0928
-0.0625
 0.0170
 0.0893
 0.1324
 0.1335
 0.0774
 0.0029
-0.0808
-0.0827
-0.0766
-0.0436
 0.0080
 0.0433
 0.1053
 0.1228
 0.0962
 0.0460
-0.0191
-0.0739
-0.0965
-0.0625
-0.0455
-0.0021
 0.0667
 0.0957
 0.0837
 0.0396
 0.0019
-0.0707
-0.1055
-0.1098
-0.0588
 0.0428
 0.0925
 0.0792
 0.0736
 0.0479
-0.0128
-0.0702
-0.0997
-0.0821
-0.0316
 0.0231
 0.0718
 0.0856
 0.0572
 0.0420
-0.0096
-0.0816
-0.0790
-0.0532
-0.0064
 0.0479
 0.0864
 0.1159
 0.1191
 0.0938
 0.0401
-0.0362
-0.0758
-0.0885
-0.0582
 0.0005
 0.0479
 0.0750
 0.0832
 0.0630
 0.0327
-0.0284
-0.0593
-0.0606
-0.0354
-0.0064
 0.0492
 0.0984
 0.0962
 0.0782
 0.0465
-0.0122
-0.0707
-0.0885
-0.0790
-0.0354
 0.0005
 0.0566
 0.1013
 0.0970
 0.0529
-0.0210
-0.0771
-0.1029
-0.0904
-0.0545
-0.0141
 0.0763
 0.1114
 0.0593
 0.0346
 0.0327
-0.0058
-0.0720
-0.0896
-0.0614
-0.0229
 0.0396
 0.0681
 0.0787
 0.0864
 0.0712
 0.0080
-0.0588
-0.0593
-0.0279
 0.0029
 0.0250
 0.0593
 0.1039
 0.1140
 0.0774
 0.0245
-0.0354
-0.0744
-0.0675
-0.0133
 0.0452
 0.0782
 0.0864
 0.0516
-0.0077
-0.0643
-0.0766
-0.0274
-0.0380
-0.0191
 0.0276
 0.0742
 0.0976
 0.0883
 0.0686
 0.0080
-0.0556
-0.0872
-0.0766
-0.0449
-0.0082
 0.0542
 0.1008
 0.0736
 0.0598
 0.0308
-0.0436
-0.1117
-0.0973
-0.0399
-0.0032
 0.0686
 0.1255
 0.1085
 0.0933
 0.0548
 0.0024
-0.0322
-0.0694
-0.0614
-0.0234
 0.0194
 0.0686
 0.0938
 0.0893
 0.0580
 0.0037
-0.0444
-0.0500
-0.0545
-0.0354
 0.0074
 0.0824
 0.1135
 0.0875
 0.0750
 0.0420
-0.0399
-0.0803
-0.0606
-0.0505
-0.0013
 0.0837
 0.1039
 0.0755
 0.0415
 0.0239
-0.0242
-0.0367
-0.0569
-0.0752
-0.0298
 0.0510
 0.1140
 0.0976
 0.0572
 0.0271
 0.0037
-0.0362
-0.0670
-0.0928
-0.0335
 0.0750
 0.1380
 0.1348
 0.1114
 0.0819
 0.0056
-0.0643
-0.0827
-0.0633
-0.0348
 0.0271
 0.0970
 0.1039
 0.0920
 0.0572
-0.0090
-0.0619
-0.0986
-0.0835
-0.0385
 0.0112
 0.0768
 0.1135
 0.1140
 0.1002
 0.0479
-0.0165
-0.0582
-0.0715
-0.0665
-0.0027
 0.0641
 0.0805
 0.0970
 0.0723
 0.0231
-0.0362
-0.0744
-0.0726
-0.0417
 0.0005
 0.0460
 0.0864
 0.0686
 0.0585
 0.0401
-0.0101
-0.0449
-0.0720
-0.0795
-0.0574
-0.0008
 0.0686
 0.0888
 0.0944
 0.0763
 0.0245
-0.0284
-0.0657
-0.0885
-0.0771
 0.0130
 0.0837
 0.0944
 0.0805
 0.0792
 0.0681
-0.0008
-0.0505
-0.0840
-0.0909
 0.0029
 0.0617
 0.0654
 0.0787
 0.0731
 0.0465
 0.0282
-0.0152
-0.0518
-0.0436
-0.0072
 0.0542
 0.1090
 0.1279
 0.1013
 0.0351
-0.0082
-0.0348
-0.0601
-0.0532
-0.0178
 0.0370
 0.0957
 0.1103
 0.0819
 0.0471
-0.0122
-0.0992
-0.0752
-0.0582
-0.0513
 0.0162
 0.0755
 0.1186
 0.0989
 0.0686
 0.0080
-0.0601
-0.0619
-0.0835
-0.0569
 0.0106
 0.0805
 0.1178
 0.1026
 0.0617
 0.0138
-0.0449
-0.0670
-0.0625
-0.0532
-0.0128
 0.0611
 0.1058
 0.1058
 0.1058
 0.0548
-0.0399
-0.1167
-0.1465
-0.1047
-0.0449
 0.0162
 0.1122
 0.1085
 0.0920
 0.0681
 0.0359
-0.0178
-0.0564
-0.0505
-0.0253
 0.0295
 0.0800
 0.0907
 0.0667
 0.0351
-0.0077
-0.0545
-0.0808
-0.0707
-0.0284
 0.0282
 0.0593
 0.0893
 0.0957
 0.0712
 0.0194
-0.0614
-0.1244
-0.1143
-0.0657
 0.0093
 0.0617
 0.1140
 0.1292
 0.0851
 0.0452
-0.0298
-0.1061
-0.0803
-0.0393
-0.0197
 0.0199
 0.0630
 0.1186
 0.1154
 0.0534
 0.0061
-0.0518
-0.0614
-0.0494
-0.0279
 0.0263
 0.0843
 0.1109
 0.0893
 0.0415
-0.0266
-0.0354
-0.0670
-0.0795
-0.0284
 0.0056
 0.0548
 0.0723
 0.0566
 0.0428
 0.0276
-0.0064
-0.0638
-0.0776
-0.0715
-0.0215
 0.0492
 0.0875
 0.0856
 0.0585
 0.0245
-0.0564
-0.1337
-0.1066
-0.0593
-0.0303
 0.0327
 0.0864
 0.1039
 0.1122
 0.0649
-0.0229
-0.1074
-0.1552
-0.1010
-0.0173
 0.0396
 0.0792
 0.0686
 0.0460
 0.0319
 0.0245
-0.0178
-0.0651
-0.0683
-0.0468
 0.0005
 0.0662
 0.0843
 0.0667
 0.0332
 0.0000
-0.0720
-0.1231
-0.0997
-0.0683
 0.0080
 0.0548
 0.0800
 0.0837
 0.0447
 0.0130
-0.0393
-0.0914
-0.1231
-0.0986
-0.0423
 0.0401
 0.0962
 0.0994
 0.0774
 0.0351
-0.0362
-0.0891
-0.1023
-0.0771
-0.0303
 0.0162
 0.0611
 0.0712
 0.0617
 0.0276
-0.0417
-0.0885
-0.0904
-0.0715
-0.0486
-0.0146
 0.0420
 0.0704
 0.0819
 0.0346
-0.0330
-0.0500
-0.0643
-0.0853
-0.0720
-0.0051
 0.0750
 0.1058
 0.0893
 0.0460
-0.0210
-0.0771
-0.0965
-0.1093
-0.0412
 0.0149
 0.0572
 0.0962
 0.0944
 0.0585
 0.0080
-0.0279
-0.0896
-0.1188
-0.0891
-0.0385
 0.0409
 0.0962
 0.0907
 0.0364
 0.0005
-0.0058
-0.0569
-0.0872
-0.0537
-0.0335
 0.0112
 0.0635
 0.0768
 0.0736
 0.0308
-0.0183
-0.0455
-0.0771
-0.0946
-0.0726
 0.0056
 0.0603
 0.0718
 0.0553
 0.0548
 0.0250
-0.0247
-0.0532
-0.0739
-0.0588
-0.0152
 0.0239
 0.0681
 0.1058
 0.0819
 0.0391
-0.0292
-0.0803
-0.0670
-0.0385
-0.0096
 0.0479
 0.0641
 0.0641
 0.0938
 0.0768
 0.0149
-0.0505
-0.0885
-0.0840
-0.0486
 0.0138
 0.0925
 0.1090
 0.0901
 0.0447
-0.0215
-0.0896
-0.1066
-0.0928
-0.0752
-0.0284
 0.0221
 0.1146
 0.1085
 0.0662
 0.0263
-0.0412
-0.0840
-0.1066
-0.0518
-0.0096
 0.0239
 0.1154
 0.1481
 0.1053
 0.0433
-0.0229
-0.0463
-0.0784
-0.0821
-0.0393
 0.0447
 0.1228
 0.1297
 0.0944
 0.0370
-0.0253
-0.0545
-0.0776
-0.0758
-0.0601
 0.0024
 0.1071
 0.1172
 0.0984
 0.0635
 0.0011
-0.0574
-0.0795
-0.0683
-0.0486
-0.0082
 0.0750
 0.0989
 0.0755
 0.0731
 0.0239
-0.0734
-0.1257
-0.1162
-0.0468
 0.0194
 0.0718
 0.1210
 0.1109
 0.0622
 0.0351
-0.0335
-0.0619
-0.0593
-0.0494
-0.0082
 0.0792
 0.1335
 0.1316
 0.1255
 0.0681
-0.0072
-0.0720
-0.0606
-0.0385
-0.0298
 0.0199
 0.0673
 0.1135
 0.1090
 0.0851
 0.0149
-0.0720
-0.0891
-0.0601
-0.0330
 0.0452
 0.0970
 0.1127
 0.1053
 0.0699
-0.0082
-0.0606
-0.0694
-0.0909
-0.0744
-0.0202
 0.0553
 0.1191
 0.1053
 0.0768
 0.0359
-0.0303
-0.0582
-0.0675
-0.0569
-0.0202
 0.0465
 0.0864
 0.0832
 0.0787
 0.0521
 0.0019
-0.0606
-0.0808
-0.0556
-0.0348
 0.0011
 0.0396
 0.0984
 0.1186
 0.0630
-0.0146
-0.0261
-0.0173
-0.0367
-0.0128
 0.0314
 0.0635
 0.0832
 0.0681
 0.0686
 0.0460
-0.0335
-0.0670
-0.0707
-0.0197
 0.0308
 0.0832
 0.1008
 0.0805
 0.0396
 0.0061
-0.0436
-0.0784
-0.0936
-0.0665
-0.0040
 0.0580
 0.0952
 0.0813
 0.0704
 0.0497
-0.0229
-0.0816
-0.0936
-0.0569
-0.0266
 0.0327
 0.0970
 0.0938
 0.0989
 0.0787
 0.0037
-0.0569
-0.0614
-0.0500
-0.0122
 0.0258
 0.0832
 0.1085
 0.0933
 0.0813
 0.0069
-0.0638
-0.0835
-0.0683
-0.0513
-0.0455
-0.0223
 0.0611
 0.1348
 0.0787
 0.0056
-0.0550
-0.1148
-0.1188
-0.0399
 0.0409
 0.0994
 0.1316
 0.1215
 0.0864
 0.0452
-0.0152
-0.0853
-0.0859
-0.0545
-0.0101
 0.0502
 0.0888
 0.0792
 0.0641
 0.0566
 0.0048
-0.0417
-0.0524
-0.0481
-0.0058
 0.0593
 0.1039
 0.1215
 0.1021
 0.0585
 0.0162
-0.0330
-0.0643
-0.0744
-0.0593
 0.0276
 0.0763
 0.0944
 0.1026
 0.0593
-0.0122
-0.0752
-0.0835
-0.0689
-0.0545
-0.0133
 0.0497
 0.0699
 0.0856
 0.0888
 0.0516
-0.0183
-0.0803
-0.0960
-0.0790
-0.0444
 0.0199
 0.0957
 0.0742
 0.0548
 0.0763
-0.0141
-0.0872
-0.1005
-0.0606
 0.0043
 0.0763
 0.1196
 0.1178
 0.0856
 0.0622
 0.0662
-0.0178
-0.0614
-0.0606
-0.0330
 0.0542
 0.1053
 0.1154
 0.1085
 0.0819
 0.0194
-0.0404
-0.0904
-0.1106
-0.0734
 0.0056
 0.0893
 0.1305
 0.1146
 0.0805
 0.0300
-0.0335
-0.0795
-0.0827
-0.0657
-0.0253
 0.0319
 0.0572
 0.0391
 0.0824
 0.0529
-0.0253
-0.0524
-0.0845
-0.0550
-0.0316
 0.0258
 0.0699
 0.0832
 0.0635
-0.0013
-0.0455
-0.0463
-0.0643
-0.0694
-0.0404
 0.0308
 0.0952
 0.1008
 0.0933
 0.0686
-0.0045
-0.0776
-0.0707
-0.0431
-0.0330
 0.0019
 0.0497
 0.0787
 0.0952
 0.0925
 0.0428
-0.0399
-0.0997
-0.0859
-0.0322
-0.0027
 0.0370
 0.1071
 0.1311
 0.0782
 0.0383
-0.0354
-0.0867
-0.0795
-0.0675
-0.0362
 0.0319
 0.0787
 0.0869
 0.0649
 0.0221
-0.0486
-0.1029
-0.1388
-0.1332
-0.0556
 0.0346
 0.0805
 0.0843
 0.0813
 0.0843
 0.0088
-0.0670
-0.0845
-0.0651
-0.0173
 0.0120
 0.0471
 0.0774
 0.0851
 0.0593
 0.0125
-0.0343
-0.0665
-0.0744
-0.0473
 0.0069
 0.0681
 0.0914
 0.0763
 0.0327
-0.0330
-0.0449
-0.0665
-0.0986
-0.0556
 0.0029
 0.0370
 0.0875
 0.1135
 0.0824
 0.0401
-0.0160
-0.0550
-0.0776
-0.0665
-0.0417
-0.0013
 0.0635
 0.0774
 0.0736
 0.0617
 0.0263
-0.0385
-0.0726
-0.0904
-0.0670
 0.0199
 0.0819
 0.1140
 0.1204
 0.0750
-0.0027
-0.0601
-0.0853
-0.0550
-0.0242
 0.0170
 0.0635
 0.0768
 0.0622
 0.0681
 0.0213
-0.0481
-0.0795
-0.0651
-0.0404
-0.0215
 0.0351
 0.1034
 0.1122
 0.0805
 0.0428
-0.0423
-0.0973
-0.1167
-0.0845
-0.0505
-0.0165
 0.0492
 0.0763
 0.0782
 0.0300
-0.0367
-0.1023
-0.1167
-0.0992
-0.0500
 0.0327
 0.0843
 0.1095
 0.0970
 0.0864
 0.0401
-0.0385
-0.0808
-0.0808
-0.0455
 0.0175
 0.0819
 0.1002
 0.0944
 0.0630
 0.0340
-0.0284
-0.0715
-0.0689
-0.0744
-0.0064
 0.0699
 0.0851
 0.1021
 0.0875
 0.0396
-0.0463
-0.1079
-0.0909
-0.0771
-0.0051
 0.0611
 0.0869
 0.0925
 0.0851
 0.0617
-0.0191
-0.0909
-0.1042
-0.0638
-0.0197
 0.0314
 0.0805
 0.0888
 0.0529
-0.0077
-0.0494
-0.1124
-0.1037
-0.1066
-0.0726
 0.0011
 0.1013
 0.1316
 0.0914
 0.0585
 0.0226
-0.0082
-0.0683
-0.0638
-0.0330
 0.0011
 0.0654
 0.0994
 0.1026
 0.0699
 0.0125
-0.0399
-0.0827
-0.1093
-0.0877
-0.0292
 0.0300
 0.0635
 0.0792
 0.0824
 0.0611
 0.0019
-0.0784
-0.1093
-0.0941
-0.0588
 0.0069
 0.0851
 0.1002
 0.0750
 0.0460
-0.0064
-0.0827
-0.1130
-0.0867
-0.0601
-0.0051
 0.1063
 0.1260
 0.0984
 0.0598
 0.0250
-0.0532
-0.0928
-0.0891
-0.0694
-0.0215
 0.0346
 0.0805
 0.0603
 0.0359
 0.0226
-0.0404
-0.0954
-0.1037
-0.0803
-0.0417
 0.0125
 0.0603
 0.0774
 0.0542
 0.0271
-0.0223
-0.0922
-0.1369
-0.1369
-0.0689
 0.0199
 0.0792
 0.0952
 0.0755
 0.0271
-0.0468
-0.1093
-0.1369
-0.1420
-0.0803
-0.0021
 0.0359
 0.0351
 0.0731
 0.0572
-0.0077
-0.0513
-0.0992
-0.1117
-0.0643
 0.0175
 0.0598
 0.0888
 0.0901
 0.0580
 0.0024
-0.0702
-0.1093
-0.0965
-0.0821
-0.0362
 0.0327
 0.0641
 0.0662
 0.0340
-0.0279
-0.0758
-0.1106
-0.1414
-0.0633
-0.0114
 0.0175
 0.0763
 0.0856
 0.0832
-0.0032
-0.0689
-0.1106
-0.1268
-0.0657
-0.0380
 0.0245
 0.0792
 0.0787
 0.0813
 0.0441
-0.0077
-0.0827
-0.1047
-0.0885
-0.0766
-0.0013
 0.0704
 0.0962
 0.0970
 0.0441
-0.0146
-0.0619
-0.0941
-0.0867
-0.0582
-0.0234
 0.0308
 0.0723
 0.0856
 0.0433
-0.0013
-0.0481
-0.0885
-0.1117
-0.0771
-0.0524
-0.0322
 0.0258
 0.0819
 0.0611
 0.0125
-0.0298
-0.0633
-0.0965
-0.1061
-0.0657
 0.0125
 0.0548
 0.0742
 0.1090
 0.1026
 0.0037
-0.0758
-0.1138
-0.0909
-0.0404
 0.0112
 0.0681
 0.0944
 0.0883
 0.0566
 0.0162
-0.0524
-0.0904
-0.1047
-0.0891
-0.0362
 0.0125
 0.0805
 0.1071
 0.0593
-0.0090
-0.0532
-0.0867
-0.1005
-0.0941
-0.0651
 0.0181
 0.0984
 0.1034
 0.0718
 0.0433
-0.0032
-0.0513
-0.0771
-0.0803
-0.0537
-0.0027
 0.0447
 0.0843
 0.0984
 0.0603
 0.0080
-0.0694
-0.0992
-0.0896
-0.0601
-0.0058
 0.0662
 0.0875
 0.0843
 0.0548
 0.0056
-0.0582
-0.0973
-0.0928
-0.0638
-0.0202
 0.0157
 0.0598
 0.0989
 0.0736
 0.0231
-0.0588
-0.1199
-0.1093
-0.0689
-0.0505
 0.0175
 0.0667
 0.0479
 0.0162
-0.0114
-0.0463
-0.0505
-0.0633
-0.0335
 0.0080
 0.0308
 0.0516
 0.0521
 0.0704
 0.0712
-0.0045
-0.0665
-0.0845
-0.0494
-0.0064
 0.0351
 0.0792
 0.1127
 0.1002
 0.0712
 0.0106
-0.0518
-0.0766
-0.0885
-0.0614
-0.0202
 0.0492
 0.0805
 0.0667
 0.0370
-0.0146
-0.0633
-0.1047
-0.1244
-0.0859
-0.0008
 0.0641
 0.0925
 0.0938
 0.0837
 0.0479
-0.0051
-0.0614
-0.0795
-0.0588
-0.0223
 0.0420
 0.0907
 0.0957
 0.0502
 0.0011
-0.0726
-0.1079
-0.1350
-0.1079
-0.0316
 0.0383
 0.1114
 0.1103
 0.0901
 0.0529
-0.0114
-0.0343
-0.0569
-0.0651
-0.0633
-0.0160
 0.0580
 0.0957
 0.0864
 0.0383
 0.0282
-0.0096
-0.0556
-0.0532
-0.0473
-0.0051
 0.0521
 0.0970
 0.0970
 0.0667
 0.0199
-0.0524
-0.0941
-0.1143
-0.0845
-0.0247
 0.0327
 0.0920
 0.1085
 0.0813
 0.0332
-0.0330
-0.0922
-0.1175
-0.0845
-0.0354
 0.0276
 0.0768
 0.0805
 0.0819
 0.0686
 0.0061
-0.0643
-0.1138
-0.1547
-0.1308
-0.0372
 0.0774
 0.1486
 0.1071
 0.0327
 0.0130
 0.0000
-0.0481
-0.0694
-0.0393
 0.0048
 0.0622
 0.0920
 0.0938
 0.0774
 0.0239
-0.0354
-0.0821
-0.1055
-0.0683
-0.0096
 0.0516
 0.0984
 0.1053
 0.0763
 0.0189
-0.0292
-0.0766
-0.0914
-0.0758
-0.0343
 0.0396
 0.0593
 0.0572
 0.0832
 0.0492
 0.0005
-0.0752
-0.1005
-0.0872
-0.0569
 0.0181
 0.0893
 0.1008
 0.1058
 0.0598
-0.0385
-0.0606
-0.0766
-0.0771
-0.0114
 0.0401
 0.0994
 0.1063
 0.1164
 0.1172
 0.0548
-0.0165
-0.0588
-0.0726
-0.0606
-0.0027
 0.0465
 0.0984
 0.1077
 0.0843
 0.0401
-0.0311
-0.0657
-0.0675
-0.0582
-0.0316
 0.0106
 0.0510
 0.0824
 0.0864
 0.0529
 0.0000
-0.0322
-0.0734
-0.0614
-0.0160
 0.0226
 0.0572
 0.0856
 0.0976
 0.0401
 0.0069
-0.0311
-0.0803
-0.0928
-0.0776
-0.0279
 0.0479
 0.0768
 0.1063
 0.0667
 0.0011
-0.0234
-0.0537
-0.0582
-0.0412
 0.0069
 0.0686
 0.1204
 0.1122
 0.0723
 0.0231
-0.0481
-0.1010
-0.0803
-0.0423
-0.0008
 0.0452
 0.0691
 0.0585
 0.0907
 0.0542
-0.0215
-0.0564
-0.0726
-0.0702
-0.0505
-0.0032
 0.0471
 0.0774
 0.0723
 0.0340
 0.0005
-0.0582
-0.0707
-0.0532
-0.0311
 0.0080
 0.0561
 0.0920
 0.1008
 0.0774
 0.0221
-0.0380
-0.0739
-0.0808
-0.0532
-0.0210
 0.0263
 0.0736
 0.0782
 0.0548
 0.0175
-0.0160
-0.0739
-0.1005
-0.1130
-0.1130
-0.0183
 0.1103
 0.1305
 0.0957
 0.0662
 0.0048
-0.0752
-0.1010
-0.0821
-0.0380
 0.0112
 0.0712
 0.1215
 0.1002
 0.0542
-0.0082
-0.0853
-0.1093
-0.0877
-0.0141
 0.0069
 0.0641
 0.0933
 0.0654
 0.0750
 0.0433
-0.0045
-0.0372
-0.0486
-0.0165
 0.0239
 0.0768
 0.1045
 0.1140
 0.0933
 0.0401
-0.0128
-0.0601
-0.0946
-0.0744
-0.0292
 0.0617
 0.1329
 0.1026
 0.0843
 0.0213
-0.0463
-0.0593
-0.0524
-0.0303
-0.0045
 0.0282
 0.0856
 0.0957
 0.0723
 0.0622
 0.0061
-0.0229
-0.0436
-0.0481
-0.0160
 0.0377
 0.0984
 0.1204
 0.1034
 0.0731
 0.0074
-0.0481
-0.0707
-0.0588
-0.0247
 0.0282
 0.0723
 0.1034
 0.0989
 0.0452
-0.0128
-0.0845
-0.0904
-0.0734
-0.0380
 0.0043
 0.0617
 0.1210
 0.1154
 0.1008
 0.0534
-0.0141
-0.0790
-0.0914
-0.0399
 0.0000
 0.0351
 0.0819
 0.0843
 0.0611
 0.0319
-0.0348
-0.0771
-0.0455
-0.0569
-0.0380
 0.0276
 0.0901
 0.0962
 0.0736
 0.0649
 0.0300
-0.0393
-0.0707
-0.0665
-0.0404
 0.0061
 0.0572
 0.0925
 0.0875
 0.0593
 0.0175
-0.0513
-0.0845
-0.0946
-0.0726
-0.0178
 0.0553
 0.1114
 0.0957
 0.0938
 0.0585
-0.0316
-0.0978
-0.0960
-0.0524
-0.0279
 0.0199
 0.0391
 0.0492
 0.0837
 0.0566
-0.0292
-0.0449
-0.0574
-0.0720
-0.0412
 0.0359
 0.1039
 0.0883
 0.0731
 0.0502
-0.0082
-0.0588
-0.0633
-0.0643
-0.0444
 0.0138
 0.0718
 0.1071
 0.1109
 0.0774
 0.0106
-0.0670
-0.1037
-0.1093
-0.0784
 0.0043
 0.0433
 0.0800
 0.0933
 0.0561
 0.0327
-0.0160
-0.0463
-0.0675
-0.0601
-0.0133
 0.0308
 0.0593
 0.0611
 0.0521
 0.0181
 0.0061
-0.0468
-0.0885
-0.0473
-0.0064
 0.0580
 0.0875
 0.0742
 0.0736
 0.0258
-0.0096
-0.0362
-0.0614
-0.0633
-0.0494
 0.0213
 0.0805
 0.0944
 0.0864
 0.0319
-0.0311
-0.0795
-0.1156
-0.1377
-0.0840
 0.0019
 0.0667
 0.0925
 0.0925
 0.0641
 0.0048
-0.0330
-0.0486
-0.0500
-0.0165
 0.0019
 0.0226
 0.0598
 0.0901
 0.1095
 0.0534
-0.0178
-0.0715
-0.0904
-0.0744
-0.0292
 0.0282
 0.0819
 0.1002
 0.1058
 0.0901
 0.0069
-0.0593
-0.0702
-0.0670
-0.0449
 0.0332
 0.0813
 0.1034
 0.0933
 0.0471
-0.0109
-0.0404
-0.0417
-0.0638
-0.0545
-0.0051
 0.0516
 0.0883
 0.1045
 0.0856
 0.0415
-0.0298
-0.0776
-0.0766
-0.0643
-0.0141
 0.0351
 0.0819
 0.0952
 0.0800
 0.0401
-0.0362
-0.0904
-0.0954
-0.0545
-0.0322
 0.0346
 0.1021
 0.1085
 0.1164
 0.0736
-0.0051
-0.0776
-0.0997
-0.0827
-0.0253
 0.0295
 0.0681
 0.0787
 0.0441
-0.0040
-0.0776
-0.1364
-0.1016
-0.0481
-0.0303
 0.0029
 0.0603
 0.0901
 0.0787
 0.0226
-0.0141
-0.0564
-0.0803
-0.0593
-0.0261
 0.0221
 0.0723
 0.1071
 0.1164
 0.0901
 0.0308
-0.0322
-0.0872
-0.1148
-0.0885
-0.0178
 0.0383
 0.0566
 0.1008
 0.0787
 0.0157
-0.0247
-0.0473
-0.0606
-0.0707
-0.0316
 0.0231
 0.0907
 0.1210
 0.0883
 0.0662
 0.0005
-0.0574
-0.0689
-0.0928
-0.0303
 0.0276
 0.0699
 0.0920
 0.0654
 0.0340
-0.0008
-0.0513
-0.0909
-0.1010
-0.0771
-0.0064
 0.0755
 0.0888
 0.0585
 0.0447
 0.0149
-0.0702
-0.1037
-0.0702
-0.0574
-0.0380
 0.0370
 0.0681
 0.0603
 0.0484
 0.0319
 0.0074
-0.0614
-0.0766
-0.0776
-0.0601
 0.0074
 0.0984
 0.1013
 0.0635
 0.0239
-0.0242
-0.0707
-0.0803
-0.0808
-0.0412
 0.0199
 0.0654
 0.0824
 0.0681
 0.0194
-0.0064
-0.0404
-0.1037
-0.1194
-0.1295
-0.0896
-0.0191
 0.0529
 0.0428
 0.0415
 0.0521
-0.0178
-0.0524
-0.0625
-0.0625
-0.0292
 0.0157
 0.0460
 0.0755
 0.0819
 0.0308
-0.0077
-0.0582
-0.1037
-0.1074
-0.0625
 0.0263
 0.0970
 0.0962
 0.0976
 0.0681
-0.0109
-0.0758
-0.1055
-0.1005
-0.0638
-0.0058
 0.0510
 0.0686
 0.0712
 0.0295
-0.0027
-0.0330
-0.0827
-0.0909
-0.0670
-0.0191
 0.0420
 0.0731
 0.0673
 0.0364
-0.0165
-0.0867
-0.1308
-0.1098
-0.0614
-0.0367
 0.0258
 0.0774
 0.0925
 0.0635
 0.0000
-0.0808
-0.1037
-0.0909
-0.0896
-0.0431
 0.0098
 0.0319
 0.0409
 0.0553
 0.0479
-0.0165
-0.0550
-0.0859
-0.1143
-0.0803
-0.0122
 0.0465
 0.1146
 0.1215
 0.0792
 0.0194
-0.0393
-0.0784
-0.0922
-0.0385
 0.0011
 0.0572
 0.1026
 0.0933
 0.0465
-0.0008
-0.0455
-0.0771
-0.0790
-0.0683
-0.0210
 0.0282
 0.0598
 0.0667
 0.0120
-0.0096
-0.0261
-0.0734
-0.0702
-0.0808
-0.0316
 0.0460
 0.0832
 0.0907
 0.0883
 0.0502
-0.0178
-0.0588
-0.0776
-0.0771
-0.0513
-0.0013
 0.0300
 0.0553
 0.0774
 0.0750
 0.0024
-0.0715
-0.1061
-0.1023
-0.0954
-0.0665
 0.0561
 0.1146
 0.0875
 0.0750
 0.0189
-0.0734
-0.1249
-0.1117
-0.0606
-0.0021
 0.0774
 0.1135
 0.1095
 0.0869
 0.0396
-0.0261
-0.0790
-0.0845
-0.0633
-0.0229
 0.0396
 0.0856
 0.0851
 0.0420
-0.0040
-0.0266
-0.0752
-0.1106
-0.0973
-0.0556
 0.0258
 0.0864
 0.1008
 0.0635
 0.0138
-0.0298
-0.0588
-0.0795
-0.0790
-0.0316
 0.0120
 0.0622
 0.0864
 0.0813
 0.0428
-0.0234
-0.0766
-0.1023
-0.1029
-0.0914
-0.0436
 0.0144
 0.0712
 0.0755
 0.0763
 0.0704
-0.0197
-0.0821
-0.0914
-0.0675
-0.0550
 0.0497
 0.1186
 0.0984
 0.0792
 0.0295
-0.0354
-0.0954
-0.1180
-0.1167
-0.0715
-0.0423
 0.0080
 0.0502
 0.0851
 0.1103
 0.0149
-0.0601
-0.0689
-0.0707
-0.0444
 0.0276
 0.0819
 0.0944
 0.0548
 0.0011
-0.0274
-0.0808
-0.1087
-0.1074
-0.0481
 0.0000
 0.0630
 0.1279
 0.1127
 0.0763
 0.0011
-0.0601
-0.0744
-0.0954
-0.0776
-0.0412
 0.0484
 0.1247
 0.1228
 0.0957
 0.0433
-0.0173
-0.0651
-0.0790
-0.0619
-0.0311
 0.0130
 0.0484
 0.0465
 0.0901
 0.0718
-0.0223
-0.0965
-0.1029
-0.0885
-0.0859
 0.0000
 0.0704
 0.0763
 0.0851
 0.0603
-0.0045
-0.0638
-0.0859
-0.1029
-0.0744
-0.0284
 0.0641
 0.1127
 0.0856
 0.0542
-0.0141
-0.0588
-0.1079
-0.1138
-0.0936
-0.0223
 0.0774
 0.0925
 0.0813
 0.0787
 0.0479
-0.0128
-0.0643
-0.0965
-0.1130
-0.0588
 0.0792
 0.1021
 0.1135
 0.1021
 0.0401
-0.0316
-0.0795
-0.0960
-0.0941
-0.0633
-0.0072
 0.0635
 0.0691
 0.0471
 0.0346
-0.0473
-0.1350
-0.1396
-0.0766
-0.0141
 0.0029
 0.0548
 0.0938
 0.1034
 0.0635
-0.0266
-0.1047
-0.1087
-0.0766
-0.0588
-0.0173
 0.0447
 0.0622
 0.0763
 0.1039
 0.0314
-0.0455
-0.0758
-0.0715
-0.0638
-0.0455
 0.0144
 0.0813
 0.1090
 0.0800
 0.0157
-0.0473
-0.0896
-0.1124
-0.0946
-0.0431
 0.0005
 0.0497
 0.0883
 0.0893
 0.0750
-0.0183
-0.0872
-0.0997
-0.0808
-0.0707
-0.0316
 0.0245
 0.0441
 0.0635
 0.0603
 0.0069
-0.0683
-0.1010
-0.0973
-0.0739
-0.0303
 0.0479
 0.0984
 0.0875
 0.0681
 0.0231
-0.0202
-0.0808
-0.1016
-0.1005
-0.0444
 0.0327
 0.0598
 0.0970
 0.0792
 0.0332
-0.0417
-0.1023
-0.1037
-0.0867
-0.0625
-0.0045
 0.0622
 0.0888
 0.0914
 0.0572
-0.0109
-0.0766
-0.0992
-0.0909
-0.0707
-0.0173
 0.0308
 0.0460
 0.0630
 0.0452
 0.0011
-0.0463
-0.0835
-0.0835
-0.0992
-0.0922
 0.0098
 0.1122
 0.0994
 0.0622
 0.0098
-0.0316
-0.0758
-0.0683
-0.0473
-0.0197
 0.0319
 0.0649
 0.0925
 0.0851
 0.0452
-0.0229
-0.0784
-0.0936
-0.1093
-0.0173
 0.0465
 0.0681
 0.0970
 0.0699
 0.0471
-0.0090
-0.0675
-0.0904
-0.0821
-0.0423
 0.0112
 0.0529
 0.0774
 0.0763
 0.0221
-0.0513
-0.1207
-0.1263
-0.1117
-0.0867
 0.0231
 0.0832
 0.0957
 0.0933
 0.0641
 0.0194
-0.0532
-0.0936
-0.1029
-0.0821
-0.0178
 0.0258
 0.0792
 0.0832
 0.0580
 0.0213
-0.0545
-0.0941
-0.1117
-0.1029
-0.0524
 0.0080
 0.0479
 0.0901
 0.0843
 0.0106
-0.0455
-0.0795
-0.1042
-0.0827
-0.0545
-0.0101
 0.0542
 0.0667
 0.0377
 0.0037
-0.0348
-0.0651
-0.0928
-0.1016
-0.0720
-0.0040
 0.0510
 0.0712
 0.0686
 0.0433
-0.0008
-0.0651
-0.0914
-0.0758
-0.0689
-0.0354
 0.0290
 0.0893
 0.1071
 0.0869
 0.0282
-0.0494
-0.1143
-0.1319
-0.0853
-0.0242
 0.0199
 0.0635
 0.0883
 0.0800
 0.0447
-0.0229
-0.0821
-0.1016
-0.1016
-0.0702
 0.0043
 0.0654
 0.0944
 0.0510
 0.0074
-0.0128
-0.0564
-0.0752
-0.0720
-0.0638
-0.0247
 0.0383
 0.0428
 0.0731
 0.0649
-0.0021
-0.0500
-0.0872
-0.0867
-0.0569
-0.0101
 0.0391
 0.0742
 0.0603
 0.0258
-0.0423
-0.0657
-0.0978
-0.1207
-0.0518
-0.0021
 0.0502
 0.0944
 0.0875
 0.0622
 0.0112
-0.0423
-0.1138
-0.1319
-0.0960
-0.0518
 0.0106
 0.0471
 0.0851
 0.0925
 0.0617
-0.0160
-0.0960
-0.0941
-0.1010
-0.0835
-0.0372
 0.0465
 0.1090
 0.0875
 0.0370
-0.0114
-0.0545
-0.0891
-0.0960
-0.0550
 0.0181
 0.0542
 0.0774
 0.0755
 0.0391
 0.0295
-0.0367
-0.0845
-0.0840
-0.0766
-0.0261
 0.0529
 0.0805
 0.0718
 0.0433
 0.0120
-0.0545
-0.1087
-0.1079
-0.0651
-0.0109
 0.0213
 0.0377
 0.0755
 0.0843
 0.0213
-0.0335
-0.0803
-0.0965
-0.0928
-0.0651
-0.0045
 0.0580
 0.0933
 0.0869
 0.0534
 0.0005
-0.0694
-0.0896
-0.0896
-0.0845
-0.0431
 0.0199
 0.0914
 0.1008
 0.0585
 0.0175
-0.0614
-0.1117
-0.1350
-0.0997
-0.0247
 0.0471
 0.1045
 0.0837
 0.0534
 0.0120
-0.0625
-0.0941
-0.0795
-0.0694
-0.0279
 0.0162
 0.0598
 0.0837
 0.0920
 0.0731
 0.0019
-0.0619
-0.0707
-0.0670
-0.0393
 0.0120
 0.0593
 0.0893
 0.0914
 0.0492
-0.0322
-0.0896
-0.0941
-0.1010
-0.0816
 0.0024
 0.0598
 0.0704
 0.0691
 0.0561
 0.0043
-0.0633
-0.1138
-0.0954
-0.0298
 0.0125
 0.0611
 0.0920
 0.0805
 0.0580
 0.0125
-0.0569
-0.1066
-0.1401
-0.1117
-0.0197
 0.0548
 0.1191
 0.1122
 0.0723
 0.0199
-0.0550
-0.0973
-0.1074
-0.1005
-0.0303
 0.0295
 0.0851
 0.1196
 0.0970
 0.0593
-0.0032
-0.0734
-0.1124
-0.1087
-0.0643
 0.0037
 0.0510
 0.1085
 0.1146
 0.0598
 0.0019
-0.0625
-0.0965
-0.0803
-0.0449
-0.0051
 0.0521
 0.1034
 0.1103
 0.0813
 0.0149
-0.0550
-0.0758
-0.0896
-0.0619
-0.0247
 0.0529
 0.0755
 0.0673
 0.0370
 0.0226
-0.0040
-0.0885
-0.1138
-0.0744
-0.0191
-0.0027
 0.0364
 0.0611
 0.0914
 0.0792
 0.0170
-0.0316
-0.0614
-0.0614
-0.0455
 0.0106
 0.0755
 0.1241
 0.1034
 0.0479
-0.0045
-0.0393
-0.0481
-0.0569
-0.0412
 0.0138
 0.0824
 0.1053
 0.1114
 0.0893
 0.0226
-0.0362
-0.0845
-0.1143
-0.1087
-0.0183
 0.0832
 0.1002
 0.1039
 0.0851
 0.0433
-0.0292
-0.0867
-0.1042
-0.0946
-0.0473
 0.0080
 0.0736
 0.1013
 0.0635
 0.0290
-0.0372
-0.0885
-0.0795
-0.0569
-0.0152
 0.0144
 0.1053
 0.1215
 0.0888
 0.0566
 0.0005
-0.0463
-0.0486
-0.0455
-0.0436
 0.0056
 0.0654
 0.1063
 0.1191
 0.0718
 0.0088
-0.0486
-0.0702
-0.0606
-0.0385
-0.0045
 0.0641
 0.1095
 0.1178
 0.0686
 0.0170
-0.0354
-0.0867
-0.1023
-0.0803
-0.0202
 0.0542
 0.1034
 0.1196
 0.1077
 0.0673
-0.0109
-0.0643
-0.0821
-0.0720
-0.0223
 0.0314
 0.0893
 0.1135
 0.0843
 0.0282
-0.0335
-0.0790
-0.0914
-0.0601
-0.0316
 0.0157
 0.0593
 0.0837
 0.1135
 0.0585
-0.0082
-0.0431
-0.0867
-0.1023
-0.0744
-0.0008
 0.0925
 0.1063
 0.0907
 0.0792
 0.0250
-0.0481
-0.1180
-0.1079
-0.0896
-0.0385
 0.0433
 0.1146
 0.1316
 0.0976
 0.0593
-0.0064
-0.0564
-0.0665
-0.0619
-0.0431
 0.0231
 0.0957
 0.0920
 0.0875
 0.0566
-0.0122
-0.0665
-0.0891
-0.0803
-0.0545
 0.0125
 0.0593
 0.0813
 0.0731
 0.0534
 0.0106
-0.0720
-0.1130
-0.0978
-0.0694
-0.0266
 0.0170
 0.0548
 0.0686
 0.0673
 0.0258
-0.0574
-0.0928
-0.0922
-0.0582
-0.0303
 0.0024
 0.0415
 0.0580
 0.0497
-0.0082
-0.0463
-0.0638
-0.1016
-0.0766
-0.0412
 0.0011
 0.0471
 0.0755
 0.0681
 0.0521
-0.0165
-0.0872
-0.0867
-0.0859
-0.0423
 0.0088
 0.0420
 0.0792
 0.0516
 0.0290
-0.0261
-0.0986
-0.1212
-0.1212
-0.0816
-0.0330
 0.0479
 0.0856
 0.0723
 0.0542
 0.0048
-0.0665
-0.1244
-0.1451
-0.1218
-0.0532
 0.0346
 0.1053
 0.0957
 0.0691
 0.0162
-0.0537
-0.1066
-0.0853
-0.0556
-0.0335
 0.0245
 0.0883
 0.0914
 0.0603
 0.0138
-0.0322
-0.0734
-0.0965
-0.0922
-0.0473
 0.0144
 0.0542
 0.0869
 0.0819
 0.0370
-0.0284
-0.0840
-0.1162
-0.1244
-0.0776
-0.0072
 0.0471
 0.0529
 0.0593
 0.0548
 0.0005
-0.0827
-0.0715
-0.0776
-0.0715
-0.0322
 0.0112
 0.0239
 0.0144
 0.0327
 0.0037
-0.0505
-0.1156
-0.1148
-0.0978
-0.0556
 0.0383
 0.0875
 0.1095
 0.1034
 0.0572
-0.0173
-0.0683
-0.0859
-0.0853
-0.0564
 0.0170
 0.0800
 0.0901
 0.0603
 0.0332
 0.0149
-0.0513
-0.0896
-0.0840
-0.0574
-0.0090
 0.0359
 0.0662
 0.0598
 0.0484
-0.0152
-0.0821
-0.0845
-0.0803
-0.0524
-0.0183
 0.0383
 0.0699
 0.0654
 0.0300
 0.0088
-0.0343
-0.1167
-0.1603
-0.1257
-0.0316
 0.0516
 0.0832
 0.1172
 0.1077
 0.0452
-0.0152
-0.0734
-0.1188
-0.1212
-0.0992
-0.0229
 0.0415
 0.0622
 0.0837
 0.0736
 0.0170
-0.0449
-0.0734
-0.0766
-0.0619
-0.0090
 0.0681
 0.1021
 0.0901
 0.0433
-0.0109
-0.0423
-0.0638
-0.0564
-0.0436
 0.0005
 0.0622
 0.0843
 0.0774
 0.0686
 0.0340
-0.0380
-0.1061
-0.1236
-0.0835
-0.0303
 0.0433
 0.0994
 0.1140
 0.0869
 0.0245
-0.0564
-0.1124
-0.0986
-0.0922
-0.0335
 0.0428
 0.0704
 0.0864
 0.0736
 0.0420
-0.0253
-0.0776
-0.0808
-0.0840
-0.0734
-0.0021
 0.0548
 0.0792
 0.0673
 0.0011
-0.0473
-0.0845
-0.1188
-0.1106
-0.0588
 0.0290
 0.0805
 0.1021
 0.0723
 0.0649
 0.0300
-0.0486
-0.0965
-0.0928
-0.0739
-0.0444
 0.0221
 0.0792
 0.0856
 0.0718
 0.0327
-0.0202
-0.0739
-0.0885
-0.0771
-0.0385
 0.0263
 0.0787
 0.0883
 0.0585
 0.0112
-0.0481
-0.0941
-0.1037
-0.0776
-0.0532
 0.0056
 0.0837
 0.0962
 0.0782
 0.0377
-0.0298
-0.0790
-0.0992
-0.1087
-0.0909
-0.0229
 0.0572
 0.0763
 0.0502
 0.0428
-0.0133
-0.0960
-0.0808
-0.0569
-0.0670
-0.0229
 0.0593
 0.0787
 0.0704
 0.0433
-0.0090
-0.0412
-0.0588
-0.0845
-0.0835
-0.0343
 0.0239
 0.0933
 0.0875
 0.0654
 0.0364
-0.0152
-0.0449
-0.0771
-0.0790
-0.0399
 0.0420
 0.0750
 0.0763
 0.0712
 0.0465
-0.0051
-0.0633
-0.0776
-0.0808
-0.0657
 0.0043
 0.0553
 0.0534
 0.0226
-0.0008
-0.0045
-0.0354
-0.0606
-0.0537
-0.0335
 0.0120
 0.0654
 0.0976
 0.0933
 0.0699
 0.0138
-0.0720
-0.1257
-0.1438
-0.1231
-0.0463
 0.0391
 0.0856
 0.1021
 0.0774
 0.0120
-0.0715
-0.1268
-0.1226
-0.0758
-0.0343
 0.0080
 0.0654
 0.0630
 0.0534
 0.0271
-0.0223
-0.0513
-0.0726
-0.0776
-0.0393
 0.0069
 0.0497
 0.0635
 0.0516
 0.0420
 0.0019
-0.0619
-0.1180
-0.1010
-0.0715
-0.0330
 0.0282
 0.0681
 0.1095
 0.0914
 0.0611
-0.0215
-0.0859
-0.0707
-0.0588
-0.0689
-0.0051
 0.0792
 0.1122
 0.0976
 0.0479
-0.0114
-0.0683
-0.0803
-0.0689
-0.0380
 0.0189
 0.0755
 0.0787
 0.0175
-0.0266
-0.0545
-0.0739
-0.0744
-0.0821
-0.0638
-0.0298
 0.0553
 0.1241
 0.1164
 0.0662
-0.0101
-0.0808
-0.1066
-0.0537
-0.0423
 0.0005
 0.0832
 0.0763
 0.0635
 0.0901
 0.0319
-0.0564
-0.0545
-0.0707
-0.0683
-0.0335
 0.0572
 0.1053
 0.1013
 0.0843
 0.0226
-0.0372
-0.1148
-0.1098
-0.0518
 0.0029
 0.0622
 0.0875
 0.1053
 0.0856
 0.0359
-0.0253
-0.1010
-0.1212
-0.1074
-0.0643
 0.0162
 0.1045
 0.1366
 0.0920
 0.0641
 0.0043
-0.0601
-0.0744
-0.0885
-0.0771
-0.0223
 0.0258
 0.0401
 0.0768
 0.0888
 0.0239
-0.0665
-0.1502
-0.1180
-0.0292
 0.0005
 0.0529
 0.1071
 0.0970
 0.0736
 0.0130
-0.0914
-0.1236
-0.0946
-0.0614
-0.0072
 0.0673
 0.1045
 0.1034
 0.0755
 0.0074
-0.0449
-0.0606
-0.0904
-0.1005
-0.0316
 0.0415
 0.0869
 0.1090
 0.0957
 0.0566
-0.0058
-0.0633
-0.0885
-0.0845
-0.0582
-0.0064
 0.0553
 0.0819
 0.0787
 0.0465
-0.0096
-0.0771
-0.1055
-0.1308
-0.1042
 0.0074
 0.0351
 0.0938
 0.1071
 0.0712
 0.0199
-0.0436
-0.0574
-0.0726
-0.0675
-0.0436
-0.0133
-0.0072
 0.0245
 0.1058
 0.0800
 0.0428
-0.0160
-0.0689
-0.0348
-0.0040
 0.0654
 0.1140
 0.1045
 0.0691
 0.0221
-0.0242
-0.0455
-0.0633
-0.0758
-0.0322
 0.0282
 0.0774
 0.0938
 0.0837
 0.0662
 0.0130
-0.0614
-0.1047
-0.0845
-0.0675
-0.0040
 0.0920
 0.1178
 0.1135
 0.0718
 0.0319
-0.0122
-0.0651
-0.0872
-0.0720
-0.0372
 0.0580
 0.1305
 0.1172
 0.0851
 0.0340
-0.0486
-0.0997
-0.1194
-0.0670
-0.0128
 0.0314
 0.0819
 0.1127
 0.0864
 0.0239
-0.0202
-0.0651
-0.0715
-0.0657
-0.0045
 0.0383
 0.0920
 0.1122
 0.0933
 0.0460
-0.0771
-0.1401
-0.1111
-0.0500
-0.0463
 0.0282
 0.1146
 0.1449
 0.1361
 0.1026
 0.0465
-0.0229
-0.0670
-0.0643
-0.0505
-0.0141
 0.0428
 0.0851
 0.1135
 0.1058
 0.0465
-0.0133
-0.0518
-0.0808
-0.0683
-0.0077
 0.0391
 0.0704
 0.0851
 0.0630
-0.0027
-0.0619
-0.0744
-0.0665
-0.0606
-0.0242
 0.0351
 0.1002
 0.1135
 0.0792
 0.0441
-0.0114
-0.0795
-0.0973
-0.0643
-0.0444
 0.0019
 0.0479
 0.0843
 0.1191
 0.0824
 0.0213
-0.0261
-0.0582
-0.0417
-0.0385
-0.0051
 0.0521
 0.1077
 0.1311
 0.1122
 0.0460
-0.0266
-0.0614
-0.0625
-0.0473
-0.0141
 0.0370
 0.0763
 0.0856
 0.0641
 0.0327
 0.0000
-0.0601
-0.0816
-0.0758
-0.0569
 0.0019
 0.0641
 0.0883
 0.0465
 0.0080
 0.0056
-0.0569
-0.0593
-0.0643
-0.0707
-0.0082
 0.0484
 0.0914
 0.0994
 0.0768
 0.0000
-0.0928
-0.0965
-0.0795
-0.0835
-0.0090
 0.0742
 0.1077
 0.1284
 0.0994
 0.0290
-0.0247
-0.0758
-0.0954
-0.0670
-0.0292
 0.0391
 0.0962
 0.0920
 0.0893
 0.0415
-0.0215
-0.0726
-0.0986
-0.0638
-0.0524
 0.0138
 0.0976
 0.1021
 0.0864
 0.0452
-0.0486
-0.0766
-0.0872
-0.0973
-0.0261
 0.0364
 0.0611
 0.0907
 0.1103
 0.0681
 0.0364
-0.0234
-0.0582
-0.0556
-0.0298
 0.0125
 0.0593
 0.0888
 0.0792
 0.0630
 0.0359
-0.0284
-0.0702
-0.0827
-0.0633
-0.0261
 0.0295
 0.1008
 0.1039
 0.0893
 0.0441
-0.0417
-0.0784
-0.1226
-0.1124
-0.0298
 0.0447
 0.1255
 0.1374
 0.0989
 0.0521
-0.0247
-0.0556
-0.0726
-0.0694
-0.0253
 0.0295
 0.0691
 0.0718
 0.0914
 0.0843
 0.0189
-0.0399
-0.0734
-0.0330
-0.0064
 0.0290
 0.0851
 0.0989
 0.1063
 0.0851
 0.0149
-0.0505
-0.0891
-0.0726
-0.0513
-0.0146
 0.0447
 0.0723
 0.0832
 0.0548
 0.0245
-0.0311
-0.0803
-0.0625
-0.0675
-0.0380
 0.0239
 0.0731
 0.0952
 0.0938
 0.0510
-0.0090
-0.0564
-0.0726
-0.0766
-0.0253
 0.0548
 0.1223
 0.1406
 0.1135
 0.0774
 0.0138
-0.0417
-0.0524
-0.0532
-0.0322
 0.0093
 0.0598
 0.0976
 0.0893
 0.0561
-0.0215
-0.0651
-0.0715
-0.0694
-0.0223
 0.0175
 0.0792
 0.1204
 0.1058
 0.0460
-0.0058
-0.0303
-0.0643
-0.0638
-0.0348
-0.0133
 0.0479
 0.0768
 0.0962
 0.1127
 0.0561
-0.0417
-0.0859
-0.0694
-0.0393
-0.0090
 0.0441
 0.1002
 0.1140
 0.1039
 0.0654
-0.0027
-0.0242
-0.0564
-0.0619
-0.0008
 0.0370
 0.0832
 0.1186
 0.1191
 0.0782
 0.0144
-0.0436
-0.0744
-0.1016
-0.0821
-0.0261
 0.0699
 0.1292
 0.1348
 0.1034
 0.0415
-0.0146
-0.0702
-0.0771
-0.0582
-0.0292
 0.0271
 0.0819
 0.0957
 0.0933
 0.0617
-0.0045
-0.0670
-0.0867
-0.1042
-0.0444
 0.0377
 0.1039
 0.1279
 0.1026
 0.0718
 0.0162
-0.0468
-0.1037
-0.0891
-0.0380
-0.0101
 0.0479
 0.0641
 0.1039
 0.1034
 0.0120
-0.0343
-0.0859
-0.0752
-0.0122
 0.0239
 0.0952
 0.1273
 0.1063
 0.0800
 0.0465
-0.0101
-0.0545
-0.0574
-0.0500
-0.0114
 0.0534
 0.0989
 0.0944
 0.0763
 0.0276
-0.0569
-0.0821
-0.0821
-0.0689
-0.0191
 0.0484
 0.0938
 0.0875
 0.0673
 0.0561
 0.0069
-0.0633
-0.0891
-0.0758
-0.0348
 0.0213
 0.0699
 0.0691
 0.0686
 0.0843
 0.0194
-0.0311
-0.0665
-0.0816
-0.0284
 0.0194
 0.0553
 0.0630
 0.0452
 0.0112
 0.0074
-0.0463
-0.0784
-0.0481
-0.0152
 0.0221
 0.0800
 0.1039
 0.1127
 0.1159
 0.0699
-0.0072
-0.0550
-0.0803
-0.0816
-0.0343
 0.0580
 0.1045
 0.1077
 0.0864
 0.0420
-0.0109
-0.0689
-0.0867
-0.0683
-0.0348
 0.0282
 0.0641
 0.0938
 0.0914
 0.0673
-0.0173
-0.0914
-0.0877
-0.0665
-0.0417
-0.0101
 0.0750
 0.1356
 0.1297
 0.0843
 0.0189
-0.0404
-0.0633
-0.0734
-0.0766
-0.0303
 0.0662
 0.1241
 0.1223
 0.0630
-0.0013
-0.0670
-0.1074
-0.0891
-0.0683
-0.0197
 0.0736
 0.1071
 0.1058
 0.0492
-0.0215
-0.0582
-0.0593
-0.0744
-0.0468
-0.0008
 0.0484
 0.1178
 0.1178
 0.0914
 0.0731
 0.0221
-0.0486
-0.0928
-0.0776
-0.0303
 0.0258
 0.0843
 0.1241
 0.1122
 0.0553
-0.0109
-0.0569
-0.0665
-0.0601
-0.0367
-0.0045
 0.0502
 0.0837
 0.0712
 0.0686
 0.0548
-0.0311
-0.1037
-0.1433
-0.0771
 0.0231
 0.0516
 0.1058
 0.1085
 0.0718
 0.0112
-0.0133
-0.0593
-0.0840
-0.0657
-0.0399
 0.0359
 0.0925
 0.0952
 0.0649
 0.0300
-0.0040
-0.0556
-0.0468
-0.0431
-0.0404
 0.0207
 0.1002
 0.1284
 0.1053
 0.0755
 0.0226
-0.0330
-0.0670
-0.0784
-0.0606
-0.0090
 0.0561
 0.0755
 0.0630
 0.0635
 0.0258
-0.0473
-0.0973
-0.1167
-0.0702
 0.0138
 0.0502
 0.0635
 0.0718
 0.0856
 0.0502
-0.0223
-0.0795
-0.0816
-0.0651
-0.0152
 0.0401
 0.0654
 0.0864
 0.0566
 0.0258
-0.0090
-0.0569
-0.0845
-0.0877
-0.0500
 0.0213
 0.0691
 0.0662
 0.0662
 0.0516
-0.0096
-0.0625
-0.0877
-0.0638
-0.0463
-0.0266
 0.0245
 0.0914
 0.1114
 0.0763
 0.0221
-0.0606
-0.0891
-0.0909
-0.0734
-0.0128
 0.0572
 0.0681
 0.0611
 0.0492
-0.0234
-0.0904
-0.0643
-0.0683
-0.1130
-0.0752
 0.0189
 0.0282
 0.0712
 0.0819
 0.0221
-0.0274
-0.0486
-0.0657
-0.0766
-0.0266
 0.0239
 0.0667
 0.1210
 0.1026
 0.0364
-0.0173
-0.0683
-0.0859
-0.0827
-0.0550
-0.0013
 0.0617
 0.0869
 0.0704
 0.0245
-0.0505
-0.1199
-0.1345
-0.0877
-0.0279
 0.0282
 0.0641
 0.0837
 0.0994
 0.0704
-0.0032
-0.0752
-0.1005
-0.1162
-0.0914
-0.0253
 0.0502
 0.0699
 0.0901
 0.0957
 0.0542
-0.0165
-0.0816
-0.1263
-0.1257
-0.0197
 0.0654
 0.0856
 0.1109
 0.0888
 0.0667
 0.0088
-0.0651
-0.0936
-0.0638
-0.0160
-0.0040
 0.0364
 0.0611
 0.1071
 0.0763
 0.0048
-0.0524
-0.0601
-0.0431
-0.0274
-0.0027
 0.0510
 0.0819
 0.0686
 0.0098
-0.0040
-0.0215
-0.0657
-0.0816
-0.0766
-0.0316
 0.0120
 0.0593
 0.0792
 0.0686
 0.0061
-0.0518
-0.0965
-0.0936
-0.0726
-0.0494
 0.0125
 0.0447
 0.0611
 0.0471
 0.0502
 0.0000
-0.0481
-0.0556
-0.0771
-0.0532
 0.0069
 0.0768
 0.0893
 0.0654
 0.0282
 0.0175
-0.0335
-0.1074
-0.0954
-0.0867
-0.0316
 0.0383
 0.0603
 0.0542
 0.0019
-0.0109
-0.0032
-0.0574
-0.0625
-0.0473
-0.0330
 0.0396
 0.0984
 0.0837
 0.0598
 0.0231
-0.0330
-0.0795
-0.0744
-0.0588
-0.0449
 0.0093
 0.0654
 0.1085
 0.0736
 0.0125
-0.0574
-0.1047
-0.1023
-0.0689
-0.0455
-0.0082
 0.0428
 0.0723
 0.0994
 0.0976
 0.0231
-0.0524
-0.0872
-0.0909
-0.0683
-0.0261
 0.0162
 0.0484
 0.0662
 0.0548
-0.0090
-0.0689
-0.0965
-0.1023
-0.0689
-0.0210
 0.0401
 0.0630
 0.0630
 0.0465
-0.0215
-0.0776
-0.0965
-0.0853
-0.0582
-0.0128
 0.0314
 0.0654
 0.0617
 0.0603
 0.0314
-0.0284
-0.0795
-0.0960
-0.0867
-0.0431
 0.0112
 0.0441
 0.0800
 0.0736
 0.0181
-0.0284
-0.0835
-0.0845
-0.0657
-0.0619
-0.0234
 0.0157
 0.0925
 0.0989
 0.0239
-0.0032
-0.0582
-0.0877
-0.0914
-0.0835
-0.0588
 0.0069
 0.0819
 0.0787
 0.0534
 0.0144
-0.0550
-0.1098
-0.1212
-0.0992
-0.0423
 0.0120
 0.0548
 0.0869
 0.0800
 0.0125
-0.0486
-0.1156
-0.1547
-0.1257
-0.0827
 0.0282
 0.1058
 0.0984
 0.0782
 0.0377
-0.0322
-0.1016
-0.1319
-0.1319
-0.1194
-0.0954
 0.0391
 0.1385
 0.1247
 0.0832
 0.0221
-0.0274
-0.0574
-0.0625
-0.0417
 0.0000
 0.0622
 0.1058
 0.0984
 0.0662
 0.0157
-0.0513
-0.0941
-0.1023
-0.0845
-0.0412
 0.0226
 0.0611
 0.0718
 0.0502
 0.0112
-0.0436
-0.0928
-0.1042
-0.0885
-0.0449
 0.0011
 0.0447
 0.0593
 0.0593
 0.0300
-0.0274
-0.0835
-0.1111
-0.0872
-0.0513
 0.0005
 0.0534
 0.0704
 0.0635
 0.0170
-0.0633
-0.1268
-0.1438
-0.1313
-0.0758
 0.0037
 0.0497
 0.0824
 0.0925
 0.0548
 0.0138
-0.0393
-0.0840
-0.0986
-0.0840
-0.0335
 0.0391
 0.0763
 0.0681
 0.0471
 0.0106
-0.0486
-0.0914
-0.1047
-0.0954
-0.0588
-0.0090
 0.0290
 0.0346
 0.0048
-0.0266
-0.0362
-0.0776
-0.0941
-0.0845
-0.0505
 0.0043
 0.0471
 0.0673
 0.0359
 0.0098
-0.0128
-0.0670
-0.1382
-0.1529
-0.1143
-0.0090
 0.0460
 0.0763
 0.0970
 0.0755
 0.0319
-0.0380
-0.0694
-0.0744
-0.0481
-0.0027
 0.0492
 0.0824
 0.0856
 0.0681
 0.0213
-0.0399
-0.0891
-0.1047
-0.0803
-0.0362
 0.0327
 0.0699
 0.0750
 0.0704
 0.0460
-0.0292
-0.0643
-0.0867
-0.0816
-0.0322
 0.0069
 0.0510
 0.0813
 0.0662
 0.0226
-0.0202
-0.0726
-0.1079
-0.1055
-0.0707
-0.0146
 0.0364
 0.0654
 0.0611
 0.0308
-0.0253
-0.0827
-0.1111
-0.1055
-0.0726
-0.0266
 0.0213
 0.0566
 0.0662
 0.0617
 0.0029
-0.0574
-0.0960
-0.1143
-0.0885
-0.0619
 0.0011
 0.0630
 0.0869
 0.0662
 0.0144
-0.0513
-0.1358
-0.1672
-0.1337
-0.1061
-0.0582
 0.0093
 0.0944
 0.0944
 0.0346
 0.0088
-0.0372
-0.0657
-0.0720
-0.0444
 0.0056
 0.0484
 0.0718
 0.0598
 0.0207
-0.0303
-0.0827
-0.1016
-0.1061
-0.0835
-0.0316
 0.0332
 0.0712
 0.0768
 0.0484
-0.0072
-0.0633
-0.0978
-0.1023
-0.0821
-0.0393
 0.0199
 0.0521
 0.0314
 0.0125
 0.0005
-0.0423
-0.0853
-0.1244
-0.1244
-0.0790
-0.0229
 0.0130
 0.0364
 0.0282
 0.0250
-0.0284
-0.0816
-0.0877
-0.0766
-0.0545
-0.0027
 0.0447
 0.0611
 0.0553
 0.0308
-0.0109
-0.0840
-0.1117
-0.1124
-0.0904
-0.0362
 0.0319
 0.0585
 0.0492
 0.0231
-0.0160
-0.0683
-0.1188
-0.1276
-0.0896
-0.0316
 0.0364
 0.0699
 0.0667
 0.0447
 0.0080
-0.0556
-0.0941
-0.1175
-0.1111
-0.0550
-0.0058
 0.0553
 0.0492
 0.0332
 0.0069
-0.0481
-0.0904
-0.1167
-0.1308
-0.1117
-0.0247
 0.0377
 0.0662
 0.0327
-0.0183
-0.0524
-0.1023
-0.1098
-0.0835
-0.0625
-0.0330
 0.0346
 0.0572
 0.0401
 0.0074
 0.0207
-0.0393
-0.1055
-0.0928
-0.0803
-0.0348
 0.0226
 0.0593
 0.0553
 0.0199
-0.0316
-0.0840
-0.1199
-0.1337
-0.1188
-0.0715
-0.0128
 0.0290
 0.0484
 0.0245
-0.0210
-0.0808
-0.1295
-0.1483
-0.1497
-0.1079
-0.0404
 0.0149
 0.0447
 0.0447
 0.0170
-0.0436
-0.1029
-0.1327
-0.1319
-0.0973
-0.0524
 0.0043
 0.0364
 0.0383
 0.0207
-0.0322
-0.0941
-0.1337
-0.1276
-0.0954
-0.0524
 0.0024
 0.0351
 0.0383
 0.0250
-0.0274
-0.0752
-0.1231
-0.1414
-0.1098
-0.0601
 0.0056
 0.0510
 0.0510
 0.0258
-0.0253
-0.1023
-0.1497
-0.1483
-0.1016
-0.0803
-0.0298
 0.0199
 0.0098
 0.0327
 0.0181
-0.0550
-0.1167
-0.1489
-0.1148
-0.0619
-0.0090
 0.0561
 0.0883
 0.0667
 0.0300
-0.0284
-0.1117
-0.1350
-0.1510
-0.1167
-0.0380
 0.0120
 0.0649
 0.0976
 0.0933
 0.0497
-0.0348
-0.0771
-0.0795
-0.0643
-0.0242
 0.0207
 0.0502
 0.0755
 0.0611
 0.0106
-0.0423
-0.0960
-0.1162
-0.1124
-0.0808
-0.0072
 0.0162
 0.0282
 0.0213
 0.0000
-0.0133
-0.0840
-0.1066
-0.0960
-0.0766
-0.0122
 0.0484
 0.0593
 0.0667
 0.0391
-0.0173
-0.0734
-0.1124
-0.1055
-0.0803
-0.0417
 0.0308
 0.0667
 0.0510
 0.0276
-0.0292
-0.0885
-0.1268
-0.1098
-0.0633
-0.0303
 0.0351
 0.0635
 0.0654
 0.0542
-0.0072
-0.0946
-0.1584
-0.1792
-0.1598
-0.0891
-0.0173
 0.0327
 0.0704
 0.0377
-0.0077
-0.0859
-0.1194
-0.0877
-0.0840
-0.0417
 0.0175
 0.0718
 0.0914
 0.0686
 0.0370
-0.0178
-0.0827
-0.1124
-0.1188
-0.0784
-0.0330
 0.0194
 0.0471
 0.0681
 0.0521
-0.0197
-0.0922
-0.1162
-0.1066
-0.1066
-0.0436
 0.0189
 0.0553
 0.0603
 0.0175
 0.0080
-0.0423
-0.1093
-0.1300
-0.1156
-0.0556
 0.0553
 0.0869
 0.0837
 0.0635
 0.0295
-0.0362
-0.1055
-0.1231
-0.1066
-0.0638
-0.0210
 0.0420
 0.0792
 0.0484
-0.0122
-0.0960
-0.1047
-0.0840
-0.1023
-0.0739
-0.0072
 0.0492
 0.0635
