-0.1063
-0.0082
 0.0611
 0.0946
 0.0986
 0.0606
-0.0247
-0.0962
-0.1316
-0.1398
-0.1090
-0.0261
 0.0492
 0.0877
 0.0997
 0.0752
 0.0011
-0.0747
-0.1335
-0.1531
-0.1233
-0.0407
 0.0561
 0.0896
 0.0978
 0.0795
 0.0194
-0.0558
-0.1127
-0.1342
-0.1247
-0.0766
 0.0157
 0.0776
 0.0928
 0.0877
 0.0364
-0.0393
-0.1008
-0.1457
-0.1518
-0.1031
-0.0122
 0.0524
 0.0896
 0.1018
 0.0574
-0.0197
-0.0907
-0.1297
-0.1398
-0.1000
-0.0178
 0.0468
 0.0840
 0.0946
 0.0630
-0.0141
-0.0811
-0.1172
-0.1305
-0.1021
-0.0261
 0.0588
 0.0986
 0.1098
 0.0909
 0.0202
-0.0545
-0.1039
-0.1297
-0.1178
-0.0532
 0.0340
 0.0859
 0.1074
 0.0946
 0.0359
-0.0513
-0.1109
-0.1430
-0.1539
-0.0962
-0.0045
 0.0510
 0.0904
 0.0954
 0.0492
-0.0343
-0.0994
-0.1393
-0.1614
-0.1183
-0.0348
 0.0346
 0.0776
 0.0803
 0.0492
-0.0298
-0.1071
-0.1398
-0.1595
-0.1398
-0.0540
 0.0327
 0.0689
 0.0885
 0.0694
 0.0056
-0.0766
-0.1348
-0.1563
-0.1342
-0.0723
 0.0112
 0.0630
 0.0859
 0.0845
 0.0213
-0.0654
-0.1233
-0.1531
-0.1499
-0.0925
-0.0032
 0.0630
 0.0827
 0.0763
 0.0234
-0.0590
-0.1284
-0.1760
-0.1773
-0.1247
-0.0316
 0.0372
 0.0776
 0.0946
 0.0468
-0.0393
-0.1063
-0.1475
-0.1526
-0.1172
-0.0463
 0.0372
 0.0776
 0.0803
 0.0529
-0.0223
-0.0949
-0.1438
-0.1651
-0.1374
-0.0728
 0.0112
 0.0662
 0.0922
 0.0763
 0.0069
-0.0723
-0.1223
-0.1571
-0.1494
-0.0848
 0.0061
 0.0611
 0.0821
 0.0790
 0.0202
-0.0595
-0.1178
-0.1467
-0.1467
-0.1109
-0.0247
 0.0436
 0.0821
 0.0896
 0.0364
-0.0558
-0.1196
-0.1545
-0.1571
-0.1196
-0.0425
 0.0396
 0.0784
 0.0885
 0.0588
-0.0154
-0.0880
-0.1329
-0.1457
-0.1247
-0.0595
 0.0271
 0.0803
 0.0968
 0.0752
 0.0106
-0.0734
-0.1284
-0.1531
-0.1507
-0.0912
-0.0077
 0.0556
 0.0827
 0.0813
 0.0221
-0.0572
-0.1159
-0.1380
-0.1356
-0.0994
-0.0109
 0.0569
 0.0877
 0.0968
 0.0524
-0.0266
-0.0957
-0.1393
-0.1449
-0.1000
-0.0274
 0.0510
 0.0978
 0.1023
 0.0803
 0.0056
-0.0747
-0.1215
-0.1297
-0.1114
-0.0431
 0.0409
 0.0885
 0.1087
 0.0872
 0.0202
-0.0627
-0.1109
-0.1374
-0.1273
-0.0558
 0.0359
 0.0885
 0.1180
 0.1162
 0.0468
-0.0292
-0.0917
-0.1305
-0.1228
-0.0734
 0.0125
 0.0731
 0.1069
 0.1074
 0.0588
-0.0141
-0.0805
-0.1273
-0.1342
-0.0875
-0.0104
 0.0606
 0.1055
 0.1212
 0.0859
-0.0008
-0.0837
-0.1297
-0.1374
-0.1039
-0.0292
 0.0556
 0.1010
 0.1106
 0.0904
 0.0234
-0.0622
-0.1191
-0.1348
-0.1164
-0.0513
 0.0364
 0.0763
 0.1087
 0.1029
 0.0290
-0.0572
-0.1045
-0.1241
-0.1223
-0.0678
 0.0162
 0.0808
 0.1151
 0.1138
 0.0657
-0.0223
-0.0805
-0.1196
-0.1228
-0.0691
 0.0093
 0.0808
 0.1111
 0.1162
 0.0803
-0.0032
-0.0723
-0.1101
-0.1204
-0.0968
-0.0197
 0.0574
 0.0997
 0.1175
 0.0973
 0.0226
-0.0614
-0.1071
-0.1233
-0.1132
-0.0463
 0.0409
 0.0827
 0.1010
 0.0877
 0.0253
-0.0550
-0.1127
-0.1356
-0.1255
-0.0728
 0.0130
 0.0675
 0.0946
 0.0954
 0.0468
-0.0311
-0.0938
-0.1196
-0.1558
-0.1109
 0.0120
 0.0992
 0.1473
 0.1436
 0.0904
-0.0205
-0.1204
-0.1646
-0.1760
-0.1324
-0.0146
 0.0845
 0.1404
 0.1619
 0.1194
 0.0101
-0.0899
-0.1590
-0.1805
-0.1430
-0.0457
 0.0588
 0.1220
 0.1547
 0.1271
 0.0327
-0.0673
-0.1361
-0.1600
-0.1398
-0.0595
 0.0569
 0.1257
 0.1560
 0.1396
 0.0601
-0.0494
-0.1311
-0.1861
-0.1755
-0.0917
 0.0258
 0.1151
 0.1630
 0.1630
 0.0936
-0.0082
-0.0957
-0.1518
-0.1614
-0.1071
-0.0064
 0.0986
 0.1587
 0.1707
 0.1263
 0.0093
-0.0912
-0.1475
-0.1659
-0.1305
-0.0279
 0.0827
 0.1446
 0.1712
 0.1313
 0.0346
-0.0659
-0.1393
-0.1728
-0.1425
-0.0481
 0.0638
 0.1345
 0.1661
 0.1491
 0.0643
-0.0407
-0.1132
-0.1651
-0.1545
-0.0710
 0.0428
 0.1244
 0.1606
 0.1638
 0.0853
-0.0274
-0.1101
-0.1627
-0.1651
-0.1039
 0.0088
 0.0997
 0.1669
 0.1802
 0.1257
 0.0245
-0.0792
-0.1356
-0.1513
-0.1090
-0.0090
 0.0941
 0.1515
 0.1669
 0.1390
 0.0417
-0.0641
-0.1311
-0.1576
-0.1324
-0.0444
 0.0694
 0.1390
 0.1707
 0.1409
 0.0497
-0.0545
-0.1305
-0.1677
-0.1507
-0.0704
 0.0404
 0.1188
 0.1446
 0.1422
 0.0758
-0.0393
-0.1241
-0.1723
-0.1701
-0.1063
 0.0011
 0.0909
 0.1414
 0.1611
 0.1093
-0.0045
-0.1039
-0.1627
-0.1747
-0.1292
-0.0215
 0.0845
 0.1422
 0.1537
 0.1207
 0.0112
-0.0957
-0.1576
-0.1715
-0.1388
-0.0420
 0.0707
 0.1289
 0.1542
 0.1390
 0.0625
-0.0521
-0.1196
-0.1475
-0.1279
-0.0508
 0.0588
 0.1396
 0.1744
 0.1781
 0.1061
-0.0160
-0.0949
-0.1467
-0.1518
-0.0760
 0.0314
 0.1124
 0.1606
 0.1611
 0.0992
-0.0223
-0.1109
-0.1438
-0.1614
-0.1114
 0.0019
 0.0978
 0.1515
 0.1688
 0.1303
 0.0327
-0.0728
-0.1393
-0.1614
-0.1122
-0.0160
 0.0864
 0.1624
 0.1808
 0.1542
 0.0588
-0.0564
-0.1247
-0.1576
-0.1374
-0.0595
 0.0657
 0.1441
 0.1826
 0.1752
 0.0914
-0.0154
-0.1063
-0.1531
-0.1462
-0.0837
 0.0354
 0.1194
 0.1537
 0.1510
 0.0776
-0.0362
-0.1279
-0.1893
-0.1906
-0.1241
-0.0114
 0.0795
 0.1390
 0.1560
 0.1106
 0.0074
-0.0981
-0.1550
-0.1755
-0.1412
-0.0481
 0.0638
 0.1364
 0.1542
 0.1093
 0.0138
-0.0880
-0.1571
-0.1755
-0.1518
-0.0673
 0.0455
 0.1119
 0.1542
 0.1396
 0.0537
-0.0532
-0.1398
-0.1765
-0.1640
-0.0976
 0.0207
 0.0978
 0.1390
 0.1491
 0.0821
-0.0388
-0.1164
-0.1691
-0.1723
-0.1039
 0.0125
 0.1087
 0.1606
 0.1712
 0.1194
 0.0051
-0.1021
-0.1576
-0.1701
-0.1284
-0.0274
 0.0744
 0.1396
 0.1680
 0.1409
 0.0314
-0.0774
-0.1425
-0.1715
-0.1316
-0.0439
 0.0638
 0.1428
 0.1693
 0.1441
 0.0561
-0.0444
-0.1223
-0.1614
-0.1481
-0.0704
 0.0377
 0.1194
 0.1587
 0.1473
 0.0904
-0.0191
-0.1109
-0.1545
-0.1576
-0.0925
 0.0189
 0.1119
 0.1579
 0.1592
 0.1093
-0.0013
-0.0976
-0.1576
-0.1696
-0.1114
 0.0080
 0.1042
 0.1555
 0.1781
 0.1390
 0.0308
-0.0715
-0.1311
-0.1571
-0.1273
-0.0324
 0.0808
 0.1422
 0.1680
 0.1446
 0.0396
-0.0627
-0.1297
-0.1691
-0.1444
-0.0627
 0.0580
 0.1345
 0.1699
 0.1643
 0.0928
-0.0247
-0.1127
-0.1608
-0.1608
-0.0925
 0.0290
 0.1138
 0.1505
 0.1592
 0.0954
-0.0109
-0.0944
-0.1348
-0.1531
-0.1077
 0.0120
 0.1106
 0.1638
 0.1789
 0.1377
 0.0322
-0.0734
-0.1425
-0.1664
-0.1348
-0.0393
 0.0707
 0.1340
 0.1555
 0.1276
 0.0417
-0.0659
-0.1398
-0.1683
-0.1539
-0.0691
 0.0423
 0.1130
 0.1542
 0.1454
 0.0638
-0.0526
-0.1393
-0.1805
-0.1728
-0.0981
 0.0284
 0.1175
 0.1486
 0.1446
 0.0922
-0.0205
-0.1045
-0.1590
-0.1773
-0.1183
 0.0005
 0.0968
 0.1491
 0.1656
 0.1220
 0.0130
-0.0907
-0.1462
-0.1672
-0.1284
-0.0215
 0.0853
 0.1510
 0.1699
 0.1446
 0.0593
-0.0582
-0.1284
-0.1632
-0.1430
-0.0532
 0.0630
 0.1396
 0.1699
 0.1486
 0.0569
-0.0521
-0.1255
-0.1608
-0.1531
-0.0779
 0.0396
 0.1252
 0.1739
 0.1725
 0.1018
-0.0122
-0.1071
-0.1489
-0.1627
-0.1063
 0.0125
 0.1069
 0.1661
 0.1808
 0.1321
 0.0181
-0.0899
-0.1513
-0.1507
-0.1063
 0.0029
 0.1047
 0.1630
 0.1813
 0.1486
 0.0468
-0.0734
-0.1348
-0.1659
-0.1412
-0.0399
 0.0739
 0.1390
 0.1587
 0.1486
 0.0601
-0.0463
-0.1204
-0.1627
-0.1444
-0.0766
 0.0340
 0.1207
 0.1542
 0.1542
 0.0731
-0.0388
-0.1228
-0.1595
-0.1595
-0.1039
 0.0051
 0.0904
 0.1459
 0.1560
 0.1029
-0.0072
-0.1114
-0.1646
-0.1773
-0.1279
-0.0237
 0.0675
 0.1335
 0.1587
 0.1263
 0.0226
-0.0843
-0.1449
-0.1683
-0.1366
-0.0375
 0.0744
 0.1459
 0.1680
 0.1390
 0.0593
-0.0521
-0.1255
-0.1582
-0.1494
-0.0614
 0.0537
 0.1295
 0.1606
 0.1529
 0.0808
-0.0356
-0.1151
-0.1576
-0.1558
-0.0880
 0.0221
 0.1252
 0.1731
 0.1770
 0.1156
-0.0021
-0.0899
-0.1513
-0.1595
-0.1132
-0.0064
 0.0904
 0.1542
 0.1680
 0.1180
 0.0221
-0.0938
-0.1531
-0.1664
-0.1342
-0.0362
 0.0681
 0.1345
 0.1547
 0.1252
 0.0396
-0.0622
-0.1444
-0.1765
-0.1539
-0.0572
 0.0588
 0.1289
 0.1688
 0.1579
 0.0726
-0.0444
-0.1196
-0.1646
-0.1582
-0.0798
 0.0354
 0.1170
 0.1611
 0.1757
 0.1111
-0.0082
-0.0949
-0.1449
-0.1526
-0.0981
 0.0080
 0.0946
 0.1491
 0.1606
 0.1111
 0.0061
-0.0949
-0.1513
-0.1728
-0.1499
-0.0367
 0.0904
 0.1441
 0.1624
 0.1385
 0.0385
-0.0683
-0.1297
-0.1545
-0.1380
-0.0489
 0.0569
 0.1281
 0.1707
 0.1592
 0.0752
-0.0393
-0.1082
-0.1489
-0.1398
-0.0614
 0.0460
 0.1252
 0.1699
 0.1688
 0.0872
-0.0178
-0.1082
-0.1664
-0.1677
-0.1039
 0.0074
 0.0941
 0.1422
 0.1497
 0.0960
 0.0019
-0.1008
-0.1627
-0.1723
-0.1241
-0.0122
 0.0853
 0.1428
 0.1720
 0.1358
 0.0335
-0.0715
-0.1412
-0.1715
-0.1444
-0.0388
 0.0731
 0.1446
 0.1725
 0.1454
 0.0569
-0.0500
-0.1183
-0.1558
-0.1412
-0.0622
 0.0548
 0.1313
 0.1720
 0.1669
 0.0936
-0.0160
-0.1050
-0.1582
-0.1558
-0.0811
 0.0271
 0.1175
 0.1688
 0.1656
 0.1037
-0.0013
-0.0962
-0.1518
-0.1571
-0.1172
-0.0082
 0.0859
 0.1523
 0.1699
 0.1231
 0.0340
-0.0824
-0.1531
-0.1683
-0.1356
-0.0439
 0.0670
 0.1340
 0.1568
 0.1385
 0.0588
-0.0572
-0.1297
-0.1614
-0.1467
-0.0595
 0.0518
 0.1239
 0.1638
 0.1638
 0.0803
-0.0338
-0.1233
-0.1773
-0.1640
-0.0976
 0.0162
 0.1119
 0.1568
 0.1574
 0.1074
 0.0000
-0.0968
-0.1518
-0.1651
-0.1122
 0.0080
 0.1087
 0.1630
 0.1802
 0.1239
 0.0263
-0.0774
-0.1467
-0.1659
-0.1241
-0.0197
 0.0885
 0.1454
 0.1752
 0.1473
 0.0569
-0.0393
-0.1215
-0.1499
-0.1247
-0.0375
 0.0808
 0.1505
 0.1840
 0.1693
 0.0853
-0.0324
-0.1255
-0.1563
-0.1412
-0.0691
 0.0455
 0.1220
 0.1643
 0.1693
 0.1023
-0.0165
-0.0944
-0.1335
-0.1481
-0.0893
 0.0162
 0.1162
 0.1712
 0.1845
 0.1340
 0.0181
-0.0875
-0.1361
-0.1545
-0.1228
-0.0128
 0.0877
 0.1579
 0.1895
 0.1547
 0.0569
-0.0603
-0.1305
-0.1614
-0.1292
-0.0380
 0.0720
 0.1345
 0.1648
 0.1568
 0.0675
-0.0481
-0.1172
-0.1600
-0.1550
-0.0880
 0.0359
 0.1289
 0.1587
 0.1523
 0.0845
-0.0298
-0.1122
-0.1590
-0.1571
-0.0907
 0.0239
 0.1170
 0.1574
 0.1731
 0.1151
 0.0037
-0.0880
-0.1457
-0.1558
-0.1122
-0.0053
 0.0986
 0.1630
 0.1895
 0.1486
 0.0423
-0.0609
-0.1247
-0.1475
-0.1215
-0.0229
 0.0835
 0.1555
 0.1890
 0.1598
 0.0702
-0.0500
-0.1210
-0.1590
-0.1417
-0.0641
 0.0497
 0.1303
 0.1739
 0.1624
 0.0795
-0.0261
-0.1050
-0.1571
-0.1651
-0.0981
 0.0194
 0.1087
 0.1542
 0.1568
 0.1042
-0.0053
-0.1021
-0.1571
-0.1632
-0.1008
 0.0029
 0.1074
 0.1630
 0.1648
 0.1276
 0.0245
-0.0925
-0.1449
-0.1608
-0.1279
-0.0330
 0.0630
 0.1313
 0.1656
 0.1510
 0.0537
-0.0633
-0.1342
-0.1672
-0.1526
-0.0654
 0.0537
 0.1151
 0.1465
 0.1459
 0.0630
-0.0532
-0.1329
-0.1741
-0.1741
-0.1031
 0.0213
 0.1018
 0.1396
 0.1428
 0.0813
-0.0292
-0.1284
-0.1778
-0.1834
-0.1255
-0.0128
 0.0840
 0.1353
 0.1377
 0.0946
-0.0122
-0.1164
-0.1778
-0.1930
-0.1475
-0.0489
 0.0580
 0.1303
 0.1510
 0.1162
 0.0295
-0.0766
-0.1430
-0.1733
-0.1526
-0.0646
 0.0455
 0.1244
 0.1560
 0.1313
 0.0486
-0.0633
-0.1393
-0.1728
-0.1715
-0.0880
 0.0364
 0.1170
 0.1491
 0.1396
 0.0840
-0.0242
-0.1122
-0.1481
-0.1558
-0.1021
 0.0088
 0.1079
 0.1542
 0.1587
 0.1156
-0.0040
-0.1039
-0.1576
-0.1760
-0.1284
-0.0154
 0.0885
 0.1436
 0.1669
 0.1289
 0.0207
-0.0811
-0.1430
-0.1701
-0.1417
-0.0439
 0.0630
 0.1377
 0.1763
 0.1510
 0.0638
-0.0439
-0.1140
-0.1622
-0.1539
-0.0760
 0.0447
 0.1303
 0.1752
 0.1707
 0.0992
-0.0090
-0.1031
-0.1489
-0.1481
-0.0880
 0.0295
 0.1231
 0.1712
 0.1688
 0.1074
-0.0045
-0.0893
-0.1329
-0.1582
-0.1082
-0.0013
 0.0941
 0.1515
 0.1739
 0.1372
 0.0308
-0.0779
-0.1430
-0.1627
-0.1374
-0.0420
 0.0720
 0.1396
 0.1630
 0.1409
 0.0385
-0.0665
-0.1430
-0.1810
-0.1518
-0.0805
 0.0404
 0.1202
 0.1547
 0.1542
 0.0840
-0.0330
-0.1265
-0.1608
-0.1545
-0.0899
 0.0284
 0.1239
 0.1731
 0.1712
 0.1055
-0.0021
-0.0968
-0.1600
-0.1715
-0.1164
 0.0088
 0.1119
 0.1574
 0.1712
 0.1390
 0.0377
-0.0792
-0.1438
-0.1646
-0.1292
-0.0348
 0.0739
 0.1358
 0.1611
 0.1441
 0.0505
-0.0622
-0.1292
-0.1627
-0.1417
-0.0526
 0.0542
 0.1313
 0.1630
 0.1459
 0.0670
-0.0521
-0.1305
-0.1590
-0.1622
-0.0861
 0.0391
 0.1303
 0.1813
 0.1853
 0.1130
 0.0080
-0.0899
-0.1457
-0.1545
-0.0968
 0.0213
 0.1138
 0.1638
 0.1680
 0.1202
 0.0130
-0.0837
-0.1412
-0.1640
-0.1127
-0.0013
 0.1069
 0.1770
 0.1991
 0.1574
 0.0529
-0.0545
-0.1260
-0.1545
-0.1279
-0.0393
 0.0702
 0.1358
 0.1757
 0.1510
 0.0611
-0.0380
-0.1260
-0.1709
-0.1608
-0.0888
 0.0290
 0.1188
 0.1560
 0.1505
 0.0960
-0.0173
-0.1101
-0.1590
-0.1672
-0.0949
 0.0263
 0.1061
 0.1587
 0.1675
 0.1111
 0.0125
-0.0867
-0.1449
-0.1632
-0.1265
-0.0223
 0.0922
 0.1505
 0.1693
 0.1321
 0.0417
-0.0603
-0.1342
-0.1672
-0.1467
-0.0494
 0.0712
 0.1422
 0.1680
 0.1491
 0.0651
-0.0431
-0.1228
-0.1571
-0.1467
-0.0723
 0.0409
 0.1231
 0.1611
 0.1486
 0.0707
-0.0471
-0.1380
-0.1829
-0.1784
-0.1095
 0.0074
 0.1018
 0.1422
 0.1497
 0.0978
-0.0173
-0.1058
-0.1481
-0.1723
-0.1260
-0.0109
 0.0795
 0.1478
 0.1643
 0.1231
 0.0245
-0.0760
-0.1374
-0.1571
-0.1265
-0.0279
 0.0821
 0.1505
 0.1802
 0.1505
 0.0569
-0.0564
-0.1204
-0.1449
-0.1324
-0.0521
 0.0694
 0.1491
 0.1731
 0.1648
 0.0853
-0.0306
-0.1114
-0.1539
-0.1513
-0.0774
 0.0524
 0.1327
 0.1688
 0.1770
 0.1143
-0.0090
-0.0989
-0.1489
-0.1672
-0.1082
 0.0011
 0.0864
 0.1459
 0.1643
 0.1188
 0.0112
-0.0930
-0.1545
-0.1747
-0.1356
-0.0324
 0.0803
 0.1454
 0.1529
 0.1220
 0.0295
-0.0760
-0.1361
-0.1709
-0.1425
-0.0471
 0.0689
 0.1404
 0.1675
 0.1505
 0.0694
-0.0367
-0.1077
-0.1558
-0.1526
-0.0728
 0.0396
 0.1271
 0.1802
 0.1821
 0.1111
-0.0082
-0.1050
-0.1499
-0.1513
-0.0893
 0.0295
 0.1143
 0.1725
 0.1845
 0.1212
 0.0130
-0.0912
-0.1489
-0.1622
-0.1132
 0.0005
 0.1023
 0.1669
 0.1845
 0.1579
 0.0611
-0.0582
-0.1172
-0.1467
-0.1140
-0.0183
 0.0922
 0.1630
 0.1973
 0.1725
 0.0784
-0.0393
-0.1178
-0.1590
-0.1475
-0.0545
 0.0630
 0.1422
 0.1826
 0.1808
 0.1042
-0.0205
-0.1013
-0.1499
-0.1494
-0.0843
 0.0263
 0.1156
 0.1794
 0.1826
 0.1231
 0.0138
-0.0843
-0.1412
-0.1595
-0.1063
-0.0058
 0.0928
 0.1523
 0.1643
 0.1404
 0.0377
-0.0683
-0.1335
-0.1632
-0.1223
-0.0197
 0.0808
 0.1598
 0.1890
 0.1574
 0.0588
-0.0471
-0.1210
-0.1672
-0.1475
-0.0710
 0.0524
 0.1358
 0.1661
 0.1555
 0.0803
-0.0420
-0.1241
-0.1582
-0.1723
-0.1045
 0.0152
 0.1074
 0.1459
 0.1542
 0.0973
-0.0191
-0.1151
-0.1741
-0.1874
-0.1393
-0.0255
 0.0827
 0.1295
 0.1441
 0.0992
-0.0072
-0.1114
-0.1701
-0.1866
-0.1550
-0.0526
 0.0638
 0.1271
 0.1510
 0.1220
 0.0239
-0.0837
-0.1467
-0.1856
-0.1683
-0.0728
 0.0473
 0.1188
 0.1465
 0.1404
 0.0651
-0.0540
-0.1374
-0.1715
-0.1622
-0.0867
 0.0258
 0.1079
 0.1587
 0.1598
 0.1042
-0.0133
-0.1082
-0.1526
-0.1622
-0.1082
 0.0024
 0.1042
 0.1505
 0.1680
 0.1263
 0.0101
-0.0875
-0.1430
-0.1571
-0.1215
-0.0160
 0.0827
 0.1454
 0.1725
 0.1491
 0.0537
-0.0540
-0.1265
-0.1576
-0.1292
-0.0444
 0.0752
 0.1542
 0.1781
 0.1598
 0.0731
-0.0412
-0.1151
-0.1475
-0.1361
-0.0678
 0.0473
 0.1295
 0.1699
 0.1630
 0.0914
-0.0215
-0.1077
-0.1539
-0.1582
-0.0989
 0.0207
 0.1231
 0.1699
 0.1739
 0.1143
 0.0061
-0.0925
-0.1531
-0.1747
-0.1342
-0.0229
 0.0795
 0.1414
 0.1688
 0.1327
 0.0207
-0.0856
-0.1444
-0.1640
-0.1265
-0.0279
 0.0835
 0.1579
 0.1853
 0.1611
 0.0675
-0.0521
-0.1196
-0.1545
-0.1499
-0.0654
 0.0479
 0.1428
 0.1794
 0.1707
 0.0986
-0.0255
-0.1050
-0.1526
-0.1489
-0.0798
 0.0271
 0.1239
 0.1606
 0.1712
 0.1111
-0.0008
-0.0880
-0.1494
-0.1531
-0.1026
 0.0029
 0.1010
 0.1579
 0.1794
 0.1340
 0.0303
-0.0805
-0.1481
-0.1773
-0.1388
-0.0338
 0.0694
 0.1372
 0.1478
 0.1321
 0.0385
-0.0710
-0.1348
-0.1691
-0.1457
-0.0558
 0.0529
 0.1327
 0.1821
 0.1725
 0.0891
-0.0215
-0.1031
-0.1475
-0.1457
-0.0779
 0.0340
 0.1276
 0.1656
 0.1699
 0.1151
-0.0008
-0.0957
-0.1539
-0.1595
-0.1050
 0.0051
 0.1061
 0.1648
 0.1853
 0.1454
 0.0303
-0.0766
-0.1342
-0.1664
-0.1305
-0.0247
 0.0771
 0.1364
 0.1619
 0.1390
 0.0409
-0.0715
-0.1412
-0.1760
-0.1494
-0.0577
 0.0611
 0.1385
 0.1648
 0.1568
 0.0689
-0.0449
-0.1305
-0.1723
-0.1640
-0.0917
 0.0346
 0.1138
 0.1579
 0.1523
 0.0795
-0.0279
-0.1178
-0.1640
-0.1715
-0.1140
 0.0024
 0.1018
 0.1515
 0.1648
 0.1188
 0.0080
-0.0944
-0.1507
-0.1696
-0.1247
-0.0058
 0.0973
 0.1486
 0.1763
 0.1358
 0.0364
-0.0659
-0.1366
-0.1622
-0.1388
-0.0471
 0.0651
 0.1422
 0.1776
 0.1643
 0.0813
-0.0393
-0.1215
-0.1595
-0.1380
-0.0603
 0.0529
 0.1422
 0.1840
 0.1680
 0.0954
-0.0154
-0.0930
-0.1412
-0.1438
-0.0784
 0.0322
 0.1252
 0.1752
 0.1802
 0.1276
 0.0202
-0.0824
-0.1335
-0.1462
-0.1063
 0.0056
 0.1093
 0.1688
 0.1895
 0.1491
 0.0479
-0.0572
-0.1247
-0.1489
-0.1095
-0.0141
 0.0914
 0.1568
 0.1770
 0.1537
 0.0556
-0.0500
-0.1178
-0.1622
-0.1444
-0.0582
 0.0542
 0.1372
 0.1707
 0.1606
 0.0891
-0.0215
-0.1045
-0.1545
-0.1481
-0.0792
 0.0372
 0.1220
 0.1693
 0.1789
 0.1202
 0.0056
-0.0861
-0.1393
-0.1590
-0.1063
 0.0000
 0.1061
 0.1669
 0.1864
 0.1473
 0.0436
-0.0572
-0.1297
-0.1467
-0.1058
 0.0011
 0.1079
 0.1680
 0.2010
 0.1643
 0.0670
-0.0463
-0.1151
-0.1494
-0.1260
-0.0356
 0.0803
 0.1574
 0.1853
 0.1712
 0.0891
-0.0191
-0.1050
-0.1489
-0.1388
-0.0691
 0.0447
 0.1377
 0.1826
 0.1808
 0.1239
 0.0051
-0.0888
-0.1335
-0.1457
-0.0861
 0.0290
 0.1207
 0.1699
 0.1813
 0.1358
 0.0253
-0.0798
-0.1393
-0.1545
-0.1114
-0.0096
 0.0914
 0.1648
 0.1864
 0.1542
 0.0518
-0.0513
-0.1140
-0.1518
-0.1305
-0.0375
 0.0763
 0.1478
 0.1845
 0.1675
 0.0776
-0.0348
-0.1140
-0.1558
-0.1489
-0.0710
 0.0455
 0.1308
 0.1731
 0.1739
 0.1018
-0.0183
-0.1101
-0.1467
-0.1531
-0.0968
 0.0202
 0.1079
 0.1579
 0.1624
 0.1119
 0.0051
-0.0888
-0.1417
-0.1550
-0.1101
-0.0122
 0.0922
 0.1611
 0.1808
 0.1340
 0.0346
-0.0614
-0.1305
-0.1571
-0.1417
-0.0521
 0.0726
 0.1372
 0.1656
 0.1414
 0.0588
-0.0476
-0.1348
-0.1741
-0.1518
-0.0659
 0.0473
 0.1271
 0.1707
 0.1611
 0.0928
-0.0261
-0.1233
-0.1622
-0.1646
-0.1008
 0.0162
 0.1124
 0.1656
 0.1630
 0.1069
-0.0013
-0.1013
-0.1513
-0.1622
-0.1109
-0.0072
 0.1010
 0.1486
 0.1648
 0.1271
 0.0202
-0.0888
-0.1475
-0.1701
-0.1398
-0.0311
 0.0803
 0.1505
 0.1821
 0.1592
 0.0675
-0.0489
-0.1204
-0.1595
-0.1526
-0.0673
 0.0505
 0.1372
 0.1763
 0.1643
 0.0928
-0.0279
-0.1063
-0.1539
-0.1526
-0.0816
 0.0391
 0.1226
 0.1624
 0.1712
 0.1037
-0.0032
-0.1000
-0.1576
-0.1539
-0.1031
 0.0069
 0.1079
 0.1523
 0.1638
 0.1244
 0.0162
-0.0861
-0.1417
-0.1691
-0.1233
-0.0165
 0.0885
 0.1592
 0.1821
 0.1478
 0.0505
-0.0622
-0.1438
-0.1723
-0.1366
-0.0457
 0.0835
 0.1592
 0.1802
 0.1693
 0.0928
-0.0237
-0.1045
-0.1457
-0.1412
-0.0646
 0.0455
 0.1335
 0.1789
 0.1739
 0.1124
-0.0008
-0.0907
-0.1398
-0.1457
-0.0824
 0.0322
 0.1263
 0.1720
 0.1808
 0.1372
 0.0271
-0.0798
-0.1417
-0.1563
-0.1114
-0.0077
 0.0941
 0.1638
 0.1840
 0.1459
 0.0468
-0.0659
-0.1324
-0.1622
-0.1311
-0.0311
 0.0803
 0.1515
 0.1808
 0.1598
 0.0784
-0.0407
-0.1127
-0.1425
-0.1273
-0.0526
 0.0593
 0.1465
 0.1877
 0.1877
 0.1156
 0.0037
-0.0917
-0.1425
-0.1430
-0.0760
 0.0385
 0.1271
 0.1763
 0.1808
 0.1281
 0.0271
-0.0696
-0.1348
-0.1563
-0.1172
-0.0141
 0.0968
 0.1505
 0.1648
 0.1358
 0.0417
-0.0678
-0.1316
-0.1558
-0.1260
-0.0348
 0.0840
 0.1568
 0.1707
 0.1523
 0.0651
-0.0457
-0.1297
-0.1646
-0.1526
-0.0659
 0.0510
 0.1409
 0.1770
 0.1661
 0.1042
-0.0122
-0.1021
-0.1438
-0.1398
-0.0654
 0.0524
 0.1321
 0.1707
 0.1770
 0.1156
-0.0045
-0.0925
-0.1406
-0.1539
-0.1000
 0.0069
 0.1098
 0.1675
 0.1720
 0.1271
 0.0175
-0.0861
-0.1449
-0.1672
-0.1335
-0.0367
 0.0813
 0.1404
 0.1619
 0.1358
 0.0404
-0.0627
-0.1356
-0.1672
-0.1449
-0.0603
 0.0548
 0.1313
 0.1712
 0.1568
 0.0795
-0.0261
-0.1159
-0.1632
-0.1563
-0.0880
 0.0340
 0.1212
 0.1699
 0.1712
 0.1087
-0.0077
-0.0957
-0.1489
-0.1651
-0.1082
 0.0080
 0.1151
 0.1643
 0.1789
 0.1396
 0.0303
-0.0715
-0.1324
-0.1518
-0.1132
-0.0154
 0.0997
 0.1611
 0.1872
 0.1574
 0.0574
-0.0444
-0.1159
-0.1467
-0.1273
-0.0330
 0.0795
 0.1537
 0.2028
 0.1890
 0.1098
-0.0109
-0.0994
-0.1342
-0.1265
-0.0500
 0.0638
 0.1510
 0.1922
 0.1877
 0.1257
 0.0157
-0.0774
-0.1311
-0.1356
-0.0829
 0.0359
 0.1281
 0.1725
 0.1877
 0.1409
 0.0385
-0.0577
-0.1228
-0.1457
-0.1013
 0.0120
 0.1138
 0.1725
 0.1973
 0.1611
 0.0670
-0.0407
-0.1095
-0.1393
-0.1191
-0.0324
 0.0835
 0.1515
 0.1808
 0.1598
 0.0758
-0.0362
-0.1151
-0.1513
-0.1438
-0.0742
 0.0473
 0.1327
 0.1688
 0.1638
 0.0896
-0.0197
-0.1031
-0.1545
-0.1563
-0.0925
 0.0194
 0.1143
 0.1648
 0.1731
 0.1156
 0.0037
-0.0930
-0.1481
-0.1659
-0.1127
-0.0082
 0.0821
 0.1372
 0.1630
 0.1377
 0.0385
-0.0723
-0.1425
-0.1683
-0.1284
-0.0338
 0.0689
 0.1313
 0.1656
 0.1491
 0.0548
-0.0494
-0.1265
-0.1600
-0.1539
-0.0683
 0.0556
 0.1276
 0.1669
 0.1624
 0.0763
-0.0388
-0.1241
-0.1664
-0.1646
-0.0981
 0.0263
 0.1106
 0.1606
 0.1611
 0.0928
-0.0197
-0.1095
-0.1608
-0.1723
-0.1164
-0.0072
 0.0946
 0.1510
 0.1643
 0.1263
 0.0271
-0.0792
-0.1425
-0.1627
-0.1265
-0.0229
 0.0776
 0.1409
 0.1707
 0.1441
 0.0524
-0.0545
-0.1260
-0.1526
-0.1324
-0.0489
 0.0694
 0.1441
 0.1669
 0.1542
 0.0752
-0.0380
-0.1255
-0.1622
-0.1489
-0.0907
 0.0290
 0.1151
 0.1606
 0.1643
 0.1005
-0.0146
-0.1063
-0.1595
-0.1683
-0.1159
-0.0058
 0.0845
 0.1446
 0.1688
 0.1263
 0.0221
-0.0843
-0.1481
-0.1728
-0.1324
-0.0431
 0.0492
 0.1156
 0.1377
 0.1170
 0.0207
-0.0930
-0.1651
-0.1925
-0.1747
-0.0917
 0.0226
 0.0885
 0.1194
 0.1061
 0.0144
-0.1077
-0.1797
-0.2222
-0.2145
-0.1417
-0.0210
 0.0611
 0.1069
 0.1055
 0.0468
-0.0627
-0.1494
-0.1980
-0.2151
-0.1614
-0.0508
 0.0561
 0.1098
 0.1124
 0.0548
-0.0540
-0.1444
-0.2044
-0.2121
-0.1747
-0.0641
 0.0441
 0.0936
 0.1231
 0.0859
-0.0141
-0.1164
-0.1911
-0.2132
-0.1797
-0.0899
 0.0239
 0.0914
 0.1207
 0.0978
 0.0074
-0.0925
-0.1709
-0.2113
-0.2018
-0.1247
-0.0096
 0.0675
 0.1055
 0.1010
 0.0308
-0.0829
-0.1640
-0.2151
-0.2177
-0.1499
-0.0356
 0.0625
 0.1079
 0.1098
 0.0580
-0.0526
-0.1475
-0.2031
-0.2297
-0.1784
-0.0704
 0.0170
 0.0845
 0.1074
 0.0619
-0.0330
-0.1417
-0.2082
-0.2273
-0.2012
-0.0981
 0.0120
 0.0670
 0.0978
 0.0689
-0.0255
-0.1265
-0.1943
-0.2292
-0.2145
-0.1316
-0.0146
 0.0681
 0.1069
 0.1023
 0.0253
-0.0867
-0.1595
-0.2058
-0.2191
-0.1406
-0.0165
 0.0726
 0.1202
 0.1180
 0.0588
-0.0595
-0.1571
-0.2050
-0.2100
-0.1595
-0.0449
 0.0651
 0.1093
 0.1098
 0.0752
-0.0160
-0.1164
-0.1848
-0.2039
-0.1677
-0.0715
 0.0436
 0.1069
 0.1396
 0.1180
 0.0226
-0.0907
-0.1646
-0.1906
-0.1696
-0.0861
 0.0327
 0.1042
 0.1385
 0.1345
 0.0518
-0.0572
-0.1348
-0.1805
-0.1741
-0.1071
 0.0037
 0.0891
 0.1303
 0.1364
 0.0712
-0.0471
-0.1311
-0.1866
-0.1898
-0.1273
-0.0197
 0.0784
 0.1281
 0.1422
 0.0986
-0.0133
-0.1095
-0.1723
-0.1938
-0.1489
-0.0420
 0.0662
 0.1271
 0.1446
 0.1170
 0.0271
-0.0829
-0.1531
-0.1805
-0.1531
-0.0577
 0.0542
 0.1226
 0.1542
 0.1396
 0.0702
-0.0420
-0.1311
-0.1765
-0.1590
-0.0899
 0.0314
 0.1151
 0.1592
 0.1712
 0.1018
-0.0109
-0.1031
-0.1531
-0.1576
-0.0981
 0.0074
 0.1119
 0.1638
 0.1725
 0.1220
 0.0101
-0.0930
-0.1494
-0.1590
-0.1122
-0.0045
 0.0968
 0.1592
 0.1813
 0.1459
 0.0447
-0.0614
-0.1348
-0.1608
-0.1324
-0.0324
 0.0758
 0.1486
 0.1770
 0.1611
 0.0795
-0.0388
-0.1172
-0.1518
-0.1374
-0.0590
 0.0510
 0.1303
 0.1725
 0.1648
 0.0922
-0.0154
-0.0968
-0.1425
-0.1425
-0.0742
 0.0447
 0.1473
 0.1935
 0.1903
 0.1377
 0.0314
-0.0710
-0.1297
-0.1481
-0.0994
 0.0074
 0.1069
 0.1693
 0.1973
 0.1486
 0.0468
-0.0572
-0.1265
-0.1518
-0.1223
-0.0261
 0.0904
 0.1638
 0.1895
 0.1669
 0.0795
-0.0380
-0.1127
-0.1417
-0.1265
-0.0380
 0.0744
 0.1459
 0.1813
 0.1720
 0.0968
-0.0122
-0.0899
-0.1380
-0.1329
-0.0723
 0.0354
 0.1308
 0.1720
 0.1752
 0.1226
 0.0112
-0.0760
-0.1316
-0.1425
-0.0938
 0.0175
 0.1202
 0.1832
 0.1946
 0.1523
 0.0497
-0.0532
-0.1151
-0.1406
-0.1050
-0.0064
 0.0960
 0.1630
 0.1909
 0.1606
 0.0681
-0.0407
-0.1058
-0.1430
-0.1316
-0.0399
 0.0726
 0.1436
 0.1794
 0.1789
 0.0909
-0.0237
-0.1013
-0.1457
-0.1374
-0.0627
 0.0542
 0.1396
 0.1882
 0.1858
 0.1151
 0.0120
-0.0784
-0.1279
-0.1348
-0.0867
 0.0295
 0.1194
 0.1757
 0.1864
 0.1409
 0.0327
-0.0766
-0.1292
-0.1531
-0.0976
 0.0024
 0.1023
 0.1731
 0.1877
 0.1598
 0.0630
-0.0412
-0.1114
-0.1356
-0.1140
-0.0274
 0.0859
 0.1648
 0.1922
 0.1744
 0.0973
-0.0242
-0.1008
-0.1329
-0.1215
-0.0457
 0.0651
 0.1446
 0.1890
 0.1890
 0.1212
 0.0130
-0.0784
-0.1297
-0.1348
-0.0646
 0.0492
 0.1364
 0.1826
 0.1965
 0.1515
 0.0391
-0.0558
-0.1233
-0.1380
-0.0976
 0.0051
 0.1138
 0.1776
 0.2015
 0.1669
 0.0726
-0.0287
-0.0976
-0.1215
-0.0944
-0.0072
 0.1055
 0.1770
 0.2036
 0.1922
 0.1042
-0.0154
-0.0930
-0.1255
-0.1172
-0.0348
 0.0896
 0.1720
 0.2105
 0.1965
 0.1276
 0.0253
-0.0614
-0.1045
-0.1109
-0.0577
 0.0694
 0.1606
 0.2097
 0.2119
 0.1568
 0.0524
-0.0449
-0.0880
-0.1026
-0.0577
 0.0441
 0.1385
 0.2066
 0.2230
 0.1858
 0.0840
-0.0247
-0.0880
-0.1183
-0.0805
 0.0112
 0.1239
 0.1895
 0.2161
 0.2042
 0.1098
 0.0000
-0.0779
-0.1132
-0.1013
-0.0090
 0.0997
 0.1840
 0.2193
 0.1991
 0.1289
 0.0130
-0.0696
-0.1090
-0.1031
-0.0367
 0.0784
 0.1669
 0.2124
 0.2161
 0.1643
 0.0537
-0.0425
-0.0938
-0.1077
-0.0449
 0.0611
 0.1587
 0.2169
 0.2289
 0.1763
 0.0702
-0.0316
-0.1021
-0.1255
-0.0867
 0.0181
 0.1252
 0.1794
 0.2060
 0.1813
 0.0808
-0.0247
-0.0848
-0.1114
-0.1031
-0.0165
 0.1079
 0.1858
 0.2143
 0.2036
 0.1244
 0.0120
-0.0627
-0.1050
-0.1101
-0.0399
 0.0771
 0.1587
 0.2047
 0.1996
 0.1454
 0.0359
-0.0564
-0.1090
-0.1210
-0.0627
 0.0447
 0.1454
 0.2004
 0.2047
 0.1619
 0.0569
-0.0508
-0.1095
-0.1305
-0.0907
 0.0080
 0.1207
 0.1890
 0.2066
 0.1707
 0.0795
-0.0356
-0.1039
-0.1356
-0.1215
-0.0324
 0.0859
 0.1611
 0.1991
 0.1890
 0.1010
-0.0032
-0.0792
-0.1164
-0.1045
-0.0407
 0.0821
 0.1731
 0.2124
 0.2060
 0.1404
 0.0234
-0.0715
-0.1247
-0.1297
-0.0710
 0.0385
 0.1340
 0.1872
 0.1954
 0.1409
 0.0234
-0.0742
-0.1260
-0.1425
-0.1058
-0.0013
 0.0997
 0.1739
 0.1991
 0.1547
 0.0542
-0.0564
-0.1228
-0.1576
-0.1342
-0.0407
 0.0662
 0.1409
 0.1757
 0.1579
 0.0763
-0.0407
-0.1183
-0.1600
-0.1558
-0.0633
 0.0580
 0.1404
 0.1770
 0.1731
 0.1029
-0.0133
-0.0938
-0.1457
-0.1444
-0.0843
 0.0335
 0.1353
 0.1794
 0.1858
 0.1289
 0.0152
-0.0774
-0.1324
-0.1467
-0.1021
 0.0138
 0.1188
 0.1675
 0.1832
 0.1473
 0.0479
-0.0614
-0.1265
-0.1467
-0.1191
-0.0247
 0.0914
 0.1587
 0.1853
 0.1675
 0.0758
-0.0399
-0.1204
-0.1571
-0.1247
-0.0420
 0.0681
 0.1510
 0.1882
 0.1826
 0.1061
-0.0154
-0.1026
-0.1342
-0.1335
-0.0742
 0.0391
 0.1244
 0.1720
 0.1789
 0.1207
 0.0125
-0.0805
-0.1297
-0.1361
-0.0930
 0.0152
 0.1220
 0.1781
 0.1858
 0.1436
 0.0423
-0.0550
-0.1122
-0.1366
-0.1045
-0.0032
 0.0960
 0.1579
 0.1864
 0.1648
 0.0712
-0.0439
-0.1196
-0.1489
-0.1273
-0.0500
 0.0657
 0.1441
 0.1699
 0.1574
 0.0872
-0.0255
-0.1109
-0.1632
-0.1518
-0.0792
 0.0284
 0.1162
 0.1661
 0.1680
 0.1055
-0.0146
-0.1122
-0.1545
-0.1646
-0.1114
-0.0008
 0.1018
 0.1619
 0.1744
 0.1207
 0.0112
-0.0888
-0.1494
-0.1715
-0.1233
-0.0178
 0.0877
 0.1560
 0.1808
 0.1568
 0.0574
-0.0550
-0.1265
-0.1595
-0.1324
-0.0380
 0.0712
 0.1486
 0.1853
 0.1611
 0.0784
-0.0298
-0.1140
-0.1526
-0.1380
-0.0627
 0.0518
 0.1358
 0.1731
 0.1648
 0.1047
-0.0096
-0.1021
-0.1417
-0.1462
-0.0875
 0.0263
 0.1119
 0.1648
 0.1813
 0.1289
 0.0088
-0.0816
-0.1335
-0.1558
-0.1090
-0.0077
 0.0978
 0.1587
 0.1832
 0.1409
 0.0396
-0.0683
-0.1380
-0.1576
-0.1430
-0.0476
 0.0712
 0.1404
 0.1707
 0.1459
 0.0611
-0.0481
-0.1311
-0.1646
-0.1526
-0.0779
 0.0354
 0.1220
 0.1656
 0.1619
 0.0840
-0.0242
-0.1082
-0.1646
-0.1582
-0.0907
 0.0221
 0.1079
 0.1491
 0.1592
 0.1055
-0.0104
-0.1095
-0.1550
-0.1664
-0.1204
-0.0146
 0.0877
 0.1515
 0.1598
 0.1212
 0.0276
-0.0784
-0.1438
-0.1728
-0.1366
-0.0393
 0.0675
 0.1372
 0.1656
 0.1396
 0.0479
-0.0572
-0.1361
-0.1741
-0.1545
-0.0779
 0.0391
 0.1207
 0.1624
 0.1537
 0.0670
-0.0545
-0.1412
-0.1773
-0.1696
-0.1013
 0.0189
 0.1079
 0.1486
 0.1515
 0.0992
-0.0104
-0.1039
-0.1622
-0.1677
-0.1204
-0.0128
 0.0946
 0.1510
 0.1757
 0.1295
 0.0152
-0.0856
-0.1582
-0.1805
-0.1425
-0.0532
 0.0548
 0.1289
 0.1542
 0.1239
 0.0295
-0.0784
-0.1444
-0.1879
-0.1651
-0.0747
 0.0377
 0.1111
 0.1428
 0.1308
 0.0486
-0.0595
-0.1388
-0.1741
-0.1709
-0.1063
 0.0029
 0.0872
 0.1327
 0.1364
 0.0795
-0.0362
-0.1342
-0.1842
-0.1943
-0.1393
-0.0197
 0.0763
 0.1303
 0.1422
 0.0954
-0.0058
-0.1063
-0.1797
-0.1842
-0.1444
-0.0407
 0.0758
 0.1308
 0.1547
 0.1207
 0.0207
-0.0861
-0.1539
-0.1792
-0.1518
-0.0641
 0.0479
 0.1289
 0.1619
 0.1465
 0.0569
-0.0654
-0.1361
-0.1723
-0.1646
-0.0848
 0.0314
 0.1202
 0.1619
 0.1560
 0.0968
-0.0165
-0.1127
-0.1677
-0.1755
-0.1045
 0.0051
 0.0914
 0.1446
 0.1648
 0.1156
-0.0021
-0.0994
-0.1582
-0.1701
-0.1273
-0.0215
 0.0784
 0.1441
 0.1712
 0.1340
 0.0372
-0.0627
-0.1388
-0.1672
-0.1329
-0.0431
 0.0630
 0.1308
 0.1598
 0.1459
 0.0625
-0.0494
-0.1255
-0.1590
-0.1425
-0.0603
 0.0492
 0.1335
 0.1752
 0.1619
 0.0891
-0.0215
-0.1101
-0.1595
-0.1600
-0.0912
 0.0234
 0.1119
 0.1598
 0.1648
 0.1029
-0.0090
-0.1090
-0.1627
-0.1677
-0.1215
-0.0165
 0.0803
 0.1364
 0.1529
 0.1130
 0.0130
-0.0888
-0.1444
-0.1646
-0.1311
-0.0197
 0.0840
 0.1473
 0.1643
 0.1372
 0.0492
-0.0577
-0.1260
-0.1683
-0.1576
-0.0798
 0.0335
 0.1180
 0.1560
 0.1459
 0.0662
-0.0457
-0.1324
-0.1773
-0.1723
-0.1101
 0.0000
 0.0978
 0.1404
 0.1377
 0.0795
-0.0362
-0.1265
-0.1906
-0.1975
-0.1412
-0.0324
 0.0739
 0.1335
 0.1547
 0.0946
-0.0109
-0.1058
-0.1701
-0.1917
-0.1558
-0.0494
 0.0619
 0.1244
 0.1428
 0.1093
 0.0088
-0.0944
-0.1627
-0.1994
-0.1810
-0.0976
 0.0175
 0.0954
 0.1257
 0.1079
 0.0245
-0.0867
-0.1696
-0.2095
-0.2031
-0.1233
-0.0122
 0.0744
 0.1335
 0.1207
 0.0574
-0.0526
-0.1438
-0.1988
-0.2050
-0.1417
-0.0287
 0.0643
 0.1162
 0.1340
 0.0821
-0.0306
-0.1260
-0.1879
-0.2100
-0.1709
-0.0627
 0.0391
 0.1023
 0.1271
 0.0885
-0.0122
-0.1210
-0.1842
-0.2201
-0.1906
-0.1000
 0.0056
 0.0795
 0.1151
 0.0960
 0.0024
-0.1082
-0.1856
-0.2246
-0.2159
-0.1526
-0.0425
 0.0455
 0.0840
 0.0840
 0.0138
-0.1050
-0.1893
-0.2302
-0.2334
-0.1810
-0.0627
 0.0340
 0.0803
 0.0885
 0.0335
-0.0691
-0.1691
-0.2252
-0.2416
-0.2058
-0.0944
 0.0125
 0.0752
 0.0954
 0.0574
-0.0425
-0.1398
-0.2082
-0.2310
-0.2031
-0.1132
 0.0056
 0.0638
 0.0997
 0.0763
-0.0237
-0.1284
-0.1994
-0.2310
-0.2145
-0.1316
-0.0165
 0.0657
 0.1130
 0.0997
 0.0284
-0.0766
-0.1646
-0.2050
-0.2039
-0.1348
-0.0109
 0.0726
 0.1207
 0.1263
 0.0763
-0.0306
-0.1255
-0.1659
-0.1805
-0.1444
-0.0298
 0.0702
 0.1289
 0.1510
 0.1098
 0.0051
-0.0989
-0.1651
-0.1938
-0.1550
-0.0633
 0.0497
 0.1188
 0.1409
 0.1156
 0.0202
-0.0784
-0.1481
-0.1797
-0.1646
-0.0760
 0.0346
 0.1029
 0.1441
 0.1358
 0.0606
-0.0439
-0.1356
-0.1834
-0.1874
-0.1151
-0.0027
 0.0795
 0.1377
 0.1465
 0.0872
-0.0247
-0.1095
-0.1683
-0.1760
-0.1151
-0.0072
 0.0954
 0.1568
 0.1744
 0.1271
 0.0207
-0.0755
-0.1425
-0.1672
-0.1247
-0.0255
 0.0853
 0.1515
 0.1744
 0.1465
 0.0548
-0.0558
-0.1329
-0.1608
-0.1366
-0.0595
 0.0529
 0.1358
 0.1763
 0.1574
 0.0726
-0.0348
-0.1109
-0.1571
-0.1550
-0.0755
 0.0396
 0.1226
 0.1725
 0.1776
 0.1079
-0.0128
-0.1026
-0.1507
-0.1494
-0.0856
 0.0207
 0.1106
 0.1661
 0.1864
 0.1353
 0.0239
-0.0774
-0.1388
-0.1614
-0.1151
-0.0027
 0.1042
 0.1675
 0.1864
 0.1523
 0.0505
-0.0572
-0.1132
-0.1380
-0.1233
-0.0412
 0.0803
 0.1529
 0.1864
 0.1744
 0.0835
-0.0316
-0.1082
-0.1499
-0.1398
-0.0641
 0.0492
 0.1244
 0.1699
 0.1661
 0.0960
-0.0237
-0.1164
-0.1558
-0.1664
-0.1077
 0.0189
 0.1188
 0.1638
 0.1707
 0.1226
 0.0194
-0.0867
-0.1425
-0.1590
-0.1260
-0.0141
 0.0968
 0.1486
 0.1669
 0.1313
 0.0354
-0.0646
-0.1297
-0.1701
-0.1481
-0.0521
 0.0625
 0.1372
 0.1624
 0.1404
 0.0556
-0.0582
-0.1292
-0.1571
-0.1462
-0.0683
 0.0505
 0.1281
 0.1648
 0.1560
 0.0840
-0.0287
-0.1140
-0.1600
-0.1550
-0.0944
 0.0106
 0.0992
 0.1523
 0.1555
 0.0946
-0.0173
-0.1095
-0.1632
-0.1760
-0.1279
-0.0183
 0.0744
 0.1271
 0.1486
 0.1143
 0.0152
-0.0867
-0.1526
-0.1784
-0.1457
-0.0457
 0.0657
 0.1313
 0.1529
 0.1276
 0.0391
-0.0696
-0.1475
-0.1784
-0.1539
-0.0590
 0.0455
 0.1124
 0.1560
 0.1409
 0.0689
-0.0348
-0.1114
-0.1550
-0.1518
-0.0829
 0.0258
 0.1138
 0.1574
 0.1560
 0.1023
-0.0109
-0.0968
-0.1526
-0.1632
-0.1095
 0.0037
 0.0968
 0.1446
 0.1656
 0.1202
 0.0138
-0.0938
-0.1582
-0.1683
-0.1273
-0.0247
 0.0813
 0.1358
 0.1630
 0.1409
 0.0455
-0.0673
-0.1398
-0.1677
-0.1438
-0.0577
 0.0455
 0.1162
 0.1568
 0.1459
 0.0731
-0.0388
-0.1228
-0.1622
-0.1614
-0.0930
 0.0221
 0.0997
 0.1454
 0.1486
 0.0726
-0.0444
-0.1348
-0.1856
-0.1856
-0.1233
-0.0064
 0.0859
 0.1390
 0.1396
 0.0896
-0.0210
-0.1204
-0.1677
-0.1885
-0.1412
-0.0316
 0.0675
 0.1335
 0.1529
 0.1202
 0.0263
-0.0829
-0.1545
-0.1747
-0.1425
-0.0457
 0.0694
 0.1308
 0.1574
 0.1515
 0.0744
-0.0526
-0.1311
-0.1696
-0.1608
-0.0755
 0.0404
 0.1175
 0.1648
 0.1630
 0.0904
-0.0128
-0.0994
-0.1582
-0.1590
-0.1013
 0.0144
 0.1143
 0.1638
 0.1781
 0.1295
 0.0130
-0.0784
-0.1356
-0.1467
-0.1058
-0.0058
 0.1005
 0.1491
 0.1656
 0.1327
 0.0359
-0.0654
-0.1279
-0.1518
-0.1260
-0.0223
 0.0864
 0.1486
 0.1821
 0.1592
 0.0720
-0.0311
-0.1082
-0.1494
-0.1297
-0.0425
 0.0726
 0.1454
 0.1840
 0.1821
 0.1124
 0.0061
-0.0723
-0.1273
-0.1279
-0.0526
 0.0574
 0.1491
 0.1935
 0.1986
 0.1372
 0.0221
-0.0734
-0.1196
-0.1297
-0.0816
 0.0234
 0.1244
 0.1858
 0.2010
 0.1547
 0.0468
-0.0540
-0.1122
-0.1305
-0.1000
-0.0027
 0.1023
 0.1587
 0.1895
 0.1675
 0.0744
-0.0338
-0.1127
-0.1550
-0.1356
-0.0449
 0.0638
 0.1436
 0.1845
 0.1661
 0.0827
-0.0338
-0.1132
-0.1489
-0.1388
-0.0654
 0.0497
 0.1308
 0.1757
 0.1752
 0.1093
-0.0032
-0.0875
-0.1297
-0.1316
-0.0816
 0.0271
 0.1257
 0.1776
 0.1954
 0.1523
 0.0460
-0.0603
-0.1196
-0.1305
-0.0861
 0.0080
 0.1156
 0.1757
 0.1965
 0.1693
 0.0731
-0.0399
-0.1058
-0.1361
-0.1183
-0.0306
 0.0752
 0.1529
 0.1882
 0.1688
 0.0853
-0.0215
-0.0989
-0.1342
-0.1233
-0.0633
 0.0492
 0.1404
 0.1864
 0.1813
 0.1087
-0.0021
-0.0949
-0.1425
-0.1449
-0.0899
 0.0213
 0.1170
 0.1707
 0.1821
 0.1478
 0.0518
-0.0577
-0.1146
-0.1348
-0.0875
 0.0181
 0.1138
 0.1757
 0.1922
 0.1579
 0.0643
-0.0463
-0.1071
-0.1356
-0.1127
-0.0173
 0.0973
 0.1630
 0.2023
 0.1802
 0.0891
-0.0306
-0.1026
-0.1305
-0.1228
-0.0407
 0.0795
 0.1568
 0.1872
 0.1832
 0.1180
 0.0019
-0.0899
-0.1417
-0.1494
-0.0760
 0.0497
 0.1358
 0.1789
 0.1763
 0.1263
 0.0263
-0.0816
-0.1361
-0.1467
-0.1013
 0.0088
 0.1087
 0.1675
 0.1832
 0.1436
 0.0468
-0.0564
-0.1279
-0.1449
-0.1178
-0.0261
 0.0872
 0.1547
 0.1794
 0.1568
 0.0611
-0.0532
-0.1164
-0.1531
-0.1356
-0.0481
 0.0675
 0.1414
 0.1770
 0.1661
 0.0872
-0.0247
-0.1000
-0.1444
-0.1489
-0.0824
 0.0295
 0.1257
 0.1744
 0.1669
 0.1212
 0.0162
-0.0880
-0.1425
-0.1513
-0.1013
 0.0074
 0.1098
 0.1630
 0.1763
 0.1404
 0.0377
-0.0564
-0.1127
-0.1361
-0.0938
 0.0112
 0.1226
 0.1776
 0.2004
 0.1770
 0.0752
-0.0407
-0.1058
-0.1305
-0.1077
-0.0279
 0.0776
 0.1574
 0.1986
 0.1864
 0.1042
-0.0090
-0.0880
-0.1324
-0.1329
-0.0659
 0.0593
 0.1441
 0.1840
 0.1895
 0.1207
 0.0080
-0.0747
-0.1279
-0.1412
-0.0875
 0.0152
 0.1119
 0.1712
 0.1802
 0.1377
 0.0346
-0.0627
-0.1196
-0.1481
-0.1114
-0.0082
 0.0968
 0.1598
 0.1858
 0.1505
 0.0619
-0.0348
-0.1077
-0.1366
-0.1122
-0.0223
 0.0808
 0.1491
 0.1903
 0.1699
 0.0758
-0.0255
-0.0949
-0.1417
-0.1342
-0.0595
 0.0510
 0.1404
 0.1731
 0.1643
 0.1023
-0.0096
-0.1008
-0.1462
-0.1513
-0.0861
 0.0226
 0.1018
 0.1478
 0.1643
 0.1226
 0.0112
-0.0875
-0.1348
-0.1558
-0.1196
-0.0077
 0.0885
 0.1537
 0.1864
 0.1390
 0.0423
-0.0590
-0.1260
-0.1475
-0.1233
-0.0229
 0.0973
 0.1560
 0.1821
 0.1661
 0.0689
-0.0412
-0.1063
-0.1444
-0.1324
-0.0545
 0.0625
 0.1303
 0.1744
 0.1763
 0.1010
-0.0072
-0.0989
-0.1467
-0.1507
-0.0907
 0.0263
 0.1138
 0.1619
 0.1712
 0.1143
 0.0112
-0.0899
-0.1444
-0.1550
-0.1082
-0.0008
 0.0986
 0.1606
 0.1725
 0.1335
 0.0455
-0.0627
-0.1356
-0.1600
-0.1316
-0.0356
 0.0707
 0.1390
 0.1624
 0.1372
 0.0580
-0.0633
-0.1279
-0.1576
-0.1518
-0.0614
 0.0537
 0.1303
 0.1776
 0.1661
 0.0872
-0.0255
-0.1045
-0.1550
-0.1545
-0.0837
 0.0284
 0.1098
 0.1560
 0.1630
 0.1047
 0.0000
-0.0888
-0.1356
-0.1449
-0.0949
 0.0152
 0.1111
 0.1680
 0.1821
 0.1377
 0.0417
-0.0572
-0.1255
-0.1417
-0.1090
-0.0173
 0.0896
 0.1542
 0.1802
 0.1568
 0.0606
-0.0558
-0.1223
-0.1558
-0.1417
-0.0545
 0.0625
 0.1303
 0.1707
 0.1661
 0.0864
-0.0287
-0.1090
-0.1499
-0.1438
-0.0646
 0.0473
 0.1313
 0.1587
 0.1587
 0.1005
-0.0128
-0.0944
-0.1430
-0.1531
-0.1008
 0.0106
 0.1143
 0.1592
 0.1688
 0.1281
 0.0152
-0.0798
-0.1412
-0.1531
-0.1127
-0.0173
 0.0752
 0.1340
 0.1568
 0.1231
 0.0322
-0.0798
-0.1438
-0.1728
-0.1590
-0.0715
 0.0391
 0.1087
 0.1422
 0.1303
 0.0542
-0.0572
-0.1412
-0.1848
-0.1760
-0.0899
 0.0340
 0.1170
 0.1473
 0.1428
 0.0821
-0.0242
-0.1101
-0.1526
-0.1563
-0.1013
 0.0138
 0.1061
 0.1579
 0.1606
 0.1074
 0.0019
-0.0930
-0.1449
-0.1632
-0.1215
-0.0128
 0.0960
 0.1478
 0.1661
 0.1358
 0.0346
-0.0723
-0.1342
-0.1627
-0.1412
-0.0425
 0.0662
 0.1340
 0.1624
 0.1465
 0.0569
-0.0577
-0.1279
-0.1489
-0.1297
-0.0564
 0.0611
 0.1358
 0.1688
 0.1680
 0.1069
-0.0096
-0.0957
-0.1430
-0.1531
-0.0888
 0.0327
 0.1194
 0.1725
 0.1794
 0.1194
 0.0120
-0.0843
-0.1366
-0.1494
-0.0968
 0.0144
 0.1130
 0.1648
 0.1752
 0.1385
 0.0377
-0.0683
-0.1305
-0.1518
-0.1196
-0.0114
 0.0968
 0.1587
 0.1877
 0.1656
 0.0795
-0.0388
-0.1127
-0.1342
-0.1178
-0.0388
 0.0712
 0.1441
 0.1752
 0.1648
 0.0909
-0.0197
-0.0968
-0.1398
-0.1388
-0.0696
 0.0460
 0.1377
 0.1757
 0.1813
 0.1188
 0.0024
-0.0779
-0.1260
-0.1398
-0.0856
 0.0162
 0.1055
 0.1574
 0.1725
 0.1289
 0.0234
-0.0742
-0.1316
-0.1449
-0.1122
-0.0178
 0.0928
 0.1537
 0.1739
 0.1414
 0.0473
-0.0550
-0.1292
-0.1489
-0.1265
-0.0380
 0.0739
 0.1372
 0.1648
 0.1529
 0.0835
-0.0306
-0.1109
-0.1513
-0.1507
-0.0811
 0.0359
 0.1207
 0.1555
 0.1478
 0.0859
-0.0237
-0.1008
-0.1513
-0.1622
-0.0949
 0.0112
 0.1175
 0.1630
 0.1611
 0.1252
 0.0276
-0.0774
-0.1233
-0.1366
-0.1026
 0.0005
 0.1093
 0.1661
 0.1845
 0.1587
 0.0638
-0.0471
-0.1132
-0.1374
-0.1101
-0.0160
 0.0960
 0.1630
 0.1903
 0.1720
 0.0973
-0.0122
-0.0867
-0.1292
-0.1311
-0.0425
 0.0813
 0.1529
 0.1882
 0.1882
 0.1188
 0.0157
-0.0760
-0.1260
-0.1260
-0.0766
 0.0391
 0.1372
 0.1832
 0.1826
 0.1377
 0.0308
-0.0683
-0.1178
-0.1335
-0.0867
 0.0157
 0.1079
 0.1619
 0.1864
 0.1478
 0.0391
-0.0627
-0.1305
-0.1600
-0.1374
-0.0388
 0.0739
 0.1340
 0.1699
 0.1568
 0.0694
-0.0407
-0.1172
-0.1563
-0.1526
-0.0774
 0.0327
 0.1098
 0.1505
 0.1436
 0.0694
-0.0367
-0.1215
-0.1608
-0.1627
-0.1090
 0.0005
 0.0877
 0.1454
 0.1505
 0.1010
-0.0133
-0.1140
-0.1640
-0.1856
-0.1398
-0.0292
 0.0726
 0.1188
 0.1327
 0.1005
 0.0024
-0.0907
-0.1627
-0.1930
-0.1595
-0.0683
 0.0428
 0.1143
 0.1231
 0.0946
 0.0130
-0.0981
-0.1792
-0.2246
-0.2164
-0.1393
-0.0348
 0.0308
 0.0625
 0.0486
-0.0380
-0.1494
-0.2302
-0.2823
-0.2823
-0.2145
-0.1026
-0.0173
 0.0175
 0.0093
-0.0508
-0.1361
-0.2209
-0.2852
-0.3017
-0.2507
-0.1406
-0.0338
 0.0189
 0.0322
-0.0072
-0.1058
-0.1999
-0.2658
-0.2773
-0.2393
-0.1430
-0.0292
 0.0303
 0.0479
 0.0284
-0.0609
-0.1550
-0.2196
-0.2507
-0.2297
-0.1406
-0.0247
 0.0524
 0.0891
 0.0643
-0.0122
-0.1146
-0.1879
-0.2183
-0.2082
-0.1406
-0.0306
 0.0569
 0.0954
 0.0978
 0.0404
-0.0723
-0.1608
-0.2082
-0.2151
-0.1518
-0.0481
 0.0417
 0.1029
 0.1226
 0.0707
-0.0316
-0.1191
-0.1691
-0.1760
-0.1430
-0.0463
 0.0611
 0.1130
 0.1335
 0.1005
 0.0019
-0.1008
-0.1600
-0.1885
-0.1664
-0.0715
 0.0346
 0.1087
 0.1404
 0.1308
 0.0510
-0.0526
-0.1255
-0.1651
-0.1640
-0.0888
 0.0276
 0.1055
 0.1289
 0.1321
 0.0771
-0.0338
-0.1178
-0.1659
-0.1701
-0.1146
 0.0019
 0.1010
 0.1497
 0.1574
 0.1079
 0.0019
-0.0861
-0.1481
-0.1672
-0.1215
-0.0160
 0.0808
 0.1335
 0.1611
 0.1257
 0.0377
-0.0582
-0.1316
-0.1539
-0.1316
-0.0439
 0.0619
 0.1289
 0.1587
 0.1372
 0.0611
-0.0439
-0.1159
-0.1622
-0.1563
-0.0734
 0.0364
 0.1170
 0.1523
 0.1560
 0.0954
-0.0338
-0.1159
-0.1571
-0.1582
-0.0848
 0.0194
 0.1018
 0.1491
 0.1560
 0.1055
-0.0021
-0.0888
-0.1457
-0.1651
-0.1122
-0.0154
 0.0891
 0.1465
 0.1574
 0.1188
 0.0157
-0.0843
-0.1425
-0.1691
-0.1430
-0.0508
 0.0524
 0.1226
 0.1510
 0.1257
 0.0391
-0.0728
-0.1425
-0.1778
-0.1627
-0.0792
 0.0290
 0.1055
 0.1491
 0.1313
 0.0510
-0.0603
-0.1398
-0.1797
-0.1715
-0.1013
 0.0144
 0.1018
 0.1404
 0.1446
 0.0891
-0.0165
-0.1058
-0.1600
-0.1701
-0.1172
-0.0109
 0.0853
 0.1465
 0.1587
 0.1194
 0.0239
-0.0824
-0.1531
-0.1765
-0.1380
-0.0375
 0.0643
 0.1202
 0.1396
 0.1207
 0.0303
-0.0779
-0.1430
-0.1816
-0.1590
-0.0843
 0.0391
 0.1180
 0.1414
 0.1340
 0.0601
-0.0481
-0.1425
-0.1805
-0.1715
-0.0938
 0.0234
 0.1069
 0.1555
 0.1505
 0.0896
-0.0237
-0.1021
-0.1444
-0.1608
-0.1039
 0.0093
 0.1047
 0.1579
 0.1598
 0.1175
 0.0120
-0.0875
-0.1430
-0.1622
-0.1050
 0.0019
 0.0928
 0.1560
 0.1789
 0.1404
 0.0391
-0.0665
-0.1361
-0.1672
-0.1475
-0.0489
 0.0731
 0.1396
 0.1656
 0.1537
 0.0763
-0.0362
-0.1063
-0.1366
-0.1324
-0.0564
 0.0574
 0.1340
 0.1731
 0.1680
 0.0968
-0.0154
-0.0962
-0.1380
-0.1438
-0.0888
 0.0175
 0.1079
 0.1529
 0.1630
 0.1156
 0.0080
-0.0856
-0.1366
-0.1550
-0.1172
-0.0210
 0.0813
 0.1390
 0.1579
 0.1289
 0.0276
-0.0824
-0.1417
-0.1640
-0.1489
-0.0558
 0.0537
 0.1252
 0.1491
 0.1207
 0.0308
-0.0816
-0.1558
-0.1861
-0.1672
-0.0875
 0.0245
 0.1061
 0.1340
 0.1308
 0.0529
-0.0545
-0.1265
-0.1784
-0.1866
-0.1146
 0.0019
 0.0675
 0.1093
 0.1289
 0.0638
-0.0545
-0.1518
-0.2113
-0.2278
-0.1885
-0.0962
-0.0021
 0.0497
 0.0689
 0.0303
-0.0728
-0.1874
-0.2462
-0.2595
-0.2228
-0.1335
-0.0380
 0.0175
 0.0505
 0.0372
-0.0550
-0.1608
-0.2297
-0.2728
-0.2531
-0.1691
-0.0572
 0.0271
 0.0694
 0.0625
-0.0160
-0.1260
-0.2113
-0.2456
-0.2355
-0.1701
-0.0577
 0.0234
 0.0712
 0.0771
 0.0245
-0.0856
-0.1784
-0.2233
-0.2355
-0.1874
-0.0811
 0.0189
 0.0752
 0.0978
 0.0518
-0.0439
-0.1430
-0.2159
-0.2273
-0.1856
-0.0856
 0.0346
 0.1010
 0.1180
 0.1037
 0.0061
-0.1058
-0.1672
-0.1967
-0.1741
-0.0856
 0.0245
 0.0928
 0.1321
 0.1151
 0.0303
-0.0742
-0.1513
-0.1866
-0.1723
-0.0925
 0.0213
 0.1042
 0.1473
 0.1436
 0.0808
-0.0210
-0.1095
-0.1545
-0.1646
-0.1151
 0.0005
 0.0968
 0.1497
 0.1542
 0.1098
 0.0043
-0.0938
-0.1449
-0.1677
-0.1265
-0.0247
 0.0936
 0.1598
 0.1680
 0.1465
 0.0569
-0.0439
-0.1132
-0.1425
-0.1140
-0.0311
 0.0752
 0.1441
 0.1752
 0.1606
 0.0859
-0.0223
-0.1050
-0.1449
-0.1342
-0.0564
 0.0588
 0.1390
 0.1776
 0.1725
 0.0986
-0.0141
-0.0962
-0.1406
-0.1444
-0.0824
 0.0253
 0.1087
 0.1542
 0.1731
 0.1321
 0.0234
-0.0798
-0.1329
-0.1398
-0.1063
-0.0146
 0.1055
 0.1688
 0.1872
 0.1459
 0.0479
-0.0558
-0.1122
-0.1380
-0.1101
-0.0266
 0.0821
 0.1510
 0.1813
 0.1693
 0.0803
-0.0237
-0.1050
-0.1374
-0.1335
-0.0532
 0.0643
 0.1446
 0.1845
 0.1752
 0.1111
-0.0114
-0.0981
-0.1292
-0.1279
-0.0595
 0.0601
 0.1385
 0.1744
 0.1858
 0.1340
 0.0322
-0.0678
-0.1284
-0.1297
-0.0957
 0.0245
 0.1023
 0.1428
 0.1744
 0.1244
 0.0314
-0.0577
-0.1292
-0.1558
-0.1101
-0.0160
 0.0877
 0.1364
 0.1560
 0.1436
 0.0569
-0.0471
-0.1095
-0.1545
-0.1438
-0.0659
 0.0364
 0.1271
 0.1669
 0.1542
 0.0790
-0.0316
-0.1114
-0.1590
-0.1640
-0.0930
 0.0245
 0.1029
 0.1263
 0.1276
 0.0853
-0.0261
-0.1223
-0.1755
-0.1805
-0.1342
-0.0279
 0.0731
 0.1180
 0.1409
 0.1069
-0.0021
-0.1021
-0.1545
-0.1805
-0.1467
-0.0540
 0.0548
 0.1244
 0.1560
 0.1244
 0.0234
-0.0893
-0.1600
-0.1709
-0.1526
-0.0861
 0.0181
 0.1098
 0.1491
 0.1239
 0.0574
-0.0513
-0.1356
-0.1672
-0.1646
-0.1026
 0.0194
 0.1010
 0.1353
 0.1313
 0.0864
-0.0255
-0.1151
-0.1457
-0.1539
-0.1026
 0.0080
 0.0946
 0.1396
 0.1619
 0.1124
 0.0005
-0.0962
-0.1444
-0.1709
-0.1297
-0.0367
 0.0662
 0.1396
 0.1643
 0.1364
 0.0404
-0.0710
-0.1297
-0.1558
-0.1305
-0.0266
 0.0859
 0.1478
 0.1675
 0.1574
 0.0726
-0.0439
-0.1090
-0.1550
-0.1348
-0.0564
 0.0548
 0.1491
 0.1914
 0.1895
 0.1202
 0.0061
-0.0755
-0.1361
-0.1366
-0.0755
 0.0276
 0.1289
 0.1739
 0.1744
 0.1353
 0.0276
-0.0614
-0.1223
-0.1526
-0.1063
 0.0000
 0.1010
 0.1560
 0.1872
 0.1587
 0.0447
-0.0449
-0.0899
-0.1255
-0.1031
-0.0274
 0.0752
 0.1537
 0.1781
 0.1587
 0.0840
-0.0165
-0.0989
-0.1348
-0.1132
-0.0338
 0.0813
 0.1537
 0.1840
 0.1699
 0.0997
-0.0053
-0.0811
-0.1151
-0.1260
-0.0715
 0.0377
 0.1271
 0.1720
 0.1770
 0.1180
 0.0069
-0.0917
-0.1507
-0.1531
-0.1026
-0.0114
 0.1042
 0.1630
 0.1776
 0.1372
 0.0385
-0.0489
-0.1058
-0.1356
-0.1095
-0.0128
 0.0891
 0.1377
 0.1680
 0.1491
 0.0651
-0.0375
-0.1191
-0.1449
-0.1273
-0.0439
 0.0643
 0.1465
 0.1903
 0.1693
 0.1018
-0.0064
-0.0848
-0.1297
-0.1292
-0.0609
 0.0468
 0.1244
 0.1669
 0.1731
 0.1138
 0.0056
-0.0805
-0.1297
-0.1393
-0.0734
 0.0346
 0.1239
 0.1630
 0.1781
 0.1345
 0.0284
-0.0659
-0.1356
-0.1563
-0.1172
-0.0122
 0.0968
 0.1505
 0.1712
 0.1414
 0.0556
-0.0500
-0.1223
-0.1526
-0.1215
-0.0205
 0.0795
