-0.1023
-0.0899
-0.0675
-0.0468
-0.0082
 0.0428
 0.0460
 0.0290
 0.0088
-0.0348
-0.0816
-0.0899
-0.0739
-0.0550
-0.0191
 0.0340
 0.0542
 0.0415
 0.0061
-0.0348
-0.0752
-0.0848
-0.0564
-0.0518
-0.0316
 0.0157
 0.0516
 0.0473
 0.0263
-0.0064
-0.0574
-0.1000
-0.0835
-0.0606
-0.0431
 0.0048
 0.0497
 0.0524
 0.0340
-0.0077
-0.0633
-0.1023
-0.0936
-0.0784
-0.0449
 0.0048
 0.0473
 0.0580
 0.0401
 0.0149
-0.0335
-0.0747
-0.0821
-0.0758
-0.0537
-0.0178
 0.0314
 0.0473
 0.0409
 0.0271
-0.0101
-0.0574
-0.0734
-0.0545
-0.0412
-0.0141
 0.0359
 0.0598
 0.0534
 0.0372
 0.0000
-0.0545
-0.0821
-0.0689
-0.0505
-0.0242
 0.0181
 0.0548
 0.0452
 0.0271
-0.0090
-0.0689
-0.1010
-0.0949
-0.0821
-0.0476
-0.0021
 0.0441
 0.0452
 0.0290
-0.0013
-0.0625
-0.1050
-0.1101
-0.0954
-0.0670
-0.0348
 0.0149
 0.0300
 0.0106
-0.0051
-0.0537
-0.1061
-0.1124
-0.0917
-0.0790
-0.0404
 0.0125
 0.0409
 0.0258
-0.0058
-0.0455
-0.0867
-0.1180
-0.1079
-0.0885
-0.0588
-0.0027
 0.0282
 0.0157
-0.0040
-0.0404
-0.0922
-0.1263
-0.1175
-0.0928
-0.0771
-0.0385
-0.0027
-0.0008
-0.0253
-0.0675
-0.1074
-0.1441
-0.1396
-0.1226
-0.0936
-0.0444
-0.0101
-0.0058
-0.0183
-0.0455
-0.0798
-0.1244
-0.1441
-0.1212
-0.1037
-0.0790
-0.0354
-0.0173
-0.0234
-0.0500
-0.0877
-0.1276
-0.1579
-0.1428
-0.1170
-0.0835
-0.0367
-0.0082
-0.0141
-0.0298
-0.0747
-0.1226
-0.1497
-0.1372
-0.1220
-0.1010
-0.0545
-0.0210
-0.0173
-0.0303
-0.0574
-0.1037
-0.1529
-0.1523
-0.1332
-0.1050
-0.0595
-0.0266
-0.0292
-0.0362
-0.0606
-0.0949
-0.1382
-0.1515
-0.1276
-0.1079
-0.0726
-0.0223
-0.0008
-0.0101
-0.0311
-0.0675
-0.1170
-0.1433
-0.1244
-0.0992
-0.0683
-0.0223
 0.0093
-0.0013
-0.0215
-0.0574
-0.1130
-0.1441
-0.1350
-0.1101
-0.0776
-0.0247
 0.0098
 0.0130
-0.0008
-0.0223
-0.0696
-0.1188
-0.1138
-0.0899
-0.0657
-0.0178
 0.0300
 0.0391
 0.0226
-0.0109
-0.0505
-0.0872
-0.1042
-0.0784
-0.0494
-0.0146
 0.0441
 0.0593
 0.0391
 0.0170
-0.0165
-0.0739
-0.0949
-0.0771
-0.0545
-0.0165
 0.0327
 0.0598
 0.0479
 0.0314
-0.0090
-0.0619
-0.0835
-0.0657
-0.0468
-0.0109
 0.0447
 0.0694
 0.0712
 0.0510
 0.0112
-0.0348
-0.0752
-0.0702
-0.0545
-0.0247
 0.0189
 0.0622
 0.0744
 0.0593
 0.0221
-0.0242
-0.0633
-0.0752
-0.0569
-0.0247
 0.0221
 0.0686
 0.0723
 0.0484
 0.0239
-0.0114
-0.0545
-0.0715
-0.0505
-0.0292
 0.0005
 0.0529
 0.0782
 0.0598
 0.0346
 0.0029
-0.0455
-0.0726
-0.0601
-0.0537
-0.0109
 0.0447
 0.0649
 0.0534
 0.0465
 0.0226
-0.0330
-0.0689
-0.0657
-0.0417
-0.0090
 0.0383
 0.0813
 0.0768
 0.0649
 0.0332
-0.0133
-0.0486
-0.0545
-0.0335
-0.0165
 0.0226
 0.0712
 0.0768
 0.0643
 0.0452
 0.0024
-0.0526
-0.0665
-0.0505
-0.0292
 0.0112
 0.0635
 0.0851
 0.0649
 0.0460
 0.0098
-0.0494
-0.0747
-0.0574
-0.0463
-0.0160
 0.0351
 0.0654
 0.0593
 0.0401
 0.0080
-0.0412
-0.0798
-0.0734
-0.0569
-0.0311
 0.0245
 0.0649
 0.0731
 0.0460
 0.0497
 0.0112
-0.0899
-0.0954
-0.0808
-0.0431
 0.0120
 0.0883
 0.1026
 0.0795
 0.0534
-0.0146
-0.0909
-0.1050
-0.0904
-0.0564
 0.0080
 0.0819
 0.1053
 0.0957
 0.0611
 0.0019
-0.0707
-0.1087
-0.1023
-0.0752
-0.0178
 0.0542
 0.0984
 0.1016
 0.0800
 0.0346
-0.0380
-0.0941
-0.0872
-0.0689
-0.0303
 0.0377
 0.0957
 0.0989
 0.0774
 0.0199
-0.0444
-0.0936
-0.0960
-0.0734
-0.0316
 0.0346
 0.0976
 0.1204
 0.1071
 0.0643
-0.0058
-0.0758
-0.1010
-0.0752
-0.0380
 0.0245
 0.0976
 0.1117
 0.1016
 0.0731
 0.0125
-0.0657
-0.0973
-0.0776
-0.0537
 0.0037
 0.0704
 0.1085
 0.1085
 0.0774
 0.0199
-0.0476
-0.0885
-0.0821
-0.0614
-0.0160
 0.0580
 0.1103
 0.1159
 0.1021
 0.0415
-0.0292
-0.0784
-0.0835
-0.0646
-0.0303
 0.0447
 0.0965
 0.1071
 0.0952
 0.0516
-0.0160
-0.0790
-0.0941
-0.0790
-0.0292
 0.0372
 0.1053
 0.1337
 0.1140
 0.0819
 0.0181
-0.0545
-0.0853
-0.0739
-0.0468
 0.0056
 0.0883
 0.1236
 0.1140
 0.0896
 0.0314
-0.0455
-0.0922
-0.0798
-0.0569
-0.0077
 0.0593
 0.1066
 0.1098
 0.0864
 0.0383
-0.0311
-0.0859
-0.0877
-0.0689
-0.0412
 0.0332
 0.1002
 0.1026
 0.0875
 0.0447
-0.0247
-0.0877
-0.1023
-0.0859
-0.0500
 0.0327
 0.1039
 0.1159
 0.0989
 0.0598
-0.0040
-0.0776
-0.1000
-0.0803
-0.0526
 0.0029
 0.0837
 0.1071
 0.0946
 0.0686
 0.0207
-0.0537
-0.0917
-0.0771
-0.0633
-0.0141
 0.0718
 0.1305
 0.1204
 0.1016
 0.0585
-0.0141
-0.0696
-0.0702
-0.0463
-0.0027
 0.0837
 0.1425
 0.1369
 0.1210
 0.0694
-0.0096
-0.0646
-0.0776
-0.0665
-0.0274
 0.0377
 0.1021
 0.1071
 0.0970
 0.0795
 0.0048
-0.0657
-0.0821
-0.0702
-0.0417
 0.0231
 0.1008
 0.1348
 0.1204
 0.0856
 0.0239
-0.0380
-0.0758
-0.0696
-0.0316
 0.0149
 0.0907
 0.1324
 0.1204
 0.0984
 0.0460
-0.0311
-0.0872
-0.0689
-0.0444
 0.0056
 0.0837
 0.1348
 0.1406
 0.1122
 0.0622
-0.0114
-0.0798
-0.0784
-0.0614
-0.0324
 0.0340
 0.0901
 0.0976
 0.0813
 0.0322
-0.0292
-0.0867
-0.1050
-0.0928
-0.0532
 0.0144
 0.0896
 0.1186
 0.0989
 0.0704
 0.0037
-0.0739
-0.1138
-0.0968
-0.0574
-0.0090
 0.0542
 0.0938
 0.0901
 0.0667
 0.0213
-0.0550
-0.1037
-0.0992
-0.0808
-0.0234
 0.0529
 0.1034
 0.1039
 0.0763
 0.0327
-0.0375
-0.1050
-0.1023
-0.0885
-0.0468
 0.0364
 0.0997
 0.0997
 0.0907
 0.0460
-0.0202
-0.0803
-0.0899
-0.0683
-0.0335
 0.0322
 0.1034
 0.1178
 0.0970
 0.0654
 0.0024
-0.0739
-0.1050
-0.0922
-0.0574
 0.0088
 0.0914
 0.1172
 0.1071
 0.0795
 0.0231
-0.0417
-0.0909
-0.0840
-0.0494
-0.0045
 0.0667
 0.1167
 0.1236
 0.1002
 0.0492
-0.0261
-0.0835
-0.0867
-0.0625
-0.0215
 0.0465
 0.1228
 0.1297
 0.1058
 0.0673
-0.0077
-0.0739
-0.0867
-0.0651
-0.0316
 0.0290
 0.1066
 0.1223
 0.1047
 0.0643
 0.0019
-0.0614
-0.0747
-0.0646
-0.0417
 0.0221
 0.0957
 0.1236
 0.1140
 0.0896
 0.0295
-0.0513
-0.0928
-0.0784
-0.0582
-0.0096
 0.0681
 0.0976
 0.0997
 0.0819
 0.0250
-0.0431
-0.0968
-0.0877
-0.0675
-0.0261
 0.0502
 0.1148
 0.1127
 0.0869
 0.0396
-0.0367
-0.1010
-0.1010
-0.0867
-0.0588
 0.0149
 0.0819
 0.1016
 0.0938
 0.0681
-0.0072
-0.0867
-0.0973
-0.0803
-0.0518
 0.0098
 0.0875
 0.1154
 0.1002
 0.0617
-0.0008
-0.0827
-0.1231
-0.1093
-0.0840
-0.0348
 0.0428
 0.0933
 0.0856
 0.0598
 0.0080
-0.0752
-0.1257
-0.1231
-0.1029
-0.0486
 0.0263
 0.0837
 0.0819
 0.0548
 0.0080
-0.0657
-0.1239
-0.1180
-0.0936
-0.0683
-0.0032
 0.0774
 0.0896
 0.0813
 0.0383
-0.0431
-0.1101
-0.1180
-0.1037
-0.0707
-0.0045
 0.0731
 0.0984
 0.0824
 0.0534
-0.0114
-0.0891
-0.1143
-0.1010
-0.0696
-0.0165
 0.0681
 0.1167
 0.0984
 0.0718
 0.0106
-0.0702
-0.1170
-0.1061
-0.0790
-0.0335
 0.0364
 0.0832
 0.0851
 0.0686
 0.0258
-0.0526
-0.1138
-0.1106
-0.0872
-0.0385
 0.0327
 0.0946
 0.1047
 0.0800
 0.0473
-0.0330
-0.1069
-0.1138
-0.0949
-0.0513
 0.0199
 0.0952
 0.1127
 0.0875
 0.0510
 0.0061
-0.0720
-0.0968
-0.0835
-0.0545
 0.0011
 0.0782
 0.1135
 0.0907
 0.0673
 0.0048
-0.0726
-0.1074
-0.0978
-0.0766
-0.0354
 0.0502
 0.0976
 0.1002
 0.0795
 0.0245
-0.0481
-0.1162
-0.1180
-0.0909
-0.0526
 0.0250
 0.0805
 0.0869
 0.0704
 0.0372
-0.0367
-0.1101
-0.1244
-0.1093
-0.0651
 0.0037
 0.0782
 0.0965
 0.0723
 0.0396
-0.0279
-0.0973
-0.1257
-0.1194
-0.0784
-0.0114
 0.0736
 0.1047
 0.0896
 0.0630
 0.0056
-0.0715
-0.1087
-0.0968
-0.0657
-0.0191
 0.0553
 0.1127
 0.1047
 0.0805
 0.0300
-0.0537
-0.1023
-0.0986
-0.0771
-0.0375
 0.0391
 0.1016
 0.1008
 0.0845
 0.0428
-0.0303
-0.0954
-0.1050
-0.0707
-0.0324
 0.0372
 0.1053
 0.1159
 0.1053
 0.0593
-0.0082
-0.0848
-0.1055
-0.0922
-0.0494
 0.0106
 0.0813
 0.1199
 0.0933
 0.0667
 0.0144
-0.0638
-0.1023
-0.0917
-0.0606
-0.0122
 0.0649
 0.1191
 0.1191
 0.0824
 0.0276
-0.0455
-0.0872
-0.0808
-0.0588
-0.0082
 0.0686
 0.1218
 0.1191
 0.1026
 0.0516
-0.0234
-0.0784
-0.0835
-0.0657
-0.0266
 0.0553
 0.1228
 0.1279
 0.1135
 0.0750
 0.0037
-0.0696
-0.0922
-0.0867
-0.0513
 0.0125
 0.0864
 0.1122
 0.0957
 0.0686
-0.0008
-0.0922
-0.1106
-0.0771
-0.0574
-0.0072
 0.0782
 0.1148
 0.1058
 0.0864
 0.0346
-0.0537
-0.1023
-0.1005
-0.0766
-0.0178
 0.0622
 0.1167
 0.1135
 0.0984
 0.0479
-0.0284
-0.0877
-0.0960
-0.0798
-0.0343
 0.0391
 0.0901
 0.1090
 0.0851
 0.0322
-0.0348
-0.0986
-0.1151
-0.1042
-0.0715
-0.0077
 0.0649
 0.0997
 0.0805
 0.0428
-0.0183
-0.0885
-0.1138
-0.1037
-0.0739
-0.0064
 0.0704
 0.1026
 0.0933
 0.0611
-0.0008
-0.0790
-0.1106
-0.0992
-0.0726
-0.0247
 0.0465
 0.0957
 0.0957
 0.0787
 0.0290
-0.0449
-0.1042
-0.1018
-0.0827
-0.0367
 0.0383
 0.1016
 0.1109
 0.0875
 0.0359
-0.0348
-0.0899
-0.1061
-0.0885
-0.0476
 0.0106
 0.0795
 0.1026
 0.0851
 0.0502
-0.0114
-0.0949
-0.1188
-0.1101
-0.0675
-0.0082
 0.0643
 0.1090
 0.0856
 0.0502
-0.0027
-0.0784
-0.1244
-0.1124
-0.0853
-0.0362
 0.0479
 0.1071
 0.0976
 0.0750
 0.0226
-0.0569
-0.1079
-0.1074
-0.0885
-0.0393
 0.0452
 0.0997
 0.1021
 0.0744
 0.0175
-0.0436
-0.1111
-0.1194
-0.0904
-0.0532
 0.0149
 0.0970
 0.1159
 0.0957
 0.0542
-0.0191
-0.0899
-0.1010
-0.0821
-0.0513
 0.0149
 0.0819
 0.1154
 0.1002
 0.0617
 0.0024
-0.0702
-0.1029
-0.0885
-0.0683
-0.0077
 0.0712
 0.1186
 0.1236
 0.0832
 0.0340
-0.0417
-0.0941
-0.0821
-0.0633
-0.0146
 0.0585
 0.1122
 0.1077
 0.0731
 0.0359
-0.0324
-0.0941
-0.1023
-0.0891
-0.0468
 0.0282
 0.0952
 0.1026
 0.0965
 0.0654
-0.0133
-0.0848
-0.1055
-0.0848
-0.0486
 0.0181
 0.0901
 0.1077
 0.0869
 0.0667
 0.0011
-0.0867
-0.1111
-0.1023
-0.0625
 0.0037
 0.0768
 0.1186
 0.1002
 0.0712
 0.0120
-0.0601
-0.1042
-0.0992
-0.0816
-0.0330
 0.0534
 0.1026
 0.0970
 0.0832
 0.0282
-0.0537
-0.1212
-0.1130
-0.0827
-0.0500
 0.0207
 0.0869
 0.0946
 0.0813
 0.0401
-0.0279
-0.0922
-0.1042
-0.0877
-0.0595
 0.0149
 0.0845
 0.1026
 0.0933
 0.0566
-0.0045
-0.0821
-0.1087
-0.0936
-0.0569
 0.0093
 0.0824
 0.1154
 0.1085
 0.0805
 0.0239
-0.0582
-0.0960
-0.0917
-0.0619
-0.0058
 0.0654
 0.1135
 0.1021
 0.0832
 0.0290
-0.0455
-0.1050
-0.1037
-0.0803
-0.0311
 0.0409
 0.0952
 0.1085
 0.0952
 0.0447
-0.0385
-0.1029
-0.1101
-0.0909
-0.0550
 0.0120
 0.0888
 0.1077
 0.0907
 0.0524
-0.0114
-0.0726
-0.1000
-0.0821
-0.0518
-0.0032
 0.0774
 0.1103
 0.0856
 0.0649
 0.0106
-0.0670
-0.1111
-0.1130
-0.0808
-0.0191
 0.0694
 0.1103
 0.0984
 0.0744
 0.0207
-0.0614
-0.1119
-0.1050
-0.0968
-0.0537
 0.0327
 0.0888
 0.0883
 0.0694
 0.0226
-0.0569
-0.1207
-0.1180
-0.1074
-0.0734
-0.0027
 0.0686
 0.0845
 0.0617
 0.0226
-0.0449
-0.1124
-0.1321
-0.1151
-0.0827
-0.0298
 0.0492
 0.0768
 0.0603
 0.0271
-0.0311
-0.0986
-0.1390
-0.1263
-0.0872
-0.0367
 0.0396
 0.0907
 0.0837
 0.0622
 0.0043
-0.0752
-0.1239
-0.1199
-0.0899
-0.0431
 0.0239
 0.0795
 0.0795
 0.0630
 0.0189
-0.0646
-0.1170
-0.1106
-0.0941
-0.0619
 0.0029
 0.0813
 0.0957
 0.0813
 0.0534
-0.0234
-0.0960
-0.1130
-0.0904
-0.0601
 0.0000
 0.0813
 0.0920
 0.0800
 0.0492
-0.0197
-0.0904
-0.1143
-0.1000
-0.0734
-0.0128
 0.0630
 0.0914
 0.0888
 0.0643
 0.0069
-0.0696
-0.1119
-0.1074
-0.0752
-0.0183
 0.0534
 0.1034
 0.1058
 0.0914
 0.0290
-0.0505
-0.1111
-0.1050
-0.0776
-0.0292
 0.0441
 0.1077
 0.1199
 0.0925
 0.0529
-0.0183
-0.0917
-0.0973
-0.0766
-0.0399
 0.0181
 0.0824
 0.1021
 0.0976
 0.0731
-0.0045
-0.0776
-0.1050
-0.0941
-0.0646
-0.0008
 0.0800
 0.1071
 0.0938
 0.0654
 0.0080
-0.0758
-0.1175
-0.1042
-0.0752
-0.0266
 0.0524
 0.0883
 0.0883
 0.0611
 0.0069
-0.0574
-0.1249
-0.1156
-0.0891
-0.0468
 0.0359
 0.1039
 0.1058
 0.0744
 0.0423
-0.0311
-0.1000
-0.1055
-0.0784
-0.0354
 0.0282
 0.0933
 0.1109
 0.0933
 0.0460
-0.0234
-0.0941
-0.1005
-0.0803
-0.0574
 0.0056
 0.0946
 0.1273
 0.0997
 0.0667
 0.0069
-0.0720
-0.1162
-0.1042
-0.0784
-0.0223
 0.0673
 0.1103
 0.1008
 0.0795
 0.0226
-0.0537
-0.1055
-0.1069
-0.0790
-0.0348
 0.0359
 0.0952
 0.0907
 0.0731
 0.0391
-0.0481
-0.1061
-0.1018
-0.0747
-0.0266
 0.0479
 0.1077
 0.1292
 0.1021
 0.0574
-0.0141
-0.0848
-0.0960
-0.0821
-0.0500
 0.0069
 0.0824
 0.1103
 0.0984
 0.0681
 0.0011
-0.0657
-0.0877
-0.0726
-0.0367
 0.0194
 0.0875
 0.1204
 0.1148
 0.0851
 0.0300
-0.0481
-0.0968
-0.0936
-0.0747
-0.0173
 0.0529
 0.1034
 0.1154
 0.0845
 0.0295
-0.0468
-0.1119
-0.1111
-0.0827
-0.0449
 0.0258
 0.1077
 0.1172
 0.0933
 0.0516
-0.0253
-0.0840
-0.0899
-0.0859
-0.0486
 0.0189
 0.0888
 0.1223
 0.1066
 0.0694
 0.0005
-0.0816
-0.1130
-0.0877
-0.0588
 0.0005
 0.0774
 0.1223
 0.1148
 0.0800
 0.0149
-0.0734
-0.1130
-0.0928
-0.0665
-0.0191
 0.0630
 0.1186
 0.1159
 0.0883
 0.0396
-0.0431
-0.1061
-0.1061
-0.0816
-0.0367
 0.0332
 0.0920
 0.0925
 0.0681
 0.0245
-0.0481
-0.1124
-0.1207
-0.0954
-0.0651
 0.0056
 0.0824
 0.0976
 0.0896
 0.0635
-0.0178
-0.0949
-0.1124
-0.1074
-0.0646
-0.0027
 0.0763
 0.1140
 0.1034
 0.0736
 0.0189
-0.0625
-0.1018
-0.0891
-0.0606
-0.0032
 0.0723
 0.1172
 0.1098
 0.0914
 0.0473
-0.0354
-0.0954
-0.0840
-0.0595
-0.0234
 0.0561
 0.1127
 0.1159
 0.0965
 0.0502
-0.0261
-0.0872
-0.0816
-0.0683
-0.0367
 0.0409
 0.1090
 0.1117
 0.0976
 0.0593
-0.0202
-0.0877
-0.1079
-0.1037
-0.0646
 0.0037
 0.0782
 0.1047
 0.0896
 0.0561
-0.0058
-0.0827
-0.1162
-0.0968
-0.0665
-0.0279
 0.0497
 0.0976
 0.0933
 0.0755
 0.0170
-0.0556
-0.0973
-0.0917
-0.0689
-0.0261
 0.0484
 0.1066
 0.1127
 0.0989
 0.0423
-0.0367
-0.0941
-0.1005
-0.0752
-0.0234
 0.0524
 0.1135
 0.1199
 0.0938
 0.0585
-0.0051
-0.0766
-0.0867
-0.0784
-0.0367
 0.0295
 0.0907
 0.1178
 0.0976
 0.0617
 0.0005
-0.0707
-0.0909
-0.0784
-0.0449
 0.0112
 0.0957
 0.1348
 0.1148
 0.0952
 0.0377
-0.0335
-0.0790
-0.0720
-0.0468
 0.0080
 0.0787
 0.1241
 0.1159
 0.0901
 0.0364
-0.0417
-0.0859
-0.0835
-0.0638
-0.0215
 0.0553
 0.1135
 0.1109
 0.0976
 0.0524
-0.0173
-0.0848
-0.1005
-0.0835
-0.0343
 0.0308
 0.0997
 0.1186
 0.1021
 0.0649
-0.0058
-0.0758
-0.1079
-0.0960
-0.0625
-0.0058
 0.0864
 0.1172
 0.1071
 0.0774
 0.0138
-0.0532
-0.0917
-0.0904
-0.0505
 0.0029
 0.0731
 0.1117
 0.1154
 0.0901
 0.0271
-0.0463
-0.1079
-0.1000
-0.0720
-0.0324
 0.0415
 0.1016
 0.0984
 0.0819
 0.0447
-0.0463
-0.1101
-0.1143
-0.0928
-0.0619
 0.0130
 0.0869
 0.0970
 0.0768
 0.0340
-0.0375
-0.1130
-0.1321
-0.1074
-0.0821
-0.0215
 0.0548
 0.0837
 0.0699
 0.0415
-0.0165
-0.0978
-0.1321
-0.1124
-0.0848
-0.0324
 0.0452
 0.0869
 0.0813
 0.0649
 0.0011
-0.0784
-0.1207
-0.1106
-0.0885
-0.0476
 0.0346
 0.0970
 0.0920
 0.0712
 0.0300
-0.0431
-0.1029
-0.1119
-0.0922
-0.0449
 0.0290
 0.1047
 0.1109
 0.0907
 0.0566
-0.0165
-0.0909
-0.1111
-0.0877
-0.0595
 0.0120
 0.0907
 0.1077
 0.0976
 0.0681
 0.0098
-0.0707
-0.1029
-0.0960
-0.0657
-0.0021
 0.0851
 0.1255
 0.1186
 0.0856
 0.0295
-0.0449
-0.0992
-0.0848
-0.0532
-0.0114
 0.0654
 0.1159
 0.1140
 0.0965
 0.0529
-0.0210
-0.0904
-0.0909
-0.0702
-0.0298
 0.0409
 0.1034
 0.1140
 0.0970
 0.0561
-0.0183
-0.0877
-0.0949
-0.0696
-0.0375
 0.0258
 0.0938
 0.1159
 0.0984
 0.0585
-0.0122
-0.0922
-0.1138
-0.0992
-0.0665
-0.0021
 0.0763
 0.1034
 0.0933
 0.0694
 0.0181
-0.0518
-0.0917
-0.0816
-0.0505
 0.0000
 0.0723
 0.1178
 0.1058
 0.0907
 0.0391
-0.0468
-0.1010
-0.1023
-0.0619
-0.0202
 0.0534
 0.1135
 0.1103
 0.0965
 0.0484
-0.0202
-0.0853
-0.1018
-0.0747
-0.0486
 0.0250
 0.0938
 0.1122
 0.1039
 0.0598
 0.0011
-0.0726
-0.0973
-0.0859
-0.0526
 0.0130
 0.0856
 0.1172
 0.0989
 0.0662
-0.0027
-0.0752
-0.1050
-0.0992
-0.0715
-0.0343
 0.0534
 0.1002
 0.0946
 0.0774
 0.0239
-0.0500
-0.0986
-0.0992
-0.0707
-0.0114
 0.0649
 0.1191
 0.1241
 0.1053
 0.0585
-0.0202
-0.0877
-0.0954
-0.0689
-0.0362
 0.0391
 0.1135
 0.1241
 0.1039
 0.0598
-0.0072
-0.0803
-0.0986
-0.0790
-0.0417
 0.0290
 0.1085
 0.1292
 0.1140
 0.0824
 0.0080
-0.0720
-0.1023
-0.0936
-0.0689
-0.0128
 0.0723
 0.1117
 0.1008
 0.0763
 0.0157
-0.0595
-0.1069
-0.0954
-0.0675
-0.0261
 0.0561
 0.1066
 0.1066
 0.0782
 0.0300
-0.0481
-0.1101
-0.1029
-0.0877
-0.0455
 0.0213
 0.0851
 0.1008
 0.0824
 0.0460
-0.0284
-0.0978
-0.1101
-0.0885
-0.0564
 0.0125
 0.0888
 0.1109
 0.0938
 0.0617
-0.0045
-0.0790
-0.0941
-0.0808
-0.0614
 0.0029
 0.0744
 0.1127
 0.1085
 0.0774
 0.0199
-0.0625
-0.1074
-0.0986
-0.0683
-0.0141
 0.0704
 0.1236
 0.1148
 0.0864
 0.0359
-0.0311
-0.0904
-0.0928
-0.0625
-0.0197
 0.0452
 0.1071
 0.1191
 0.1058
 0.0643
-0.0090
-0.0766
-0.0899
-0.0715
-0.0324
 0.0340
 0.1098
 0.1297
 0.1085
 0.0787
 0.0144
-0.0702
-0.0904
-0.0726
-0.0412
 0.0239
 0.0970
 0.1319
 0.1223
 0.0883
 0.0300
-0.0425
-0.0827
-0.0747
-0.0532
-0.0072
 0.0699
 0.1098
 0.1109
 0.0920
 0.0300
-0.0455
-0.0968
-0.0973
-0.0702
-0.0292
 0.0465
 0.1090
 0.1172
 0.0989
 0.0497
-0.0210
-0.0867
-0.0909
-0.0766
-0.0380
 0.0383
 0.1071
 0.1204
 0.1066
 0.0712
-0.0077
-0.0816
-0.1037
-0.0821
-0.0449
 0.0231
 0.1016
 0.1311
 0.1223
 0.0824
 0.0276
-0.0468
-0.0758
-0.0657
-0.0455
 0.0213
 0.0883
 0.1273
 0.1191
 0.0965
 0.0391
-0.0375
-0.0848
-0.0776
-0.0532
-0.0133
 0.0630
 0.1172
 0.1228
 0.0970
 0.0479
-0.0234
-0.0885
-0.0954
-0.0665
-0.0266
 0.0423
 0.1159
 0.1223
 0.1026
 0.0699
-0.0058
-0.0747
-0.0891
-0.0766
-0.0476
 0.0170
 0.0933
 0.1140
 0.0984
 0.0673
 0.0080
-0.0683
-0.1010
-0.0917
-0.0556
 0.0024
 0.0787
 0.1117
 0.1103
 0.0888
 0.0250
-0.0564
-0.1005
-0.0928
-0.0707
-0.0165
 0.0603
 0.1085
 0.1085
 0.0869
 0.0364
-0.0444
-0.1042
-0.1037
-0.0790
-0.0367
 0.0409
 0.1026
 0.1047
 0.0819
 0.0529
-0.0242
-0.0960
-0.1050
-0.0922
-0.0588
 0.0029
 0.0774
 0.1021
 0.0914
 0.0593
-0.0045
-0.0808
-0.1170
-0.1000
-0.0619
-0.0045
 0.0635
 0.0997
 0.0989
 0.0681
 0.0098
-0.0840
-0.1313
-0.1093
-0.0904
-0.0380
 0.0351
 0.0907
 0.0901
 0.0580
 0.0048
-0.0675
-0.1175
-0.1188
-0.0960
-0.0476
 0.0231
 0.0901
 0.0883
 0.0580
 0.0221
-0.0569
-0.1244
-0.1340
-0.1079
-0.0675
-0.0090
 0.0643
 0.0824
 0.0622
 0.0340
-0.0324
-0.1074
-0.1358
-0.1124
-0.0917
-0.0303
 0.0492
 0.0750
 0.0617
 0.0383
-0.0229
-0.1029
-0.1313
-0.1207
-0.0899
-0.0303
 0.0492
 0.0952
 0.0837
 0.0630
 0.0061
-0.0835
-0.1372
-0.1281
-0.0954
-0.0468
 0.0295
 0.0914
 0.0869
 0.0718
 0.0239
-0.0518
-0.1156
-0.1151
-0.1000
-0.0670
 0.0112
 0.0731
 0.0938
 0.0731
 0.0314
-0.0247
-0.1037
-0.1220
-0.1029
-0.0803
-0.0178
 0.0630
 0.0896
 0.0782
 0.0534
-0.0152
-0.0840
-0.1130
-0.1029
-0.0696
-0.0152
 0.0593
 0.0970
 0.0869
 0.0524
 0.0011
-0.0646
-0.1124
-0.0904
-0.0657
-0.0292
 0.0510
 0.1090
 0.1098
 0.0883
 0.0433
-0.0375
-0.0973
-0.1042
-0.0808
-0.0380
 0.0308
 0.1002
 0.1140
 0.0976
 0.0580
-0.0101
-0.0790
-0.0917
-0.0747
-0.0486
 0.0175
 0.0965
 0.1178
 0.0989
 0.0635
 0.0029
-0.0707
-0.1023
-0.0909
-0.0545
 0.0019
 0.0755
 0.1122
 0.0989
 0.0744
 0.0162
-0.0564
-0.0968
-0.0899
-0.0625
-0.0152
 0.0598
 0.1159
 0.1090
 0.0920
 0.0516
-0.0215
-0.0853
-0.0885
-0.0625
-0.0210
 0.0574
 0.1204
 0.1297
 0.1016
 0.0598
-0.0109
-0.0776
-0.0877
-0.0739
-0.0399
 0.0276
 0.1002
 0.1292
 0.1167
 0.0718
-0.0013
-0.0848
-0.1143
-0.0904
-0.0657
-0.0109
 0.0755
 0.1148
 0.1026
 0.0787
 0.0194
-0.0601
-0.1042
-0.0877
-0.0595
-0.0229
 0.0611
 0.1109
 0.1085
 0.0768
 0.0263
-0.0545
-0.1042
-0.1000
-0.0689
-0.0279
 0.0447
 0.1186
 0.1218
 0.0984
 0.0593
-0.0141
-0.0734
-0.0798
-0.0720
-0.0425
 0.0308
 0.0976
 0.1066
 0.0984
 0.0667
-0.0021
-0.0726
-0.0986
-0.0808
-0.0494
 0.0000
 0.0763
 0.1008
 0.0901
 0.0654
 0.0037
-0.0752
-0.1151
-0.0968
-0.0758
-0.0266
 0.0502
 0.0920
 0.0933
 0.0686
 0.0189
-0.0569
-0.1119
-0.1069
-0.0827
-0.0348
 0.0383
 0.0976
 0.1090
 0.0813
 0.0322
-0.0417
-0.1087
-0.1074
-0.0872
-0.0463
 0.0245
 0.0907
 0.1016
 0.0914
 0.0516
-0.0247
-0.0954
-0.1111
-0.0867
-0.0588
 0.0074
 0.0901
 0.1127
 0.1021
 0.0712
 0.0088
-0.0707
-0.1079
-0.0877
-0.0633
-0.0051
 0.0723
 0.1117
 0.1135
 0.0851
 0.0308
-0.0518
-0.0986
-0.0917
-0.0696
-0.0032
 0.0744
 0.1324
 0.1273
 0.0965
 0.0548
-0.0223
-0.0827
-0.0872
-0.0646
-0.0247
 0.0465
 0.1148
 0.1324
 0.1117
 0.0662
-0.0027
-0.0821
-0.0928
-0.0771
-0.0518
 0.0221
 0.0989
 0.1287
 0.1191
 0.0768
 0.0098
-0.0657
-0.0877
-0.0747
-0.0494
 0.0144
 0.0888
 0.1311
 0.1241
 0.0938
 0.0377
-0.0494
-0.1018
-0.0899
-0.0689
-0.0191
 0.0580
 0.1117
 0.1122
 0.0883
 0.0409
-0.0404
-0.1106
-0.1042
-0.0798
-0.0412
 0.0346
 0.0946
 0.1085
 0.0938
 0.0492
-0.0242
-0.0928
-0.1087
-0.0872
-0.0513
 0.0189
 0.0869
 0.1058
 0.0938
 0.0593
-0.0090
-0.0803
-0.1124
-0.1079
-0.0821
-0.0141
 0.0774
 0.1148
 0.1002
 0.0673
 0.0074
-0.0651
-0.1087
-0.1079
-0.0877
-0.0298
 0.0542
 0.0997
 0.1047
 0.0787
 0.0300
-0.0582
-0.1119
-0.1018
-0.0877
-0.0404
 0.0396
 0.0888
 0.0946
 0.0755
 0.0340
-0.0393
-0.1101
-0.1106
-0.0960
-0.0574
 0.0088
 0.0712
 0.0896
 0.0782
 0.0441
-0.0247
-0.0949
-0.1188
-0.1029
-0.0720
-0.0128
 0.0694
 0.1053
 0.0920
 0.0643
 0.0048
-0.0739
-0.1087
-0.1079
-0.0827
-0.0242
 0.0548
 0.1021
 0.1008
 0.0768
 0.0314
-0.0486
-0.1055
-0.0992
-0.0803
-0.0449
 0.0327
 0.0907
 0.0946
 0.0712
 0.0327
-0.0385
-0.1170
-0.1207
-0.1029
-0.0625
 0.0120
 0.0805
 0.0938
 0.0787
 0.0396
-0.0330
-0.1093
-0.1321
-0.1231
-0.0827
-0.0072
 0.0744
 0.1016
 0.0888
 0.0553
-0.0146
-0.0928
-0.1414
-0.1433
-0.1130
-0.0582
 0.0322
 0.0744
 0.0643
 0.0377
-0.0160
-0.1005
-0.1592
-0.1542
-0.1364
-0.0909
-0.0114
 0.0409
 0.0327
 0.0181
-0.0330
-0.1111
-0.1763
-0.1776
-0.1592
-0.1156
-0.0425
 0.0372
 0.0529
 0.0396
-0.0021
-0.0872
-0.1603
-0.1813
-0.1560
-0.1194
-0.0625
 0.0080
 0.0377
 0.0322
-0.0045
-0.0595
-0.1433
-0.1685
-0.1542
-0.1390
-0.0702
 0.0061
 0.0479
 0.0447
 0.0106
-0.0431
-0.1143
-0.1648
-0.1579
-0.1382
-0.0928
-0.0152
 0.0401
 0.0497
 0.0282
-0.0279
-0.1069
-0.1693
-0.1736
-0.1584
-0.1180
-0.0431
 0.0258
 0.0372
 0.0271
-0.0223
-0.0960
-0.1598
-0.1763
-0.1547
-0.1239
-0.0633
 0.0189
 0.0409
 0.0295
-0.0072
-0.0872
-0.1579
-0.1869
-0.1901
-0.1523
-0.0885
-0.0160
 0.0322
 0.0199
-0.0109
-0.0683
-0.1510
-0.1882
-0.1824
-0.1717
-0.1156
-0.0417
 0.0056
 0.0181
 0.0000
-0.0550
-0.1340
-0.1933
-0.1925
-0.1675
-0.1231
-0.0449
 0.0213
 0.0308
 0.0250
-0.0242
-0.1162
-0.1699
-0.1731
-0.1566
-0.1194
-0.0556
 0.0194
 0.0340
 0.0170
-0.0152
-0.0816
-0.1584
-0.1805
-0.1574
-0.1358
-0.0885
 0.0019
 0.0484
 0.0396
 0.0056
-0.0556
-0.1345
-0.1768
-0.1630
-0.1382
-0.0758
 0.0106
 0.0580
 0.0497
 0.0271
-0.0229
-0.1018
-0.1574
-0.1529
-0.1350
-0.0917
-0.0040
 0.0548
 0.0643
 0.0516
 0.0037
-0.0734
-0.1465
-0.1598
-0.1422
-0.1069
-0.0292
 0.0415
 0.0542
 0.0473
 0.0043
-0.0638
-0.1289
-0.1552
-0.1409
-0.1124
-0.0463
 0.0372
 0.0617
 0.0585
 0.0245
-0.0436
-0.1151
-0.1483
-0.1372
-0.1130
-0.0633
 0.0231
 0.0731
 0.0673
 0.0447
-0.0077
-0.0853
-0.1321
-0.1300
-0.1124
-0.0651
 0.0149
 0.0864
 0.0914
 0.0635
 0.0120
-0.0588
-0.1289
-0.1308
-0.1143
-0.0696
 0.0162
 0.0824
 0.0970
 0.0795
 0.0391
-0.0348
-0.1093
-0.1350
-0.1101
-0.0776
-0.0096
 0.0681
 0.0907
 0.0768
 0.0479
-0.0109
-0.0885
-0.1212
-0.1151
-0.0853
-0.0253
 0.0542
 0.0946
 0.0920
 0.0585
 0.0043
-0.0766
-0.1194
-0.1175
-0.0922
-0.0444
 0.0391
 0.0976
 0.0938
 0.0699
 0.0250
-0.0505
-0.1138
-0.1257
-0.1069
-0.0619
 0.0098
 0.0787
 0.0984
 0.0837
 0.0428
-0.0279
-0.0973
-0.1069
-0.0790
-0.0468
 0.0120
 0.0875
 0.1172
 0.1002
 0.0611
-0.0096
-0.0885
-0.1188
-0.1087
-0.0747
-0.0045
 0.0643
 0.1034
 0.0989
 0.0694
 0.0093
-0.0747
-0.1194
-0.1061
-0.0784
-0.0274
 0.0529
 0.1077
 0.1021
 0.0805
 0.0346
-0.0463
-0.0986
-0.1023
-0.0877
-0.0463
 0.0314
 0.0946
 0.1117
 0.1016
 0.0542
-0.0173
-0.0954
-0.1138
-0.0885
-0.0595
 0.0120
 0.0933
 0.1148
 0.1085
 0.0718
 0.0024
-0.0808
-0.1029
-0.0867
-0.0481
 0.0125
 0.0920
 0.1292
 0.1210
 0.0920
 0.0290
-0.0505
-0.0941
-0.0922
-0.0651
-0.0096
 0.0694
 0.1199
 0.1210
 0.1034
 0.0465
-0.0380
-0.0899
-0.0909
-0.0758
-0.0266
 0.0622
 0.1140
 0.1236
 0.1085
 0.0617
-0.0141
-0.0784
-0.0859
-0.0696
-0.0253
 0.0423
 0.1066
 0.1361
 0.1223
 0.0888
 0.0199
-0.0638
-0.0821
-0.0766
-0.0404
 0.0226
 0.1021
 0.1311
 0.1148
 0.0914
 0.0245
-0.0367
-0.0803
-0.0758
-0.0412
 0.0080
 0.0925
 0.1380
 0.1393
 0.1148
 0.0649
-0.0173
-0.0739
-0.0707
-0.0417
-0.0008
 0.0782
 0.1444
 0.1412
 0.1255
 0.0856
 0.0125
-0.0550
-0.0651
-0.0513
-0.0077
 0.0699
 0.1393
 0.1627
 0.1462
 0.1021
 0.0308
-0.0335
-0.0513
-0.0404
-0.0114
 0.0603
 0.1430
 0.1709
 0.1659
 0.1247
 0.0617
-0.0183
-0.0526
-0.0375
-0.0058
 0.0561
 0.1380
 0.1872
 0.1893
 0.1614
 0.1117
 0.0300
-0.0253
-0.0160
 0.0088
 0.0574
 0.1481
 0.2031
 0.2012
 0.1810
 0.1388
 0.0585
-0.0013
 0.0056
 0.0300
 0.0718
 0.1406
 0.2119
 0.2390
 0.2252
 0.1879
 0.1103
 0.0290
 0.0282
 0.0433
 0.0782
 0.1449
 0.2233
 0.2547
 0.2435
 0.2233
 0.1558
 0.0723
 0.0391
 0.0452
 0.0837
 0.1438
 0.2252
 0.2661
 0.2573
 0.2307
 0.1691
 0.0925
 0.0409
 0.0502
 0.0699
 0.1204
 0.2124
 0.2611
 0.2642
 0.2385
 0.1861
 0.1016
 0.0497
 0.0415
 0.0662
 0.1053
 0.1701
 0.2416
 0.2478
 0.2307
 0.1911
 0.1167
 0.0433
 0.0327
 0.0497
 0.0824
 0.1545
 0.2339
 0.2541
 0.2416
 0.2063
 0.1324
 0.0630
 0.0346
 0.0441
 0.0736
 0.1342
 0.2023
 0.2353
 0.2289
 0.1893
 0.1268
 0.0479
 0.0098
 0.0149
 0.0276
 0.0837
 0.1646
 0.2063
 0.2095
 0.1943
 0.1430
 0.0510
-0.0045
 0.0043
 0.0245
 0.0630
 0.1425
 0.2044
 0.2124
 0.1980
 0.1513
 0.0617
-0.0090
-0.0183
-0.0072
 0.0314
 0.0976
 0.1765
 0.1973
 0.1829
 0.1398
 0.0635
-0.0128
-0.0385
-0.0210
 0.0106
 0.0694
 0.1494
 0.1816
 0.1651
 0.1324
 0.0654
-0.0152
-0.0569
-0.0431
-0.0133
 0.0383
 0.1122
 0.1640
 0.1531
 0.1273
 0.0712
-0.0197
-0.0758
-0.0689
-0.0449
 0.0080
 0.0907
 0.1444
 0.1595
 0.1406
 0.0952
 0.0194
-0.0619
-0.0606
-0.0330
 0.0029
 0.0736
 0.1425
 0.1558
 0.1342
 0.0896
 0.0162
-0.0633
-0.0859
-0.0702
-0.0343
 0.0314
 0.1047
 0.1241
 0.1148
 0.0875
 0.0231
-0.0646
-0.1010
-0.0922
-0.0513
 0.0120
 0.0813
 0.1228
 0.1148
 0.0851
 0.0213
-0.0665
-0.1162
-0.1151
-0.0891
-0.0335
 0.0473
 0.1090
 0.1066
 0.0824
 0.0282
-0.0582
-0.1074
-0.1069
-0.0872
-0.0481
 0.0295
 0.0946
 0.1066
 0.0957
 0.0484
-0.0215
-0.1010
-0.1111
-0.0848
-0.0545
 0.0149
 0.0864
 0.1077
 0.0984
 0.0662
-0.0021
-0.0872
-0.1087
-0.0941
-0.0739
-0.0128
 0.0686
 0.1090
 0.0984
 0.0686
 0.0138
-0.0739
-0.1207
-0.1069
-0.0853
-0.0330
 0.0534
 0.1034
 0.0984
 0.0712
 0.0189
-0.0481
-0.1079
-0.1124
-0.0904
-0.0444
 0.0364
 0.0984
 0.0997
 0.0782
 0.0484
-0.0298
-0.1106
-0.1231
-0.1119
-0.0734
 0.0037
 0.0763
 0.0997
 0.0888
 0.0542
-0.0114
-0.0978
-0.1257
-0.1055
-0.0758
-0.0178
 0.0622
 0.0970
 0.0946
 0.0718
 0.0088
-0.0790
-0.1194
-0.1188
-0.0978
-0.0375
 0.0497
 0.0970
 0.0896
 0.0622
 0.0125
-0.0675
-0.1321
-0.1295
-0.1069
-0.0696
 0.0093
 0.0787
 0.0851
 0.0635
 0.0074
-0.0651
-0.1308
-0.1473
-0.1295
-0.0840
-0.0082
 0.0649
 0.0736
 0.0553
 0.0250
-0.0500
-0.1276
-0.1502
-0.1313
-0.0928
-0.0261
 0.0465
 0.0723
 0.0649
 0.0351
-0.0335
-0.1061
-0.1396
-0.1300
-0.1000
-0.0393
 0.0484
 0.0907
 0.0837
 0.0561
-0.0027
-0.0808
-0.1300
-0.1276
-0.1023
-0.0505
 0.0221
 0.0787
 0.0875
 0.0635
 0.0181
-0.0569
-0.1226
-0.1281
-0.1087
-0.0726
-0.0013
 0.0750
 0.0869
 0.0681
 0.0359
-0.0362
-0.1130
-0.1281
-0.1239
-0.0872
-0.0096
 0.0643
 0.0805
 0.0787
 0.0510
-0.0223
-0.0992
-0.1350
-0.1212
-0.0949
-0.0279
 0.0460
 0.0845
 0.0750
 0.0492
-0.0027
-0.0978
-0.1414
-0.1300
-0.1079
-0.0574
 0.0207
 0.0763
 0.0782
 0.0529
 0.0080
-0.0752
-0.1414
-0.1446
-0.1194
-0.0734
 0.0048
 0.0654
 0.0824
 0.0681
 0.0170
-0.0505
-0.1188
-0.1340
-0.1249
-0.0960
-0.0223
 0.0548
 0.0699
 0.0548
 0.0327
-0.0362
-0.1143
-0.1459
-0.1321
-0.0978
-0.0455
 0.0364
 0.0832
 0.0736
 0.0452
-0.0191
-0.0978
-0.1422
-0.1382
-0.1143
-0.0595
 0.0213
 0.0712
 0.0763
 0.0492
-0.0077
-0.0848
-0.1478
-0.1473
-0.1244
-0.0734
 0.0048
 0.0566
 0.0561
 0.0391
 0.0011
-0.0739
-0.1428
-0.1465
-0.1300
-0.0986
-0.0261
 0.0553
 0.0768
 0.0635
 0.0207
-0.0449
-0.1281
-0.1542
-0.1321
-0.1018
-0.0261
 0.0502
 0.0723
 0.0662
 0.0276
-0.0362
-0.1156
-0.1667
-0.1560
-0.1207
-0.0665
 0.0130
 0.0598
 0.0574
 0.0401
-0.0261
-0.1050
-0.1534
-0.1547
-0.1358
-0.0909
-0.0109
 0.0473
 0.0574
 0.0428
 0.0024
-0.0808
-0.1542
-0.1680
-0.1515
-0.1101
-0.0335
 0.0447
 0.0580
 0.0372
 0.0011
-0.0776
-0.1529
-0.1643
-0.1497
-0.1143
-0.0481
 0.0327
 0.0667
 0.0548
 0.0125
-0.0380
-0.1188
-0.1515
-0.1327
-0.1101
-0.0500
 0.0295
 0.0712
 0.0673
 0.0465
-0.0045
-0.0835
-0.1340
-0.1263
-0.0954
-0.0455
 0.0383
 0.0901
 0.0864
 0.0744
 0.0314
-0.0468
-0.1037
-0.1037
-0.0790
-0.0348
 0.0415
 0.1199
 0.1311
 0.1109
 0.0662
-0.0090
-0.0689
-0.0872
-0.0758
-0.0367
 0.0452
 0.1236
 0.1406
 0.1329
 0.0970
 0.0346
-0.0417
-0.0702
-0.0588
-0.0234
 0.0441
 0.1204
 0.1632
 0.1632
 0.1268
 0.0686
-0.0077
-0.0582
-0.0537
-0.0316
 0.0181
 0.1016
 0.1582
 0.1550
 0.1337
 0.0869
 0.0098
-0.0494
-0.0550
-0.0303
 0.0157
 0.0824
 0.1470
 0.1563
 0.1374
 0.0901
 0.0149
-0.0505
-0.0614
-0.0468
-0.0128
 0.0561
 0.1228
 0.1420
 0.1228
 0.0907
 0.0327
-0.0468
-0.0771
-0.0670
-0.0380
 0.0226
 0.1016
 0.1380
 0.1292
 0.1077
 0.0492
-0.0279
-0.0556
-0.0556
-0.0343
 0.0061
 0.0819
 0.1305
 0.1292
 0.1109
 0.0460
-0.0425
-0.1050
-0.1055
-0.0803
-0.0393
 0.0359
 0.0896
 0.0925
 0.0681
 0.0189
-0.0619
-0.1372
-0.1534
-0.1313
-0.1000
-0.0367
 0.0308
 0.0391
 0.0231
-0.0303
-0.1023
-0.1800
-0.2052
-0.1869
-0.1542
-0.0872
-0.0292
-0.0021
-0.0109
-0.0449
-0.1111
-0.1957
-0.2300
-0.2167
-0.1951
-0.1465
-0.0747
-0.0367
-0.0375
-0.0619
-0.1231
-0.2066
-0.2640
-0.2581
-0.2337
-0.1895
-0.1156
-0.0606
-0.0606
-0.0803
-0.1257
-0.2052
-0.2581
-0.2701
-0.2494
-0.1946
-0.1345
-0.0646
-0.0513
-0.0696
-0.1130
-0.1864
-0.2525
-0.2696
-0.2608
-0.2278
-0.1574
-0.0877
-0.0689
-0.0808
-0.1180
-0.1895
-0.2722
-0.3004
-0.2930
-0.2682
-0.2135
-0.1433
-0.1101
-0.1212
-0.1478
-0.2153
-0.2935
-0.3467
-0.3528
-0.3366
-0.2898
-0.2185
-0.1781
-0.1805
-0.2071
-0.2621
-0.3467
-0.4272
-0.4405
-0.4198
-0.3799
-0.3017
-0.2350
-0.2318
-0.2430
-0.2765
-0.3528
-0.4293
-0.4381
-0.4179
-0.3839
-0.3145
-0.2387
-0.2089
-0.2217
-0.2512
-0.3187
-0.4022
-0.4203
-0.4014
-0.3655
-0.3036
-0.2209
-0.1818
-0.1805
-0.2089
-0.2608
-0.3371
-0.3799
-0.3618
-0.3459
-0.2829
-0.2026
-0.1603
-0.1547
-0.1699
-0.2148
-0.2884
-0.3384
-0.3384
-0.3137
-0.2600
-0.1856
-0.1156
-0.0992
-0.1180
-0.1566
-0.2292
-0.2916
-0.2935
-0.2823
-0.2430
-0.1717
-0.0877
-0.0625
-0.0766
-0.0973
-0.1675
-0.2576
-0.2733
-0.2600
-0.2254
-0.1560
-0.0771
-0.0425
-0.0505
-0.0803
-0.1441
-0.2185
-0.2658
-0.2520
-0.2249
-0.1725
-0.0899
-0.0431
-0.0316
-0.0500
-0.1010
-0.1832
-0.2323
-0.2329
-0.2177
-0.1667
-0.0859
-0.0191
-0.0032
-0.0284
-0.0766
-0.1584
-0.2198
-0.2310
-0.2159
-0.1643
-0.0835
-0.0051
 0.0149
 0.0106
-0.0324
-0.0978
-0.1680
-0.1919
-0.1712
-0.1300
-0.0588
 0.0194
 0.0529
 0.0502
 0.0170
-0.0486
-0.1226
-0.1592
-0.1441
-0.1156
-0.0564
 0.0276
 0.0744
 0.0694
 0.0409
-0.0090
-0.0867
-0.1478
-0.1401
-0.1069
-0.0513
 0.0263
 0.0795
 0.0883
 0.0750
 0.0245
-0.0569
-0.1124
-0.1156
-0.0973
-0.0468
 0.0332
 0.0946
 0.1021
 0.0875
 0.0542
-0.0082
-0.0758
-0.0978
-0.0859
-0.0476
 0.0276
 0.1008
 0.1218
 0.1085
 0.0750
 0.0043
-0.0689
-0.0917
-0.0784
-0.0518
 0.0061
 0.0805
 0.1154
 0.1077
 0.0920
 0.0415
-0.0537
-0.1101
-0.0922
-0.0702
-0.0173
 0.0662
 0.1109
 0.1071
 0.0883
 0.0359
-0.0436
-0.1050
-0.1069
-0.0922
-0.0463
 0.0300
 0.0933
 0.0965
 0.0736
 0.0428
-0.0375
-0.1101
-0.1087
-0.0848
-0.0526
 0.0175
 0.0965
 0.1228
 0.1008
 0.0699
 0.0011
-0.0872
-0.1061
-0.0853
-0.0633
-0.0013
 0.0795
 0.1204
 0.1154
 0.0883
 0.0162
-0.0683
-0.1106
-0.0992
-0.0675
-0.0183
 0.0617
 0.1127
 0.1071
 0.0925
 0.0497
-0.0343
-0.0928
-0.0867
-0.0665
-0.0242
 0.0524
 0.1159
 0.1218
 0.1066
 0.0622
-0.0082
-0.0776
-0.0973
-0.0790
-0.0354
 0.0314
 0.1021
 0.1199
 0.1071
 0.0718
 0.0000
-0.0734
-0.0936
-0.0859
-0.0595
 0.0080
 0.0907
 0.1279
 0.1172
 0.0851
 0.0213
-0.0582
-0.0941
-0.0821
-0.0588
-0.0082
 0.0704
 0.1199
 0.1135
 0.0837
 0.0327
-0.0404
-0.0848
-0.0928
-0.0784
-0.0292
 0.0428
 0.1053
 0.1172
 0.1008
 0.0534
-0.0242
-0.0936
-0.1074
-0.0899
-0.0526
 0.0149
 0.0896
 0.0989
 0.0896
 0.0447
-0.0311
-0.1050
-0.1231
-0.1162
-0.0891
-0.0178
 0.0548
 0.0795
 0.0603
 0.0250
-0.0298
-0.1087
-0.1422
-0.1321
-0.1162
-0.0574
 0.0276
 0.0681
 0.0553
 0.0290
-0.0242
-0.1042
-0.1560
-0.1603
-0.1401
-0.0853
-0.0045
 0.0585
 0.0603
 0.0327
-0.0133
-0.0986
-0.1630
-0.1675
-0.1560
-0.1101
-0.0324
 0.0258
 0.0340
 0.0157
-0.0261
-0.0941
-0.1592
-0.1717
-0.1560
-0.1188
-0.0614
 0.0162
 0.0372
 0.0250
 0.0056
-0.0633
-0.1350
-0.1603
-0.1510
-0.1156
-0.0550
 0.0271
 0.0704
 0.0630
 0.0314
-0.0178
-0.0877
-0.1289
-0.1180
-0.1010
-0.0513
 0.0428
 0.1039
 0.0888
 0.0699
 0.0189
-0.0601
-0.1074
-0.1074
-0.0885
-0.0354
 0.0428
 0.1071
 0.1279
 0.1103
 0.0611
-0.0077
-0.0816
-0.0899
-0.0651
-0.0266
 0.0502
 0.1292
 0.1470
 0.1388
 0.1047
 0.0428
-0.0362
-0.0670
-0.0476
-0.0234
 0.0372
 0.1228
 0.1651
 0.1627
 0.1380
 0.0795
-0.0021
-0.0343
-0.0274
-0.0051
 0.0553
 0.1361
 0.1898
 0.1980
 0.1728
 0.1159
 0.0452
-0.0058
-0.0040
 0.0130
 0.0580
 0.1430
 0.2113
 0.2265
 0.2156
 0.1627
 0.0864
 0.0263
 0.0130
 0.0346
 0.0686
 0.1398
 0.2119
 0.2284
 0.2145
 0.1861
 0.1167
 0.0383
 0.0106
 0.0271
 0.0622
 0.1268
 0.2018
 0.2315
 0.2257
 0.1994
 0.1412
 0.0566
 0.0157
 0.0213
 0.0377
 0.0984
 0.1829
 0.2289
 0.2270
 0.1967
 0.1319
 0.0548
 0.0029
 0.0005
 0.0258
 0.0755
 0.1470
 0.2050
 0.2068
 0.1879
 0.1489
 0.0763
 0.0138
 0.0048
 0.0162
 0.0566
 0.1260
 0.1973
 0.2119
 0.2063
 0.1760
 0.1085
 0.0290
 0.0037
 0.0221
 0.0524
 0.1236
 0.2055
 0.2358
 0.2201
 0.1903
 0.1356
 0.0598
 0.0162
 0.0276
 0.0510
 0.1066
 0.1903
 0.2353
 0.2270
 0.2050
 0.1494
 0.0649
 0.0125
 0.0106
 0.0391
 0.0888
 0.1651
 0.2238
 0.2334
 0.2151
 0.1709
 0.0933
 0.0144
 0.0061
 0.0340
 0.0787
 0.1470
 0.2137
 0.2315
 0.2124
 0.1728
 0.1002
 0.0226
 0.0043
 0.0221
 0.0561
 0.1228
 0.2175
 0.2568
 0.2347
 0.2031
 0.1311
 0.0561
 0.0231
 0.0250
 0.0548
 0.1077
 0.1903
 0.2377
 0.2297
 0.2074
 0.1475
 0.0630
 0.0157
 0.0245
 0.0441
 0.1026
 0.1802
 0.2334
 0.2297
 0.2119
 0.1723
 0.0875
 0.0282
 0.0282
 0.0465
 0.0805
 0.1558
 0.2302
 0.2403
 0.2214
 0.1723
 0.0907
 0.0290
 0.0221
 0.0340
 0.0617
 0.1191
 0.2068
 0.2416
 0.2164
 0.1816
 0.1154
 0.0364
 0.0061
 0.0162
 0.0460
 0.1034
 0.1848
 0.2307
 0.2246
 0.1885
 0.1337
 0.0479
-0.0040
 0.0048
 0.0295
 0.0763
 0.1590
 0.2095
 0.2050
 0.1911
 0.1356
 0.0566
 0.0005
-0.0040
 0.0112
 0.0542
 0.1287
 0.1962
 0.2074
 0.1980
 0.1513
 0.0681
-0.0040
-0.0242
-0.0013
 0.0377
 0.0976
 0.1885
 0.2201
 0.1973
 0.1582
 0.0883
 0.0098
-0.0202
-0.0051
 0.0231
 0.0856
 0.1778
 0.2151
 0.2164
 0.1935
 0.1305
 0.0542
 0.0130
 0.0245
 0.0401
 0.0925
 0.1810
 0.2265
 0.2220
 0.2063
 0.1595
 0.0787
 0.0144
 0.0037
 0.0290
 0.0795
 0.1595
 0.2246
 0.2353
 0.2201
 0.1701
 0.0832
 0.0093
 0.0069
 0.0194
 0.0529
 0.1329
 0.2031
 0.2257
 0.2206
 0.1792
 0.1016
 0.0181
-0.0191
-0.0045
 0.0340
 0.0952
 0.1842
 0.2225
 0.2188
 0.1885
 0.1135
 0.0300
-0.0133
-0.0072
 0.0221
 0.0795
 0.1600
 0.2201
 0.2284
 0.1999
 0.1430
 0.0603
 0.0011
-0.0077
 0.0120
 0.0667
 0.1444
 0.1999
 0.2196
 0.2068
 0.1521
 0.0712
 0.0005
-0.0122
 0.0120
 0.0401
 0.1098
 0.1935
 0.2137
 0.1994
 0.1622
 0.0845
 0.0138
-0.0160
-0.0173
 0.0130
 0.0875
 0.1784
 0.2100
 0.2031
 0.1784
 0.1053
 0.0175
-0.0152
-0.0141
 0.0207
 0.0901
 0.1640
 0.2145
 0.2169
 0.1893
 0.1329
 0.0452
 0.0024
 0.0112
 0.0231
 0.0712
 0.1550
 0.2055
 0.2132
 0.2023
 0.1513
 0.0686
 0.0019
-0.0045
 0.0005
 0.0502
 0.1324
 0.2031
 0.2238
 0.2044
 0.1571
 0.0787
 0.0011
-0.0178
-0.0077
 0.0282
 0.0997
 0.1810
 0.2169
 0.2004
 0.1677
 0.0976
 0.0170
-0.0191
-0.0109
 0.0239
 0.0774
 0.1632
 0.2201
 0.2105
 0.1747
 0.1122
 0.0263
-0.0242
-0.0229
 0.0019
 0.0492
 0.1319
 0.1999
 0.1917
 0.1797
 0.1311
 0.0401
-0.0173
-0.0234
-0.0045
 0.0492
 0.1260
 0.1954
 0.2105
 0.1994
 0.1457
 0.0667
-0.0032
-0.0242
-0.0152
 0.0213
 0.0957
 0.1810
 0.2151
 0.2082
 0.1773
 0.1047
 0.0239
-0.0077
-0.0008
 0.0308
 0.0914
 0.1765
 0.2270
 0.2257
 0.1911
 0.1319
 0.0441
-0.0122
-0.0090
 0.0181
 0.0731
 0.1622
 0.2151
 0.2100
 0.1930
 0.1337
 0.0452
-0.0146
-0.0178
-0.0045
 0.0465
 0.1356
 0.2055
 0.2169
 0.1994
 0.1499
 0.0723
 0.0074
-0.0133
 0.0000
 0.0226
 0.0965
 0.1824
 0.2050
 0.2018
 0.1627
 0.0875
 0.0037
-0.0266
-0.0101
 0.0125
 0.0763
 0.1677
 0.1999
 0.1980
 0.1646
 0.1058
 0.0213
-0.0330
-0.0404
-0.0178
 0.0364
 0.1199
 0.1802
 0.1773
 0.1600
 0.1016
 0.0061
-0.0569
-0.0633
-0.0468
 0.0029
 0.0907
 0.1659
 0.1747
 0.1513
 0.0984
 0.0199
-0.0444
-0.0500
-0.0362
-0.0058
 0.0686
 0.1558
 0.1853
 0.1747
 0.1393
 0.0643
-0.0202
-0.0476
-0.0367
-0.0021
 0.0598
 0.1430
 0.1834
 0.1802
 0.1499
 0.0813
-0.0032
-0.0436
-0.0348
-0.0160
 0.0415
 0.1348
 0.1829
 0.1829
 0.1632
 0.0997
 0.0074
-0.0468
-0.0513
-0.0324
 0.0170
 0.1053
 0.1691
 0.1765
 0.1632
 0.1273
 0.0479
-0.0279
-0.0385
-0.0266
 0.0098
 0.0938
 0.1816
 0.1986
 0.1834
 0.1398
 0.0510
-0.0261
-0.0431
-0.0362
 0.0069
 0.0774
 0.1571
 0.1922
 0.1848
 0.1526
 0.0824
 0.0029
-0.0316
-0.0253
-0.0045
 0.0497
 0.1406
 0.1893
 0.1853
 0.1614
 0.1002
 0.0157
-0.0261
-0.0274
-0.0101
 0.0433
 0.1319
 0.1986
 0.2004
 0.1797
 0.1374
 0.0524
-0.0210
-0.0335
-0.0197
 0.0194
 0.0984
 0.1747
 0.1962
 0.1861
 0.1398
 0.0574
-0.0215
-0.0412
-0.0247
 0.0037
 0.0800
 0.1595
 0.1842
 0.1879
 0.1576
 0.0813
-0.0032
-0.0449
-0.0455
-0.0197
 0.0447
 0.1311
 0.1728
 0.1741
 0.1507
 0.0925
 0.0048
-0.0532
-0.0494
-0.0298
 0.0213
 0.1026
 0.1608
 0.1728
 0.1499
 0.1066
 0.0207
-0.0412
-0.0476
-0.0417
-0.0013
 0.0845
 0.1646
 0.1741
 0.1614
 0.1167
 0.0295
-0.0481
-0.0638
-0.0532
-0.0234
 0.0473
 0.1311
 0.1590
 0.1646
 0.1236
 0.0441
-0.0261
-0.0633
-0.0455
-0.0210
 0.0332
 0.1324
 0.1792
 0.1696
 0.1550
 0.0920
 0.0005
-0.0436
-0.0380
-0.0202
 0.0351
 0.1279
 0.1848
 0.1848
 0.1664
 0.1127
 0.0263
-0.0311
-0.0348
-0.0229
 0.0239
 0.1053
 0.1797
 0.1949
 0.1834
 0.1297
 0.0332
-0.0284
-0.0348
-0.0303
 0.0024
 0.0819
 0.1576
 0.1903
 0.1752
 0.1329
 0.0574
-0.0354
-0.0595
-0.0455
-0.0197
 0.0396
 0.1319
 0.1677
 0.1600
 0.1348
 0.0662
-0.0202
-0.0665
-0.0739
-0.0545
 0.0120
 0.0946
 0.1342
 0.1380
 0.1122
 0.0484
-0.0455
-0.0986
-0.1010
-0.0917
-0.0343
 0.0561
 0.1204
 0.1319
 0.1148
 0.0585
-0.0367
-0.1124
-0.1300
-0.1170
-0.0734
 0.0048
 0.0787
 0.1047
 0.0938
 0.0580
-0.0253
-0.1138
-0.1446
-0.1364
-0.0936
-0.0215
 0.0694
 0.0946
 0.0851
 0.0566
-0.0242
-0.1119
-0.1491
-0.1428
-0.1263
-0.0675
 0.0308
 0.0824
 0.0914
 0.0566
-0.0133
-0.0968
-0.1579
-0.1547
-0.1289
-0.0949
-0.0109
 0.0598
 0.0635
 0.0372
-0.0298
-0.1220
-0.1965
-0.2159
-0.2140
-0.1749
-0.0960
-0.0311
-0.0141
-0.0242
-0.0766
-0.1584
-0.2379
-0.2621
-0.2544
-0.2278
-0.1654
-0.0776
-0.0261
-0.0261
-0.0707
-0.1473
-0.2342
-0.2682
-0.2531
-0.2278
-0.1603
-0.0675
-0.0197
-0.0133
-0.0425
-0.0954
-0.1818
-0.2337
-0.2273
-0.2089
-0.1579
-0.0619
 0.0019
 0.0199
 0.0088
-0.0444
-0.1308
-0.1914
-0.1957
-0.1768
-0.1276
-0.0556
 0.0221
 0.0447
 0.0383
 0.0043
-0.0734
-0.1542
-0.1776
-0.1616
-0.1276
-0.0481
 0.0401
 0.0654
 0.0561
 0.0245
-0.0486
-0.1271
-0.1643
-0.1624
-0.1212
-0.0468
 0.0359
 0.0832
 0.0920
 0.0731
 0.0157
-0.0776
-0.1321
-0.1276
-0.1130
-0.0564
 0.0308
 0.0856
 0.0925
 0.0805
 0.0213
-0.0657
-0.1226
-0.1327
-0.1138
-0.0646
 0.0282
 0.1008
 0.1210
 0.1127
 0.0603
-0.0292
-0.1010
-0.1156
-0.1061
-0.0827
 0.0029
 0.0965
 0.1210
 0.1172
 0.0768
-0.0013
-0.0848
-0.1093
-0.0936
-0.0619
 0.0056
 0.0952
 0.1356
 0.1393
 0.1034
 0.0300
-0.0513
-0.0928
-0.0941
-0.0747
-0.0051
 0.0824
 0.1449
 0.1563
 0.1260
 0.0694
-0.0229
-0.0840
-0.0917
-0.0734
-0.0229
 0.0617
 0.1369
 0.1545
 0.1420
 0.0787
-0.0114
-0.0776
-0.0928
-0.0790
-0.0412
 0.0502
 0.1388
 0.1406
 0.1348
 0.0965
 0.0175
-0.0526
-0.0885
-0.0859
-0.0513
 0.0221
 0.1122
 0.1462
 0.1489
 0.1122
 0.0340
-0.0455
-0.0986
-0.0891
-0.0595
-0.0032
 0.0845
 0.1324
 0.1337
 0.1127
 0.0473
-0.0468
-0.1069
-0.1138
-0.0904
-0.0354
 0.0484
 0.1148
 0.1210
 0.1058
 0.0497
-0.0367
-0.1037
-0.1194
-0.1037
-0.0532
 0.0194
 0.0901
 0.1077
 0.0976
 0.0574
-0.0152
-0.0949
-0.1151
-0.1050
-0.0766
-0.0008
 0.0864
 0.1210
 0.1172
 0.0768
 0.0029
-0.0803
-0.1188
-0.1130
-0.0803
-0.0165
 0.0763
 0.1268
 0.1218
 0.0837
 0.0149
-0.0670
-0.1175
-0.1231
-0.1087
-0.0588
 0.0383
 0.1002
 0.1058
 0.0920
 0.0271
-0.0545
-0.1308
-0.1257
-0.1069
-0.0707
 0.0194
 0.0984
 0.1135
 0.0875
 0.0428
-0.0348
-0.1055
-0.1226
-0.1106
-0.0683
 0.0029
 0.0888
 0.1140
 0.1191
 0.0901
 0.0037
-0.0766
-0.1074
-0.1005
-0.0675
-0.0082
 0.0845
 0.1236
 0.1223
 0.0970
 0.0314
-0.0380
-0.0816
-0.0917
-0.0657
-0.0051
 0.0763
 0.1268
 0.1324
 0.1122
 0.0510
-0.0393
-0.0917
-0.0891
-0.0752
-0.0311
 0.0593
 0.1329
 0.1438
 0.1361
 0.0965
 0.0074
-0.0657
-0.0835
-0.0766
-0.0362
 0.0409
 0.1178
 0.1420
 0.1388
 0.1047
 0.0245
-0.0619
-0.0986
-0.0922
-0.0651
 0.0069
 0.0965
 0.1337
 0.1337
 0.1071
 0.0346
-0.0588
-0.1111
-0.1061
-0.0848
-0.0261
 0.0704
 0.1199
 0.1167
 0.1002
 0.0441
-0.0595
-0.1194
-0.1239
-0.1023
-0.0582
 0.0207
 0.0832
 0.0883
 0.0718
 0.0239
-0.0545
-0.1249
-0.1401
-0.1271
-0.0949
-0.0128
 0.0603
 0.0845
 0.0864
 0.0377
-0.0494
-0.1207
-0.1451
-0.1603
-0.1276
-0.0436
 0.0314
 0.0561
 0.0447
 0.0074
-0.0670
-0.1624
-0.2159
-0.2198
-0.1965
-0.1327
-0.0431
 0.0024
-0.0101
-0.0292
-0.0798
-0.1643
-0.2260
-0.2430
-0.2318
-0.1704
-0.0747
-0.0165
-0.0040
-0.0152
-0.0776
-0.1603
-0.2273
-0.2406
-0.2177
-0.1693
-0.0840
-0.0109
 0.0080
-0.0064
-0.0412
-0.1138
-0.1946
-0.2185
-0.2148
-0.1744
-0.0968
-0.0064
 0.0226
 0.0162
-0.0114
-0.0867
-0.1736
-0.2097
-0.2047
-0.1736
-0.0992
-0.0141
 0.0396
 0.0391
 0.0043
-0.0505
-0.1313
-0.1800
-0.1661
-0.1414
-0.0936
 0.0093
 0.0649
 0.0673
 0.0566
 0.0043
-0.0776
-0.1422
-0.1515
-0.1414
-0.0885
-0.0101
 0.0580
 0.0813
 0.0699
 0.0276
-0.0436
-0.1106
-0.1295
-0.1199
-0.0816
-0.0077
 0.0774
 0.1127
 0.1077
 0.0750
-0.0051
-0.0936
-0.1212
-0.1130
-0.0803
-0.0183
 0.0723
 0.1127
 0.1117
 0.0914
 0.0189
-0.0683
-0.1151
-0.0992
-0.0715
-0.0266
 0.0694
 0.1329
 0.1457
 0.1223
 0.0654
-0.0191
-0.0877
-0.0986
-0.0816
-0.0311
 0.0566
 0.1329
 0.1481
 0.1287
 0.0787
-0.0045
-0.0758
-0.0904
-0.0798
-0.0417
 0.0377
 0.1117
 0.1329
 0.1292
 0.0938
 0.0144
-0.0651
-0.0973
-0.0986
-0.0675
 0.0138
 0.1090
 0.1444
 0.1348
 0.1098
 0.0479
-0.0513
-0.1042
-0.0835
-0.0550
 0.0056
 0.0901
 0.1420
 0.1475
 0.1319
 0.0723
-0.0160
-0.0827
-0.0853
-0.0683
-0.0128
 0.0800
 0.1412
 0.1614
 0.1380
 0.0896
-0.0021
-0.0726
-0.0808
-0.0657
-0.0223
 0.0580
 0.1406
 0.1499
 0.1393
 0.1103
 0.0327
-0.0444
-0.0619
-0.0651
-0.0425
 0.0372
 0.1241
 0.1664
 0.1526
 0.1154
 0.0561
-0.0449
-0.0720
-0.0909
-0.0790
 0.0000
 0.0782
 0.1356
 0.1499
 0.1148
 0.0510
-0.0247
-0.0835
-0.0904
-0.0877
-0.0393
 0.0598
 0.1241
 0.1361
 0.1287
 0.0635
-0.0284
-0.1018
-0.1220
-0.0928
-0.0449
 0.0351
 0.1103
 0.1311
 0.1210
 0.0712
-0.0165
-0.0941
-0.1106
-0.1069
-0.0936
-0.0210
 0.0824
 0.1122
 0.0997
 0.0598
-0.0058
-0.0960
-0.1332
-0.1263
-0.1050
-0.0303
 0.0654
 0.1066
 0.1066
 0.0883
 0.0175
-0.0739
-0.1313
-0.1295
-0.1010
-0.0354
 0.0484
 0.1002
 0.1008
 0.0819
 0.0441
-0.0436
-0.1289
-0.1473
-0.1111
-0.0595
 0.0138
 0.1021
 0.1172
 0.0997
 0.0617
-0.0253
-0.1101
-0.1194
-0.1119
-0.0835
-0.0082
 0.0933
 0.1178
 0.1109
 0.0946
 0.0157
-0.0702
-0.1037
-0.1069
-0.0827
-0.0027
 0.0824
 0.1154
 0.1167
 0.0957
 0.0181
-0.0670
-0.1263
-0.1239
-0.0904
-0.0284
 0.0649
 0.1191
 0.1186
 0.1066
 0.0492
-0.0375
-0.0853
-0.0885
-0.0803
-0.0412
 0.0529
 0.1172
 0.1255
 0.1228
 0.0662
-0.0077
-0.0798
-0.0973
-0.0702
-0.0274
 0.0548
 0.1324
 0.1558
 0.1521
 0.0997
 0.0226
-0.0601
-0.0960
-0.0790
-0.0518
 0.0130
 0.1098
 0.1470
 0.1521
 0.1154
 0.0290
-0.0564
-0.0973
-0.0936
-0.0734
 0.0019
 0.0957
 0.1311
 0.1531
 0.1481
 0.0782
-0.0160
-0.0928
-0.1042
-0.0752
-0.0266
 0.0622
 0.1380
 0.1595
 0.1342
 0.0832
 0.0061
-0.0689
-0.0771
-0.0696
-0.0335
 0.0423
 0.1204
 0.1499
 0.1462
 0.1135
 0.0239
-0.0683
-0.0941
-0.0840
-0.0505
 0.0239
 0.1066
 0.1388
 0.1297
 0.0907
 0.0271
-0.0569
-0.1119
-0.0909
-0.0595
 0.0048
 0.0914
 0.1425
 0.1608
 0.1420
 0.0763
-0.0191
-0.0747
-0.0790
-0.0752
-0.0152
 0.0768
 0.1457
 0.1608
 0.1319
 0.0864
 0.0024
-0.0670
-0.0790
-0.0588
-0.0027
 0.0699
 0.1489
 0.1723
 0.1622
 0.1154
 0.0327
-0.0486
-0.0739
-0.0707
-0.0354
 0.0452
 0.1273
 0.1576
 0.1576
 0.1223
 0.0497
-0.0253
-0.0614
-0.0606
-0.0500
 0.0226
 0.1085
 0.1499
 0.1571
 0.1191
 0.0566
-0.0303
-0.0758
-0.0707
-0.0588
-0.0027
 0.0832
 0.1481
 0.1558
 0.1311
 0.0782
 0.0011
-0.0526
-0.0707
