 0.0242
 0.0189
 0.0245
 0.0383
 0.0423
 0.0104
-0.0120
-0.0066
-0.0082
-0.0287
-0.0417
-0.0284
-0.0186
-0.0218
-0.0300
-0.0202
-0.0122
-0.0194
-0.0077
 0.0367
 0.0790
 0.0864
 0.0907
 0.0907
 0.0821
 0.0582
 0.0447
 0.0431
 0.0380
 0.0162
 0.0037
 0.0191
 0.0332
 0.0298
 0.0186
 0.0221
 0.0226
 0.0032
-0.0165
-0.0175
-0.0215
-0.0420
-0.0588
-0.0574
-0.0654
-0.0885
-0.0949
-0.0813
-0.0627
-0.0553
-0.0455
-0.0112
 0.0205
 0.0306
 0.0356
 0.0473
 0.0417
 0.0178
 0.0051
 0.0258
 0.0497
 0.0423
 0.0258
 0.0255
 0.0144
-0.0175
-0.0444
-0.0532
-0.0657
-0.0912
-0.1053
-0.0928
-0.0843
-0.0896
-0.0792
-0.0502
-0.0327
-0.0130
 0.0029
 0.0417
 0.0776
 0.0747
 0.0665
 0.0784
 0.0819
 0.0609
 0.0455
 0.0513
 0.0473
 0.0239
 0.0088
 0.0173
 0.0245
 0.0101
 0.0043
 0.0133
 0.0178
-0.0066
-0.0303
-0.0274
-0.0276
-0.0529
-0.0699
-0.0548
-0.0314
-0.0330
-0.0362
-0.0146
 0.0058
-0.0048
-0.0066
 0.0106
 0.0306
 0.0218
 0.0122
 0.0064
-0.0061
-0.0393
-0.0561
-0.0412
-0.0271
-0.0356
-0.0364
-0.0258
-0.0181
-0.0420
-0.0673
-0.0739
-0.0872
-0.1101
-0.1252
-0.1119
-0.0960
-0.0997
-0.0920
-0.0646
-0.0348
-0.0284
-0.0290
-0.0106
 0.0048
 0.0032
 0.0096
 0.0362
 0.0532
 0.0367
 0.0120
-0.0005
-0.0090
-0.0250
-0.0370
-0.0239
-0.0082
-0.0261
-0.0399
-0.0292
-0.0207
-0.0407
-0.0545
-0.0436
-0.0436
-0.0542
-0.0577
-0.0338
-0.0120
-0.0074
 0.0000
 0.0314
 0.0489
 0.0292
 0.0106
 0.0109
 0.0074
-0.0167
-0.0401
-0.0359
-0.0412
-0.0566
-0.0686
-0.0646
-0.0614
-0.0728
-0.0896
-0.0835
-0.0731
-0.0891
-0.0914
-0.0726
-0.0625
-0.0609
-0.0627
-0.0476
-0.0391
-0.0598
-0.0657
-0.0489
-0.0319
-0.0330
-0.0338
 0.0000
 0.0207
 0.0173
 0.0271
 0.0532
 0.0619
 0.0428
 0.0162
 0.0066
-0.0032
-0.0215
-0.0292
-0.0181
-0.0160
-0.0385
-0.0641
-0.0622
-0.0582
-0.0627
-0.0611
-0.0399
-0.0181
-0.0266
-0.0319
-0.0186
-0.0162
-0.0335
-0.0484
-0.0370
-0.0335
-0.0460
-0.0556
-0.0412
-0.0441
-0.0625
-0.0694
-0.0590
-0.0444
-0.0566
-0.0646
-0.0473
-0.0295
-0.0385
-0.0534
-0.0526
-0.0518
-0.0739
-0.0912
-0.0848
-0.0837
-0.1010
-0.1124
-0.1018
-0.1008
-0.1252
-0.1356
-0.1180
-0.1066
-0.1164
-0.1180
-0.1018
-0.0896
-0.0968
-0.0997
-0.0798
-0.0630
-0.0739
-0.0813
-0.0774
-0.0742
-0.0784
-0.0784
-0.0582
-0.0476
-0.0595
-0.0851
-0.0864
-0.0909
-0.1103
-0.1106
-0.0914
-0.0816
-0.0907
-0.0997
-0.0978
-0.1026
-0.1233
-0.1406
-0.1303
-0.1138
-0.1175
-0.1082
-0.0893
-0.0723
-0.0673
-0.0595
-0.0287
 0.0051
 0.0066
 0.0072
 0.0199
 0.0130
-0.0167
-0.0314
-0.0229
-0.0125
-0.0276
-0.0449
-0.0332
-0.0141
-0.0160
-0.0202
-0.0035
 0.0008
-0.0197
-0.0362
-0.0391
-0.0463
-0.0689
-0.0896
-0.0813
-0.0673
-0.0582
-0.0420
 0.0008
 0.0346
 0.0391
 0.0409
 0.0609
 0.0728
 0.0627
 0.0558
 0.0641
 0.0707
 0.0577
 0.0370
 0.0306
 0.0202
-0.0077
-0.0332
-0.0300
-0.0202
-0.0266
-0.0261
-0.0098
-0.0011
-0.0173
-0.0218
-0.0165
-0.0271
-0.0651
-0.0965
-0.0970
-0.0960
-0.1095
-0.1082
-0.0718
-0.0372
-0.0162
 0.0064
 0.0415
 0.0691
 0.0726
 0.0867
 0.1109
 0.1199
 0.1000
 0.0651
 0.0479
 0.0441
 0.0261
 0.0093
 0.0199
 0.0303
 0.0173
 0.0048
 0.0114
 0.0093
-0.0027
-0.0093
 0.0064
 0.0106
-0.0082
-0.0284
-0.0250
-0.0205
-0.0359
-0.0526
-0.0375
-0.0090
 0.0008
 0.0037
 0.0152
 0.0221
 0.0058
-0.0207
-0.0399
-0.0670
-0.0978
-0.1220
-0.1077
-0.0933
-0.0946
-0.0978
-0.0835
-0.0736
-0.0843
-0.0994
-0.0970
-0.1010
-0.1233
-0.1319
-0.1093
-0.0904
-0.0925
-0.0952
-0.0848
-0.0896
-0.1159
-0.1295
-0.1154
-0.0907
-0.0835
-0.0813
-0.0622
-0.0348
-0.0287
-0.0284
-0.0112
-0.0056
-0.0130
-0.0162
-0.0074
 0.0035
-0.0109
-0.0160
-0.0040
-0.0082
-0.0383
-0.0617
-0.0566
-0.0516
-0.0654
-0.0646
-0.0330
-0.0189
-0.0359
-0.0513
-0.0534
-0.0641
-0.0821
-0.0965
-0.0976
-0.1039
-0.1319
-0.1497
-0.1327
-0.1079
-0.0989
-0.0821
-0.0497
-0.0383
-0.0518
-0.0622
-0.0558
-0.0540
-0.0665
-0.0702
-0.0433
-0.0138
-0.0074
 0.0000
 0.0146
 0.0160
-0.0069
-0.0136
 0.0101
 0.0287
 0.0218
 0.0199
 0.0314
 0.0415
 0.0263
 0.0074
 0.0037
-0.0077
-0.0348
-0.0516
-0.0548
-0.0625
-0.0824
-0.0981
-0.0954
-0.0904
-0.1039
-0.1034
-0.0816
-0.0665
-0.0627
-0.0553
-0.0276
-0.0088
-0.0160
-0.0247
-0.0117
-0.0173
-0.0348
-0.0292
 0.0032
 0.0306
 0.0324
 0.0226
 0.0287
 0.0234
-0.0178
-0.0518
-0.0712
-0.0989
-0.1374
-0.1595
-0.1669
-0.1659
-0.1715
-0.1677
-0.1420
-0.1148
-0.1135
-0.1066
-0.0779
-0.0529
-0.0572
-0.0630
-0.0510
-0.0385
-0.0433
-0.0412
-0.0149
 0.0061
 0.0101
 0.0276
 0.0556
 0.0678
 0.0580
 0.0473
 0.0619
 0.0776
 0.0651
 0.0577
 0.0643
 0.0566
 0.0178
-0.0146
-0.0287
-0.0425
-0.0731
-0.0864
-0.0837
-0.0774
-0.0829
-0.0805
-0.0484
-0.0250
-0.0261
-0.0351
-0.0266
-0.0231
-0.0500
-0.0683
-0.0696
-0.0731
-0.0853
-0.0899
-0.0641
-0.0556
-0.0774
-0.1063
-0.1031
-0.1101
-0.1295
-0.1382
-0.1249
-0.1204
-0.1374
-0.1526
-0.1454
-0.1428
-0.1545
-0.1526
-0.1130
-0.0885
-0.0798
-0.0683
-0.0468
-0.0404
-0.0561
-0.0718
-0.0630
-0.0545
-0.0460
-0.0239
 0.0221
 0.0550
 0.0622
 0.0580
 0.0606
 0.0556
 0.0191
-0.0146
-0.0300
-0.0502
-0.0851
-0.1130
-0.1180
-0.1178
-0.1265
-0.1199
-0.0861
-0.0643
-0.0598
-0.0614
-0.0417
-0.0362
-0.0524
-0.0654
-0.0532
-0.0479
-0.0603
-0.0510
-0.0258
 0.0021
 0.0157
 0.0359
 0.0670
 0.0883
 0.0798
 0.0707
 0.0670
 0.0457
 0.0080
-0.0178
-0.0215
-0.0308
-0.0505
-0.0601
-0.0457
-0.0300
-0.0290
-0.0284
-0.0106
 0.0035
-0.0082
-0.0284
-0.0364
-0.0540
-0.0821
-0.1055
-0.0952
-0.0766
-0.0750
-0.0673
-0.0383
-0.0074
-0.0024
-0.0080
-0.0011
-0.0088
-0.0351
-0.0505
-0.0404
-0.0404
-0.0532
-0.0643
-0.0548
-0.0444
-0.0542
-0.0572
-0.0388
-0.0322
-0.0513
-0.0633
-0.0627
-0.0630
-0.0952
-0.1231
-0.1236
-0.1175
-0.1159
-0.1013
-0.0598
-0.0207
-0.0197
-0.0207
-0.0053
 0.0072
-0.0104
-0.0239
-0.0207
-0.0120
-0.0234
-0.0181
 0.0160
 0.0479
 0.0460
 0.0508
 0.0750
 0.0824
 0.0739
 0.0582
 0.0447
 0.0261
-0.0210
-0.0603
-0.0638
-0.0657
-0.0813
-0.1010
-0.0922
-0.0811
-0.0909
-0.1031
-0.0861
-0.0702
-0.0792
-0.0792
-0.0633
-0.0510
-0.0609
-0.0617
-0.0449
-0.0316
-0.0492
-0.0569
-0.0428
-0.0300
-0.0399
-0.0444
-0.0316
-0.0234
-0.0338
-0.0417
-0.0239
-0.0074
-0.0037
-0.0008
 0.0231
 0.0362
 0.0226
 0.0051
 0.0008
-0.0024
-0.0385
-0.0779
-0.0891
-0.0813
-0.0792
-0.0742
-0.0524
-0.0346
-0.0343
-0.0207
 0.0141
 0.0441
 0.0473
 0.0572
 0.0816
 0.0888
 0.0595
 0.0263
 0.0199
 0.0130
-0.0019
-0.0090
 0.0074
 0.0229
 0.0136
 0.0064
 0.0090
 0.0144
 0.0032
-0.0056
-0.0005
-0.0021
-0.0215
-0.0359
-0.0215
-0.0178
-0.0314
-0.0330
-0.0069
 0.0120
 0.0090
 0.0064
 0.0229
 0.0282
 0.0066
-0.0045
 0.0029
 0.0080
-0.0019
-0.0019
 0.0149
 0.0268
 0.0165
 0.0080
 0.0162
 0.0152
-0.0109
-0.0425
-0.0572
-0.0715
-0.0954
-0.1109
-0.0904
-0.0712
-0.0891
-0.0994
-0.0867
-0.0811
-0.0968
-0.1233
-0.1215
-0.1191
-0.1260
-0.1332
-0.1090
-0.0784
-0.0646
-0.0417
-0.0011
 0.0385
 0.0486
 0.0553
 0.0726
 0.0779
 0.0564
 0.0441
 0.0481
 0.0625
 0.0595
 0.0641
 0.0861
 0.1000
 0.0859
 0.0681
 0.0651
 0.0553
 0.0133
-0.0215
-0.0221
-0.0205
-0.0412
-0.0574
-0.0561
-0.0526
-0.0763
-0.0896
-0.0821
-0.0728
-0.0728
-0.0627
-0.0261
 0.0016
-0.0051
-0.0098
 0.0011
 0.0088
-0.0045
-0.0197
-0.0175
-0.0098
-0.0276
-0.0399
-0.0343
-0.0314
-0.0510
-0.0638
-0.0524
-0.0391
-0.0510
-0.0630
-0.0617
-0.0534
-0.0590
-0.0630
-0.0489
-0.0362
-0.0441
-0.0425
-0.0319
-0.0316
-0.0433
-0.0510
-0.0460
-0.0393
-0.0526
-0.0630
-0.0556
-0.0417
-0.0436
-0.0417
-0.0205
 0.0035
-0.0021
-0.0011
 0.0218
 0.0362
 0.0282
 0.0175
 0.0247
 0.0292
 0.0032
-0.0160
-0.0207
-0.0306
-0.0585
-0.0739
-0.0686
-0.0548
-0.0574
-0.0542
-0.0250
-0.0005
 0.0021
 0.0043
 0.0242
 0.0311
 0.0130
 0.0003
 0.0045
 0.0053
-0.0082
-0.0306
-0.0468
-0.0558
-0.0843
-0.1055
-0.0994
-0.0808
-0.0689
-0.0553
-0.0330
-0.0189
-0.0303
-0.0492
-0.0457
-0.0425
-0.0681
-0.0813
-0.0689
-0.0510
-0.0484
-0.0401
-0.0088
 0.0120
 0.0149
 0.0258
 0.0542
 0.0747
 0.0681
 0.0665
 0.0803
 0.0893
 0.0742
 0.0670
 0.0718
 0.0728
 0.0481
 0.0324
 0.0524
 0.0798
 0.0832
 0.0960
 0.1260
 0.1385
 0.1196
 0.0946
 0.0968
 0.0920
 0.0707
 0.0542
 0.0611
 0.0625
 0.0572
 0.0630
 0.0907
 0.1188
 0.1109
 0.0978
 0.0901
 0.0739
 0.0247
-0.0160
-0.0258
-0.0319
-0.0492
-0.0553
-0.0295
-0.0056
-0.0088
-0.0056
 0.0173
 0.0292
 0.0144
 0.0019
 0.0157
 0.0274
 0.0311
 0.0383
 0.0598
 0.0739
 0.0569
 0.0484
 0.0598
 0.0670
 0.0494
 0.0276
 0.0276
 0.0231
 0.0024
-0.0186
-0.0175
-0.0218
-0.0468
-0.0595
-0.0473
-0.0364
-0.0346
-0.0375
-0.0152
-0.0024
-0.0098
-0.0136
 0.0035
 0.0199
 0.0160
 0.0152
 0.0383
 0.0585
 0.0513
 0.0494
 0.0691
 0.0883
 0.0779
 0.0601
 0.0521
 0.0314
-0.0261
-0.0755
-0.0864
-0.0909
-0.1103
-0.1122
-0.0883
-0.0782
-0.0824
-0.0808
-0.0651
-0.0572
-0.0651
-0.0654
-0.0420
-0.0319
-0.0486
-0.0582
-0.0588
-0.0588
-0.0689
-0.0654
-0.0447
-0.0271
-0.0330
-0.0274
 0.0074
 0.0396
 0.0359
 0.0292
 0.0444
 0.0585
 0.0396
 0.0173
 0.0019
-0.0133
-0.0449
-0.0752
-0.0723
-0.0739
-0.0952
-0.1069
-0.0904
-0.0824
-0.0920
-0.0864
-0.0601
-0.0431
-0.0497
-0.0518
-0.0322
-0.0149
-0.0207
-0.0306
-0.0308
-0.0316
-0.0433
-0.0433
-0.0167
 0.0175
 0.0348
 0.0441
 0.0641
 0.0779
 0.0734
 0.0678
 0.0869
 0.0965
 0.0643
 0.0582
 0.0619
 0.0957
 0.0720
 0.0388
 0.0553
 0.0428
-0.0112
-0.0207
 0.0072
 0.0085
-0.0035
-0.0117
 0.0242
 0.0508
 0.0425
 0.0362
 0.0585
 0.0734
 0.0585
 0.0726
 0.0651
 0.0425
 0.0136
 0.0005
 0.0165
 0.0359
 0.0431
 0.0643
 0.0933
 0.1127
 0.1119
 0.0986
 0.1119
 0.1023
 0.0720
 0.0601
 0.0673
 0.0904
 0.0949
 0.0992
 0.1257
 0.1515
 0.1441
 0.1327
 0.1393
 0.1380
 0.1175
 0.0973
 0.0896
 0.0816
 0.0516
 0.0274
 0.0292
 0.0428
 0.0258
 0.0250
 0.0380
 0.0471
 0.0479
 0.0532
 0.0864
 0.1231
 0.1268
 0.1372
 0.1608
 0.1707
 0.1545
 0.1454
 0.1507
 0.1611
 0.1396
 0.1353
 0.1438
 0.1558
 0.1393
 0.1353
 0.1558
 0.1680
 0.1558
 0.1319
 0.1358
 0.1324
 0.1066
 0.1018
 0.1183
 0.1345
 0.1313
 0.1204
 0.1332
 0.1497
 0.1521
 0.1661
 0.1837
 0.2063
 0.2092
 0.2004
 0.2060
 0.2087
 0.1877
 0.1622
 0.1619
 0.1638
 0.1409
 0.1340
 0.1436
 0.1584
 0.1515
 0.1385
 0.1467
 0.1502
 0.1313
 0.1122
 0.1247
 0.1186
 0.1031
 0.0936
 0.1063
 0.1135
 0.0989
 0.0750
 0.0649
 0.0665
 0.0391
 0.0271
 0.0428
 0.0606
 0.0641
 0.0667
 0.0875
 0.1018
 0.0957
 0.0920
 0.1143
 0.1327
 0.1287
 0.1356
 0.1600
 0.1832
 0.1858
 0.1951
 0.2153
 0.2310
 0.2169
 0.2028
 0.1949
 0.1848
 0.1507
 0.1202
 0.1117
 0.1002
 0.0750
 0.0444
 0.0391
 0.0330
 0.0133
 0.0008
 0.0104
 0.0215
 0.0146
-0.0090
-0.0064
-0.0024
-0.0178
-0.0229
-0.0080
 0.0053
 0.0077
 0.0133
 0.0439
 0.0667
 0.0651
 0.0662
 0.0811
 0.0867
 0.0736
 0.0566
 0.0651
 0.0845
 0.0845
 0.0816
 0.0962
 0.1098
 0.1047
 0.0936
 0.0992
 0.0965
 0.0683
 0.0471
 0.0417
 0.0417
 0.0205
 0.0053
 0.0157
 0.0218
-0.0027
-0.0237
-0.0247
-0.0194
-0.0287
-0.0335
-0.0194
-0.0013
-0.0040
-0.0074
 0.0077
 0.0226
 0.0136
 0.0114
 0.0327
 0.0545
 0.0540
 0.0588
 0.0851
 0.1079
 0.1008
 0.0936
 0.1045
 0.1164
 0.0965
 0.0771
 0.0766
 0.0840
 0.0558
 0.0191
 0.0008
-0.0189
-0.0638
-0.0978
-0.0992
-0.0981
-0.1101
-0.1143
-0.0968
-0.0877
-0.1082
-0.1329
-0.1308
-0.1249
-0.1420
-0.1600
-0.1300
-0.1130
-0.1215
-0.1374
-0.1319
-0.1204
-0.1327
-0.1449
-0.1271
-0.1164
-0.1321
-0.1358
-0.1167
-0.0880
-0.0883
-0.0907
-0.0702
-0.0463
-0.0476
-0.0561
-0.0444
-0.0486
-0.0766
-0.1077
-0.1202
-0.1284
-0.1584
-0.1877
-0.1848
-0.1797
-0.1898
-0.1911
-0.1826
-0.1685
-0.1898
-0.2089
-0.1996
-0.1893
-0.2002
-0.2058
-0.1903
-0.1688
-0.1688
-0.1624
-0.1350
-0.1090
-0.1106
-0.1055
-0.0829
-0.0665
-0.0665
-0.0766
-0.0505
-0.0348
-0.0473
-0.0670
-0.0638
-0.0532
-0.0566
-0.0526
-0.0335
-0.0271
-0.0633
-0.1074
-0.1361
-0.1595
-0.2036
-0.2459
-0.2658
-0.2770
-0.2935
-0.2988
-0.2866
-0.2765
-0.2821
-0.2882
-0.2781
-0.2706
-0.2831
-0.2898
-0.2677
-0.2398
-0.2284
-0.2116
-0.1757
-0.1444
-0.1398
-0.1327
-0.1135
-0.0970
-0.1132
-0.1398
-0.1369
-0.1319
-0.1446
-0.1595
-0.1558
-0.1502
-0.1560
-0.1611
-0.1420
-0.1273
-0.1350
-0.1345
-0.1135
-0.1002
-0.0992
-0.1047
-0.0829
-0.0686
-0.0856
-0.1180
-0.1319
-0.1430
-0.1784
-0.2060
-0.2010
-0.1840
-0.1853
-0.1826
-0.1595
-0.1207
-0.1031
-0.0800
-0.0449
-0.0141
-0.0154
-0.0218
-0.0160
-0.0120
-0.0308
-0.0484
-0.0486
-0.0457
-0.0598
-0.0646
-0.0534
-0.0473
-0.0665
-0.0843
-0.0896
-0.1034
-0.1265
-0.1531
-0.1560
-0.1622
-0.1850
-0.2010
-0.1856
-0.1624
-0.1693
-0.1768
-0.1646
-0.1515
-0.1542
-0.1489
-0.1244
-0.0938
-0.0877
-0.0893
-0.0808
-0.0758
-0.0864
-0.0949
-0.0558
-0.0191
-0.0090
 0.0003
 0.0029
 0.0375
 0.0550
 0.0691
 0.0516
 0.0710
 0.0867
 0.0558
 0.0380
 0.0037
-0.0141
-0.0768
-0.1122
-0.1228
-0.1047
-0.1106
-0.0774
-0.0441
-0.0303
-0.0404
-0.0258
-0.0122
-0.0327
-0.0532
-0.0284
-0.0191
-0.0234
-0.0181
 0.0029
 0.0234
 0.0471
 0.0638
 0.0981
 0.1324
 0.1374
 0.1491
 0.1648
 0.1778
 0.1478
 0.1191
 0.1106
 0.0944
 0.0513
 0.0130
-0.0053
-0.0120
-0.0120
-0.0175
-0.0112
 0.0077
 0.0029
-0.0048
 0.0019
 0.0048
-0.0146
-0.0162
 0.0058
 0.0205
 0.0130
 0.0128
 0.0479
 0.0811
 0.0851
 0.0768
 0.0853
 0.0933
 0.0718
 0.0726
 0.0867
 0.0933
 0.0792
 0.0595
 0.0704
 0.0837
 0.0824
 0.0803
 0.0936
 0.1117
 0.1045
 0.0981
 0.1178
 0.1239
 0.1212
 0.1156
 0.1342
 0.1521
 0.1356
 0.1093
 0.0952
 0.0920
 0.0526
 0.0242
 0.0258
 0.0298
 0.0136
 0.0106
 0.0205
 0.0276
 0.0186
 0.0189
 0.0327
 0.0428
 0.0303
 0.0149
 0.0229
 0.0311
 0.0268
 0.0213
 0.0383
 0.0401
 0.0215
 0.0005
 0.0035
 0.0122
 0.0061
 0.0088
 0.0396
 0.0662
 0.0707
 0.0707
 0.0925
 0.1010
 0.0861
 0.0704
 0.0790
 0.0845
 0.0683
 0.0577
 0.0699
 0.0909
 0.0851
 0.0686
 0.0712
 0.0625
 0.0268
 0.0072
 0.0199
 0.0221
 0.0032
-0.0138
-0.0149
-0.0037
-0.0051
 0.0077
 0.0367
 0.0598
 0.0630
 0.0553
 0.0681
 0.0747
 0.0486
 0.0247
 0.0346
 0.0521
 0.0471
 0.0529
 0.0742
 0.0933
 0.0976
 0.0981
 0.1273
 0.1436
 0.1337
 0.1233
 0.1329
 0.1417
 0.1311
 0.1305
 0.1534
 0.1661
 0.1515
 0.1401
 0.1348
 0.1313
 0.1029
 0.0784
 0.0771
 0.0691
 0.0375
 0.0085
 0.0019
 0.0088
 0.0037
 0.0144
 0.0399
 0.0580
 0.0486
 0.0319
 0.0303
 0.0191
-0.0045
-0.0300
-0.0276
-0.0234
-0.0351
-0.0407
-0.0250
-0.0021
 0.0085
 0.0263
 0.0723
 0.1103
 0.1342
 0.1587
 0.1980
 0.2297
 0.2345
 0.2435
 0.2690
 0.2983
 0.2972
 0.2815
 0.2589
 0.2276
 0.1755
 0.1332
 0.1207
 0.1215
 0.1087
 0.1098
 0.1300
 0.1521
 0.1550
 0.1513
 0.1704
 0.1840
 0.1667
 0.1465
 0.1491
 0.1430
 0.1220
 0.1031
 0.1045
 0.1055
 0.0907
 0.0747
 0.0808
 0.0853
 0.0606
 0.0431
 0.0553
 0.0638
 0.0521
 0.0545
 0.0734
 0.0986
 0.1034
 0.0917
 0.1047
 0.1045
 0.0739
 0.0510
 0.0556
 0.0556
 0.0380
 0.0136
 0.0104
 0.0021
-0.0266
-0.0447
-0.0569
-0.0566
-0.0651
-0.0766
-0.0625
-0.0505
-0.0736
-0.0936
-0.0867
-0.0739
-0.0731
-0.0731
-0.0486
-0.0215
-0.0191
-0.0189
-0.0066
 0.0066
-0.0024
-0.0080
 0.0043
 0.0215
 0.0048
-0.0064
 0.0162
 0.0362
 0.0380
 0.0479
 0.0782
 0.1018
 0.1000
 0.0930
 0.0989
 0.0946
 0.0734
 0.0484
 0.0526
 0.0638
 0.0556
 0.0298
 0.0276
 0.0396
 0.0261
 0.0117
 0.0199
 0.0218
-0.0051
-0.0237
-0.0207
-0.0181
-0.0433
-0.0750
-0.0728
-0.0441
-0.0322
-0.0287
 0.0045
 0.0271
 0.0194
 0.0080
 0.0074
 0.0053
-0.0191
-0.0393
-0.0428
-0.0295
-0.0412
-0.0356
-0.0027
 0.0388
 0.0609
 0.0768
 0.1191
 0.1592
 0.1675
 0.1755
 0.1901
 0.2089
 0.1988
 0.1802
 0.1837
 0.1768
 0.1465
 0.1228
 0.1170
 0.1154
 0.0792
 0.0457
 0.0439
 0.0582
 0.0428
 0.0298
 0.0479
 0.0572
 0.0383
 0.0250
 0.0396
 0.0558
 0.0460
 0.0327
 0.0473
 0.0545
 0.0370
 0.0234
 0.0354
 0.0447
 0.0417
 0.0396
 0.0601
 0.0795
 0.0686
 0.0622
 0.0739
 0.0805
 0.0673
 0.0510
 0.0550
 0.0550
 0.0412
 0.0231
 0.0343
 0.0524
 0.0497
 0.0444
 0.0580
 0.0686
 0.0593
 0.0532
 0.0699
 0.0848
 0.0707
 0.0540
 0.0439
 0.0367
 0.0114
-0.0138
-0.0098
-0.0011
-0.0181
-0.0261
-0.0096
 0.0024
-0.0162
-0.0393
-0.0385
-0.0300
-0.0359
-0.0266
 0.0066
 0.0359
 0.0338
 0.0239
 0.0343
 0.0433
 0.0207
-0.0027
-0.0027
-0.0035
-0.0160
-0.0271
-0.0098
 0.0157
 0.0284
 0.0484
 0.0936
 0.1332
 0.1467
 0.1555
 0.1810
 0.2074
 0.2143
 0.2164
 0.2294
 0.2331
 0.2058
 0.1693
 0.1582
 0.1608
 0.1430
 0.1327
 0.1422
 0.1478
 0.1345
 0.1090
 0.0986
 0.0901
 0.0521
 0.0104
-0.0130
-0.0319
-0.0627
-0.0805
-0.0731
-0.0518
-0.0542
-0.0500
-0.0300
-0.0136
-0.0274
-0.0415
-0.0284
-0.0178
-0.0338
-0.0479
-0.0425
-0.0338
-0.0362
-0.0338
-0.0080
 0.0290
 0.0473
 0.0691
 0.1212
 0.1595
 0.1731
 0.1792
 0.1919
 0.2012
 0.1797
 0.1627
 0.1693
 0.1709
 0.1661
 0.1587
 0.1600
 0.1592
 0.1342
 0.1148
 0.1170
 0.1257
 0.1135
 0.0893
 0.0859
 0.0667
 0.0306
-0.0109
-0.0096
 0.0066
 0.0048
 0.0066
 0.0245
 0.0314
 0.0149
-0.0019
-0.0069
-0.0011
-0.0112
-0.0133
 0.0109
 0.0290
 0.0324
 0.0271
 0.0537
 0.0832
 0.0891
 0.0907
 0.1071
 0.1255
 0.1268
 0.1340
 0.1611
 0.1808
 0.1667
 0.1353
 0.1191
 0.1090
 0.0837
 0.0500
 0.0508
 0.0654
 0.0638
 0.0588
 0.0766
 0.0925
 0.0792
 0.0486
 0.0558
 0.0726
 0.0736
 0.0696
 0.0763
 0.0771
 0.0564
 0.0319
 0.0370
 0.0391
 0.0303
 0.0271
 0.0516
 0.0805
 0.0957
 0.1101
 0.1316
 0.1486
 0.1332
 0.1148
 0.1188
 0.1263
 0.1101
 0.0986
 0.1135
 0.1268
 0.1215
 0.1098
 0.1271
 0.1361
 0.1271
 0.1196
 0.1337
 0.1467
 0.1361
 0.1196
 0.1196
 0.1077
 0.0630
 0.0215
 0.0149
 0.0045
-0.0154
-0.0287
-0.0279
-0.0308
-0.0601
-0.0922
-0.0941
-0.0795
-0.0774
-0.0681
-0.0526
-0.0375
-0.0460
-0.0609
-0.0585
-0.0545
-0.0670
-0.0811
-0.0731
-0.0601
-0.0681
-0.0774
-0.0633
-0.0343
-0.0234
-0.0141
 0.0175
 0.0457
 0.0497
 0.0635
 0.0922
 0.1109
 0.1058
 0.0978
 0.1170
 0.1366
 0.1361
 0.1159
 0.1164
 0.1130
 0.0840
 0.0577
 0.0635
 0.0694
 0.0428
 0.0064
-0.0027
-0.0069
-0.0332
-0.0479
-0.0513
-0.0534
-0.0712
-0.0885
-0.0853
-0.0702
-0.0683
-0.0723
-0.0412
-0.0295
-0.0279
-0.0431
-0.0385
-0.0330
-0.0524
-0.0689
-0.0625
-0.0603
-0.0755
-0.0989
-0.0784
-0.0553
-0.0569
-0.0457
-0.0032
 0.0338
 0.0550
 0.0771
 0.0986
 0.1276
 0.1311
 0.1241
 0.1401
 0.1624
 0.1640
 0.1680
 0.1946
 0.2140
 0.2135
 0.2140
 0.2262
 0.2132
 0.1763
 0.1393
 0.1204
 0.0994
 0.0566
 0.0231
 0.0250
 0.0298
 0.0157
-0.0082
-0.0152
-0.0178
-0.0404
-0.0617
-0.0683
-0.0614
-0.0885
-0.1135
-0.1074
-0.0962
-0.1055
-0.1178
-0.1061
-0.0811
-0.0625
-0.0548
-0.0141
 0.0268
 0.0441
 0.0460
 0.0649
 0.0883
 0.0893
 0.0824
 0.0981
 0.1228
 0.1196
 0.1233
 0.1483
 0.1648
 0.1579
 0.1430
 0.1430
 0.1478
 0.1284
 0.1090
 0.1132
 0.1191
 0.1034
 0.0851
 0.0760
 0.0556
 0.0051
-0.0473
-0.0582
-0.0548
-0.0752
-0.0928
-0.0821
-0.0779
-0.1066
-0.1247
-0.1207
-0.1103
-0.1151
-0.1162
-0.0997
-0.0723
-0.0582
-0.0463
-0.0146
 0.0061
 0.0011
 0.0048
 0.0319
 0.0569
 0.0611
 0.0611
 0.0752
 0.0944
 0.0867
 0.0880
 0.1101
 0.1356
 0.1422
 0.1438
 0.1632
 0.1829
 0.1611
 0.1276
 0.1119
 0.0901
 0.0606
 0.0316
 0.0234
 0.0189
-0.0088
-0.0391
-0.0436
-0.0377
-0.0561
-0.0715
-0.0516
-0.0351
-0.0457
-0.0643
-0.0561
-0.0420
-0.0572
-0.0598
-0.0500
-0.0279
-0.0197
-0.0074
 0.0215
 0.0452
 0.0383
 0.0282
 0.0497
 0.0681
 0.0696
 0.0619
 0.0763
 0.0875
 0.0638
 0.0375
 0.0298
 0.0258
 0.0074
-0.0173
-0.0066
 0.0008
-0.0066
-0.0149
-0.0088
-0.0008
-0.0175
-0.0383
-0.0364
-0.0322
-0.0545
-0.0811
-0.0752
-0.0659
-0.0742
-0.0899
-0.0800
-0.0646
-0.0545
-0.0532
-0.0167
 0.0213
 0.0332
 0.0439
 0.0734
 0.1002
 0.1114
 0.1188
 0.1451
 0.1752
 0.1760
 0.1733
 0.1957
 0.2097
 0.2097
 0.2089
 0.2204
 0.2129
 0.1792
 0.1417
 0.1117
 0.0904
 0.0484
 0.0008
-0.0162
-0.0207
-0.0518
-0.0798
-0.0774
-0.0707
-0.0968
-0.1247
-0.1374
-0.1483
-0.1763
-0.2007
-0.2004
-0.1933
-0.2092
-0.2113
-0.1946
-0.1739
-0.1741
-0.1723
-0.1529
-0.1247
-0.1148
-0.1079
-0.0766
-0.0383
-0.0109
 0.0162
 0.0625
 0.1045
 0.1199
 0.1202
 0.1356
 0.1422
 0.1276
 0.1122
 0.1186
 0.1345
 0.1313
 0.1212
 0.1172
 0.1101
 0.0747
 0.0303
 0.0080
-0.0061
-0.0412
-0.0638
-0.0643
-0.0651
-0.0864
-0.1132
-0.1090
-0.1077
-0.1340
-0.1552
-0.1616
-0.1590
-0.1744
-0.1980
-0.1946
-0.1824
-0.1911
-0.1988
-0.1826
-0.1616
-0.1497
-0.1329
-0.0936
-0.0532
-0.0431
-0.0497
-0.0391
-0.0362
-0.0603
-0.0912
-0.0938
-0.0909
-0.1079
-0.1271
-0.1194
-0.1135
-0.1249
-0.1335
-0.1265
-0.1276
-0.1459
-0.1579
-0.1470
-0.1287
-0.1374
-0.1457
-0.1303
-0.1079
-0.1143
-0.1233
-0.1023
-0.0872
-0.0968
-0.1135
-0.1178
-0.1295
-0.1595
-0.1853
-0.1922
-0.1879
-0.2015
-0.2217
-0.2185
-0.2116
-0.2321
-0.2510
-0.2395
-0.2177
-0.2068
-0.2066
-0.1922
-0.1794
-0.1885
-0.2066
-0.2034
-0.1949
-0.2060
-0.2164
-0.2180
-0.2164
-0.2286
-0.2401
-0.2270
-0.2089
-0.2063
-0.1975
-0.1755
-0.1441
-0.1327
-0.1265
-0.0976
-0.0627
-0.0476
-0.0308
 0.0064
 0.0566
 0.0771
 0.0792
 0.1055
 0.1226
 0.1186
 0.1156
 0.1146
 0.1135
 0.0853
 0.0455
 0.0255
 0.0088
-0.0338
-0.0699
-0.0787
-0.0784
-0.0922
-0.1132
-0.1180
-0.1233
-0.1630
-0.1941
-0.2087
-0.2228
-0.2480
-0.2600
-0.2387
-0.2031
-0.2039
-0.2074
-0.2010
-0.1959
-0.2108
-0.2257
-0.2132
-0.1994
-0.2113
-0.2193
-0.2074
-0.1869
-0.1872
-0.1872
-0.1555
-0.1167
-0.0899
-0.0627
-0.0237
 0.0144
 0.0290
 0.0338
 0.0622
 0.0896
 0.0914
 0.0909
 0.1058
 0.1178
 0.1031
 0.0779
 0.0792
 0.0784
 0.0524
 0.0282
 0.0101
-0.0074
-0.0308
-0.0667
-0.0782
-0.0726
-0.0891
-0.1117
-0.1124
-0.1321
-0.1590
-0.1895
-0.1954
-0.1967
-0.2026
-0.1978
-0.1696
-0.1499
-0.1622
-0.1728
-0.1614
-0.1430
-0.1497
-0.1467
-0.1263
-0.1087
-0.1191
-0.1401
-0.1327
-0.1358
-0.1491
-0.1646
-0.1483
-0.1101
-0.0933
-0.0792
-0.0425
-0.0064
 0.0016
 0.0199
 0.0502
 0.0755
 0.0920
 0.1098
 0.1385
 0.1664
 0.1576
 0.1568
 0.1683
 0.1778
 0.1521
 0.1252
 0.1034
 0.0907
 0.0444
-0.0130
-0.0428
-0.0686
-0.1074
-0.1547
-0.1736
-0.1755
-0.2015
-0.2172
-0.2082
-0.1983
-0.2119
-0.2331
-0.2363
-0.2371
-0.2743
-0.3081
-0.3230
-0.3070
-0.3065
-0.3033
-0.2629
-0.2116
-0.2020
-0.2002
-0.1526
-0.1265
-0.1218
-0.1117
-0.0864
-0.0428
-0.0279
-0.0106
 0.0231
 0.0627
 0.0816
 0.0835
 0.1074
 0.1451
 0.1550
 0.1669
 0.2028
 0.2121
 0.1994
 0.1736
 0.1491
 0.1332
 0.0896
 0.0423
 0.0242
 0.0245
-0.0011
-0.0120
-0.0040
 0.0157
 0.0122
-0.0005
 0.0109
 0.0144
-0.0205
-0.0588
-0.0867
-0.1101
-0.1441
-0.1677
-0.1526
-0.1257
-0.1223
-0.1276
-0.1135
-0.1018
-0.1164
-0.1382
-0.1374
-0.1374
-0.1491
-0.1574
-0.1428
-0.1233
-0.1199
-0.1204
-0.1005
-0.0808
-0.0837
-0.0827
-0.0643
-0.0359
-0.0356
-0.0290
 0.0045
 0.0444
 0.0667
 0.0734
 0.0907
 0.1042
 0.0811
 0.0516
 0.0444
 0.0268
-0.0109
-0.0486
-0.0821
-0.1130
-0.1614
-0.2052
-0.2209
-0.2313
-0.2536
-0.2823
-0.2797
-0.2706
-0.2693
-0.2664
-0.2416
-0.2121
-0.2026
-0.2034
-0.1781
-0.1558
-0.1616
-0.1627
-0.1497
-0.1332
-0.1356
-0.1393
-0.1321
-0.1191
-0.1199
-0.1151
-0.0798
-0.0388
-0.0154
 0.0128
 0.0484
 0.0893
 0.0965
 0.0933
 0.1021
 0.1164
 0.1050
 0.0930
 0.1042
 0.1148
 0.1066
 0.0864
 0.0877
 0.0827
 0.0484
 0.0064
-0.0133
-0.0335
-0.0795
-0.1241
-0.1313
-0.1249
-0.1412
-0.1664
-0.1669
-0.1701
-0.2015
-0.2406
-0.2653
-0.2813
-0.2964
-0.2945
-0.2611
-0.2143
-0.1959
-0.1933
-0.1632
-0.1457
-0.1486
-0.1611
-0.1545
-0.1513
-0.1457
-0.1656
-0.1622
-0.1502
-0.1518
-0.1444
-0.1079
-0.0630
-0.0343
-0.0202
 0.0090
 0.0439
 0.0473
 0.0556
 0.0750
 0.0944
 0.1008
 0.1058
 0.1276
 0.1483
 0.1199
 0.0792
 0.0532
 0.0271
-0.0080
-0.0518
-0.0731
-0.0914
-0.1401
-0.1925
-0.2031
-0.2185
-0.2528
-0.2818
-0.2810
-0.2767
-0.2818
-0.2842
-0.2682
-0.2395
-0.2191
-0.1980
-0.1598
-0.1252
-0.1191
-0.1154
-0.0837
-0.0441
-0.0473
-0.0611
-0.0569
-0.0401
-0.0484
-0.0526
-0.0322
-0.0109
-0.0149
-0.0197
 0.0093
 0.0481
 0.0649
 0.0776
 0.1087
 0.1300
 0.1305
 0.1148
 0.1143
 0.1162
 0.0883
 0.0452
 0.0258
 0.0090
-0.0292
-0.0665
-0.0824
-0.0909
-0.1202
-0.1459
-0.1539
-0.1608
-0.1877
-0.2124
-0.2297
-0.2369
-0.2690
-0.3007
-0.3142
-0.3249
-0.3397
-0.3514
-0.3342
-0.3132
-0.3257
-0.3485
-0.3320
-0.2983
-0.2821
-0.2525
-0.2137
-0.1744
-0.1552
-0.1457
-0.1292
-0.1148
-0.1241
-0.1377
-0.1350
-0.1271
-0.1287
-0.1276
-0.0989
-0.0590
-0.0407
-0.0245
 0.0149
 0.0460
 0.0457
 0.0415
 0.0588
 0.0627
 0.0316
-0.0051
-0.0221
-0.0444
-0.0808
-0.1167
-0.1284
-0.1210
-0.1319
-0.1600
-0.1646
-0.1765
-0.2198
-0.2706
-0.3009
-0.3161
-0.3389
-0.3552
-0.3456
-0.3328
-0.3363
-0.3387
-0.3310
-0.3270
-0.3482
-0.3746
-0.3695
-0.3517
-0.3358
-0.3102
-0.2616
-0.2044
-0.1741
-0.1571
-0.1313
-0.1204
-0.1374
-0.1659
-0.1776
-0.1781
-0.1840
-0.1925
-0.1739
-0.1518
-0.1473
-0.1457
-0.1175
-0.0904
-0.0899
-0.0949
-0.0654
-0.0292
-0.0106
 0.0136
 0.0444
 0.0465
-0.0013
-0.0675
-0.1220
-0.1723
-0.2443
-0.3113
-0.3472
-0.3480
-0.3714
-0.3964
-0.4014
-0.4091
-0.4357
-0.4703
-0.4820
-0.4881
-0.5096
-0.5205
-0.5035
-0.4868
-0.4929
-0.5008
-0.4977
-0.4806
-0.4764
-0.4615
-0.4198
-0.3756
-0.3456
-0.3249
-0.2751
-0.2385
-0.2236
-0.2145
-0.1818
-0.1467
-0.1257
-0.1037
-0.0476
 0.0242
 0.0564
 0.0739
 0.1103
 0.1324
 0.1215
 0.1122
 0.1289
 0.1409
 0.1247
 0.0989
 0.0880
 0.0718
 0.0324
-0.0056
-0.0162
-0.0122
-0.0330
-0.0718
-0.1079
-0.1560
-0.2265
-0.2935
-0.3328
-0.3584
-0.3988
-0.4394
-0.4498
-0.4445
-0.4495
-0.4535
-0.4397
-0.4174
-0.4187
-0.4099
-0.3751
-0.3451
-0.3445
-0.3488
-0.3371
-0.3116
-0.2903
-0.2741
-0.2390
-0.2018
-0.1975
-0.1842
-0.1406
-0.0997
-0.0851
-0.0811
-0.0622
-0.0542
-0.0835
-0.1332
-0.1502
-0.1499
-0.1654
-0.1680
-0.1414
-0.1106
-0.1055
-0.1233
-0.1164
-0.1199
-0.1393
-0.1587
-0.1603
-0.1677
-0.2007
-0.2315
-0.2300
-0.2249
-0.2552
-0.2860
-0.2932
-0.2967
-0.3145
-0.3291
-0.3129
-0.2930
-0.2996
-0.3039
-0.2842
-0.2573
-0.2547
-0.2555
-0.2334
-0.1967
-0.1755
-0.1523
-0.1117
-0.0798
-0.0864
-0.1002
-0.0856
-0.0699
-0.0718
-0.0712
-0.0431
-0.0027
 0.0149
 0.0263
 0.0455
 0.0662
 0.0704
 0.0651
 0.0845
 0.1037
 0.0930
 0.0835
 0.0944
 0.1077
 0.1077
 0.0976
 0.0981
 0.0986
 0.0673
 0.0383
 0.0362
 0.0199
-0.0205
-0.0638
-0.0933
-0.1146
-0.1693
-0.2105
-0.2326
-0.2406
-0.2611
-0.2895
-0.2953
-0.2993
-0.3312
-0.3613
-0.3615
-0.3514
-0.3573
-0.3682
-0.3512
-0.3219
-0.3156
-0.3124
-0.2860
-0.2544
-0.2584
-0.2592
-0.2488
-0.2339
-0.2369
-0.2427
-0.2206
-0.1885
-0.1680
-0.1552
-0.1260
-0.1119
-0.0976
-0.0707
-0.0173
 0.0356
 0.0667
 0.0968
 0.1436
 0.1773
 0.1797
 0.1664
 0.1818
 0.1919
 0.1699
 0.1374
 0.1215
 0.1021
 0.0630
 0.0128
-0.0215
-0.0542
-0.1026
-0.1428
-0.1510
-0.1627
-0.2007
-0.2347
-0.2579
-0.2690
-0.3156
-0.3554
-0.3669
-0.3746
-0.3953
-0.4232
-0.4094
-0.3833
-0.3831
-0.3940
-0.3833
-0.3669
-0.3778
-0.3844
-0.3634
-0.3387
-0.3334
-0.3326
-0.3049
-0.2797
-0.2892
-0.3086
-0.3086
-0.3001
-0.3060
-0.3009
-0.2528
-0.1882
-0.1425
-0.1021
-0.0420
 0.0234
 0.0598
 0.0952
 0.1451
 0.1887
 0.1949
 0.1901
 0.1959
 0.1970
 0.1563
 0.1008
 0.0718
 0.0572
 0.0149
-0.0117
-0.0125
-0.0120
-0.0308
-0.0577
-0.0630
-0.0689
-0.1103
-0.1646
-0.2063
-0.2470
-0.2980
-0.3373
-0.3493
-0.3607
-0.3908
-0.4147
-0.4126
-0.3988
-0.4006
-0.3961
-0.3639
-0.3179
-0.3017
-0.3004
-0.2836
-0.2656
-0.2557
-0.2515
-0.2236
-0.1970
-0.1821
-0.1693
-0.1404
-0.1159
-0.1186
-0.1220
-0.1034
-0.0851
-0.0829
-0.0805
-0.0505
-0.0122
 0.0072
 0.0183
 0.0513
 0.0904
 0.0933
 0.0922
 0.1058
 0.1247
 0.1196
 0.1117
 0.1191
 0.1202
 0.0957
 0.0710
 0.0521
 0.0250
-0.0178
-0.0702
-0.0946
-0.1210
-0.1497
-0.1755
-0.1866
-0.1895
-0.2159
-0.2395
-0.2353
-0.2358
-0.2645
-0.2911
-0.2953
-0.2988
-0.3278
-0.3493
-0.3373
-0.3009
-0.2762
-0.2517
-0.2100
-0.1712
-0.1683
-0.1611
-0.1356
-0.1202
-0.1342
-0.1600
-0.1712
-0.1866
-0.2129
-0.2193
-0.1856
-0.1486
-0.1289
-0.1037
-0.0598
-0.0194
 0.0064
 0.0136
 0.0399
 0.0572
 0.0489
 0.0388
 0.0441
 0.0577
 0.0433
 0.0242
 0.0370
 0.0388
 0.0199
-0.0122
-0.0428
-0.0718
-0.1233
-0.1712
-0.1911
-0.2002
-0.2398
-0.2807
-0.2836
-0.2757
-0.2751
-0.2836
-0.2709
-0.2613
-0.2775
-0.2993
-0.2906
-0.2842
-0.2940
-0.3116
-0.2996
-0.2813
-0.2799
-0.2834
-0.2595
-0.2361
-0.2363
-0.2371
-0.2198
-0.1935
-0.1757
-0.1539
-0.1106
-0.0699
-0.0484
-0.0322
 0.0051
 0.0415
 0.0500
 0.0500
 0.0747
 0.1010
 0.1106
 0.1199
 0.1467
 0.1739
 0.1667
 0.1385
 0.1287
 0.1140
 0.0790
 0.0479
 0.0306
 0.0189
-0.0202
-0.0667
-0.0877
-0.1074
-0.1510
-0.1975
-0.2188
-0.2284
-0.2443
-0.2525
-0.2307
-0.2132
-0.2329
-0.2581
-0.2680
-0.2603
-0.2672
-0.2701
-0.2512
-0.2321
-0.2459
-0.2613
-0.2571
-0.2626
-0.2922
-0.3113
-0.2948
-0.2664
-0.2515
-0.2416
-0.2164
-0.1813
-0.1842
-0.2100
-0.2143
-0.2201
-0.2406
-0.2664
-0.2512
-0.2270
-0.2193
-0.2177
-0.1941
-0.1656
-0.1483
-0.1111
-0.0468
 0.0207
 0.0580
 0.0704
 0.1002
 0.1313
 0.1393
 0.1348
 0.1244
 0.0986
 0.0526
 0.0003
-0.0274
-0.0356
-0.0670
-0.1061
-0.1228
-0.1287
-0.1582
-0.1911
-0.1850
-0.1688
-0.1810
-0.2058
-0.2105
-0.2079
-0.2276
-0.2555
-0.2483
-0.2374
-0.2438
-0.2459
-0.2076
-0.1646
-0.1502
-0.1523
-0.1398
-0.1132
-0.1037
-0.1010
-0.0925
-0.0843
-0.1037
-0.1263
-0.1265
-0.1247
-0.1398
-0.1579
-0.1462
-0.1191
-0.1021
-0.0795
-0.0399
 0.0024
 0.0120
 0.0157
 0.0367
 0.0564
 0.0465
 0.0205
 0.0035
-0.0061
-0.0441
-0.0893
-0.1037
-0.1119
-0.1377
-0.1624
-0.1664
-0.1792
-0.2198
-0.2496
-0.2454
-0.2297
-0.2347
-0.2682
-0.2781
-0.2693
-0.2743
-0.2805
-0.2611
-0.2401
-0.2536
-0.2807
-0.2757
-0.2486
-0.2443
-0.2419
-0.2034
-0.1603
-0.1425
-0.1279
-0.0920
-0.0566
-0.0468
-0.0436
-0.0077
 0.0494
 0.0909
 0.1255
 0.1664
 0.2015
 0.2159
 0.2196
 0.2326
 0.2459
 0.2451
 0.2350
 0.2467
 0.2746
 0.2725
 0.2632
 0.2637
 0.2456
 0.2121
 0.1685
 0.1396
 0.1122
 0.0619
 0.0035
-0.0261
-0.0524
-0.0992
-0.1491
-0.1834
-0.2145
-0.2682
-0.3267
-0.3509
-0.3581
-0.3823
-0.4038
-0.4033
-0.3903
-0.3945
-0.3932
-0.3788
-0.3653
-0.3610
-0.3445
-0.3113
-0.2722
-0.2488
-0.2318
-0.2052
-0.1810
-0.1786
-0.1768
-0.1513
-0.1350
-0.1441
-0.1428
-0.1194
-0.0824
-0.0601
-0.0447
 0.0003
 0.0524
 0.0840
 0.1178
 0.1598
 0.2002
 0.2212
 0.2385
 0.2720
 0.3070
 0.3214
 0.3169
 0.3201
 0.3259
 0.3129
 0.2964
 0.3054
 0.3296
 0.3187
 0.2892
 0.2712
 0.2220
 0.1295
 0.0508
-0.0239
-0.0970
-0.1786
-0.2525
-0.2961
-0.3142
-0.3278
-0.3501
-0.3453
-0.3302
-0.3363
-0.3416
-0.3257
-0.3049
-0.3009
-0.2977
-0.2682
-0.2276
-0.2047
-0.1909
-0.1667
-0.1412
-0.1433
-0.1523
-0.1398
-0.1210
-0.1093
-0.0936
-0.0399
 0.0051
 0.0300
 0.0447
 0.0556
 0.0766
 0.0651
 0.0553
 0.0739
 0.0960
 0.1114
 0.1130
 0.1388
 0.1576
 0.1627
 0.1595
 0.1773
 0.1975
 0.1962
 0.1887
 0.2097
 0.2300
 0.2198
 0.2089
 0.2188
 0.2289
 0.2089
 0.1805
 0.1720
 0.1611
 0.1311
 0.0864
 0.0367
 0.0058
-0.0319
-0.0771
-0.0869
-0.0899
-0.1008
-0.1087
-0.1109
-0.1090
-0.1295
-0.1425
-0.1231
-0.0920
-0.0856
-0.0904
-0.0779
-0.0702
-0.0840
-0.0960
-0.0752
-0.0513
-0.0431
-0.0407
-0.0194
 0.0008
-0.0056
-0.0122
 0.0058
 0.0268
 0.0276
 0.0250
 0.0481
 0.0760
 0.0784
 0.0861
 0.1183
 0.1534
 0.1717
 0.1810
 0.2097
 0.2480
 0.2595
 0.2611
 0.2767
 0.2866
 0.2759
 0.2584
 0.2584
 0.2539
 0.2111
 0.1619
 0.1345
 0.1079
 0.0569
 0.0106
-0.0266
-0.0582
-0.1093
-0.1454
-0.1510
-0.1526
-0.1776
-0.1994
-0.2039
-0.1980
-0.1994
-0.2044
-0.1800
-0.1680
-0.1837
-0.1946
-0.1792
-0.1542
-0.1579
-0.1560
-0.1167
-0.0603
-0.0263
-0.0045
 0.0327
 0.0662
 0.0691
 0.0779
 0.1106
 0.1542
 0.1749
 0.1895
 0.2276
 0.2600
 0.2669
 0.2592
 0.2611
 0.2656
 0.2451
 0.2143
 0.2191
 0.2406
 0.2337
 0.2172
 0.2111
 0.1914
 0.1372
 0.0665
 0.0043
-0.0505
-0.1204
-0.1837
-0.2089
-0.2156
-0.2339
-0.2496
-0.2626
-0.2645
-0.2906
-0.3201
-0.3222
-0.3092
-0.3148
-0.3243
-0.3044
-0.2810
-0.2810
-0.2783
-0.2557
-0.2305
-0.2297
-0.2236
-0.2076
-0.2044
-0.2180
-0.2289
-0.2050
-0.1659
-0.1388
-0.1079
-0.0500
 0.0141
 0.0489
 0.0808
 0.1188
 0.1582
 0.1725
 0.1784
 0.1914
 0.2161
 0.2092
 0.2097
 0.2055
 0.2100
 0.1994
 0.1903
 0.1874
 0.1903
 0.1704
 0.1356
 0.1329
 0.1422
 0.1071
 0.0678
 0.0417
 0.0077
-0.0595
-0.1329
-0.1582
-0.1696
-0.2172
-0.2571
-0.2613
-0.2517
-0.2709
-0.3009
-0.3100
-0.2991
-0.3044
-0.3158
-0.3015
-0.2778
-0.2813
-0.2898
-0.2743
-0.2451
-0.2451
-0.2544
-0.2334
-0.2066
-0.2026
-0.1991
-0.1765
-0.1393
-0.1303
-0.1215
-0.0885
-0.0532
-0.0401
-0.0303
-0.0024
 0.0359
 0.0452
 0.0465
 0.0651
 0.0790
 0.0720
 0.0564
 0.0598
 0.0654
 0.0447
 0.0284
 0.0417
 0.0553
 0.0460
 0.0191
 0.0053
-0.0077
-0.0428
-0.0869
-0.1117
-0.1276
-0.1654
-0.2039
-0.2193
-0.2401
-0.2749
-0.3169
-0.3496
-0.3605
-0.3855
-0.4144
-0.4147
-0.4115
-0.4259
-0.4394
-0.4216
-0.3929
-0.3756
-0.3727
-0.3708
-0.3647
-0.3751
-0.3839
-0.3496
-0.3065
-0.2855
-0.2698
-0.2334
-0.1962
-0.1856
-0.1800
-0.1537
-0.1202
-0.1093
-0.0994
-0.0582
-0.0032
 0.0383
 0.0726
 0.1281
 0.1794
 0.1938
 0.1895
 0.2063
 0.2129
 0.2060
 0.2028
 0.2145
 0.2228
 0.2002
 0.1632
 0.1388
 0.1103
 0.0494
-0.0181
-0.0667
-0.1090
-0.1640
-0.2159
-0.2307
-0.2273
-0.2385
-0.2642
-0.2709
-0.2839
-0.3179
-0.3482
-0.3440
-0.3203
-0.3142
-0.3142
-0.2882
-0.2664
-0.2799
-0.2983
-0.3057
-0.3076
-0.3235
-0.3453
-0.3453
-0.3413
-0.3581
-0.3679
-0.3536
-0.3259
-0.3145
-0.3017
-0.2645
-0.2233
-0.2004
-0.1837
-0.1497
-0.1037
-0.0829
-0.0758
-0.0471
-0.0237
-0.0133
-0.0021
 0.0311
 0.0585
 0.0460
 0.0348
 0.0372
 0.0479
 0.0489
 0.0423
 0.0649
 0.0821
 0.0569
 0.0128
-0.0290
-0.0665
-0.1194
-0.1917
-0.2342
-0.2640
-0.3171
-0.3570
-0.3613
-0.3591
-0.3597
-0.3615
-0.3437
-0.3302
-0.3411
-0.3536
-0.3352
-0.3081
-0.3015
-0.2991
-0.2860
-0.2666
-0.2664
-0.2791
-0.2754
-0.2738
-0.2831
-0.2783
-0.2427
-0.1967
-0.1755
-0.1677
-0.1454
-0.1218
-0.1178
-0.1223
-0.1074
-0.0829
-0.0766
-0.0736
-0.0449
-0.0061
 0.0120
 0.0247
 0.0484
 0.0747
 0.0760
 0.0622
 0.0720
 0.0976
 0.0875
 0.0704
 0.0696
 0.0577
 0.0117
-0.0314
-0.0489
-0.0710
-0.1218
-0.1741
-0.2103
-0.2528
-0.3007
-0.3597
-0.3876
-0.3918
-0.4128
-0.4261
-0.4099
-0.3775
-0.3671
-0.3605
-0.3355
-0.3076
-0.3092
-0.3179
-0.3057
-0.2940
-0.3033
-0.3070
-0.2906
-0.2696
-0.2922
-0.3358
-0.3607
-0.3623
-0.3605
-0.3512
-0.3163
-0.2650
-0.2321
-0.2132
-0.1770
-0.1414
-0.1228
-0.1135
-0.0837
-0.0500
-0.0436
-0.0327
-0.0098
 0.0085
 0.0114
 0.0090
 0.0207
 0.0218
-0.0069
-0.0412
-0.0548
-0.0598
-0.0922
-0.1454
-0.1685
-0.1810
-0.2164
-0.2565
-0.2842
-0.3076
-0.3427
-0.3839
-0.3980
-0.3980
-0.4086
-0.4203
-0.4118
-0.3876
-0.4022
-0.4235
-0.4304
-0.4214
-0.4253
-0.4344
-0.4214
-0.3929
-0.3937
-0.3977
-0.3754
-0.3512
-0.3488
-0.3584
-0.3443
-0.3137
-0.2991
-0.2895
-0.2573
-0.2254
-0.2143
-0.2164
-0.2015
-0.1917
-0.2026
-0.2167
-0.2148
-0.2018
-0.1959
-0.1917
-0.1624
-0.1292
-0.1154
-0.1008
-0.0689
-0.0330
-0.0160
-0.0160
 0.0021
 0.0250
 0.0207
 0.0157
 0.0213
 0.0311
 0.0096
-0.0165
-0.0346
-0.0545
-0.1061
-0.1685
-0.2068
-0.2206
-0.2603
-0.3039
-0.3198
-0.3331
-0.3658
-0.3996
-0.4155
-0.4176
-0.4328
-0.4562
-0.4567
-0.4426
-0.4432
-0.4485
-0.4341
-0.4134
-0.4155
-0.4211
-0.3953
-0.3594
-0.3615
-0.3775
-0.3666
-0.3451
-0.3437
-0.3557
-0.3475
-0.3342
-0.3312
-0.3424
-0.3451
-0.3419
-0.3591
-0.3591
-0.3262
-0.2775
-0.2486
-0.2177
-0.1499
-0.0686
-0.0138
 0.0276
 0.0821
 0.1231
 0.1457
 0.1539
 0.1691
 0.1858
 0.1760
 0.1571
 0.1550
 0.1372
 0.0949
 0.0556
 0.0354
 0.0306
-0.0051
-0.0428
-0.0534
-0.0689
-0.1122
-0.1600
-0.1941
-0.2233
-0.2767
-0.3326
-0.3584
-0.3615
-0.3836
-0.4033
-0.3940
-0.3748
-0.3746
-0.3735
-0.3517
-0.3193
-0.3158
-0.3222
-0.3062
-0.2826
-0.2698
-0.2728
-0.2571
-0.2451
-0.2555
-0.2693
-0.2579
-0.2305
-0.2228
-0.2175
-0.1885
-0.1441
-0.1210
-0.1021
-0.0694
-0.0319
-0.0221
-0.0237
-0.0088
 0.0080
 0.0005
-0.0202
-0.0223
-0.0096
-0.0274
-0.0526
-0.0651
-0.0699
-0.0949
-0.1175
-0.1265
-0.1220
-0.1462
-0.1749
-0.1856
-0.2020
-0.2331
-0.2565
-0.2544
-0.2454
-0.2438
-0.2475
-0.2326
-0.2156
-0.2161
-0.2214
-0.1893
-0.1797
-0.1978
-0.2151
-0.2095
-0.1978
-0.2066
-0.2185
-0.1980
-0.1906
-0.2031
-0.2206
-0.2156
-0.2036
-0.2060
-0.2105
-0.2034
-0.1853
-0.1877
-0.2036
-0.2063
-0.1933
-0.1970
-0.2129
-0.1996
-0.1763
-0.1728
-0.1683
-0.1486
-0.1233
-0.1175
-0.1162
-0.0872
-0.0476
-0.0370
-0.0319
-0.0019
 0.0404
 0.0537
 0.0500
 0.0601
 0.0720
 0.0566
 0.0255
 0.0122
 0.0141
-0.0056
-0.0598
-0.1037
-0.1486
-0.2020
-0.2560
-0.2807
-0.2876
-0.2977
-0.3177
-0.3124
-0.2980
-0.3031
-0.3171
-0.3156
-0.2988
-0.3004
-0.2953
-0.2722
-0.2427
-0.2440
-0.2664
-0.2672
-0.2568
-0.2541
-0.2608
-0.2462
-0.2222
-0.2270
-0.2276
-0.2052
-0.1725
-0.1685
-0.1744
-0.1600
-0.1332
-0.1252
-0.1194
-0.0885
-0.0476
-0.0300
-0.0306
-0.0149
 0.0175
 0.0311
 0.0330
 0.0585
 0.0654
 0.0383
 0.0021
-0.0205
-0.0300
-0.0667
-0.1122
-0.1228
-0.1374
-0.1765
-0.1927
-0.1728
-0.1475
-0.1571
-0.1744
-0.1736
-0.1821
-0.2047
-0.2355
-0.2342
-0.2217
-0.2236
-0.2361
-0.2284
-0.2076
-0.2026
-0.1967
-0.1651
-0.1335
-0.1284
-0.1364
-0.1308
-0.1204
-0.1358
-0.1505
-0.1313
-0.1055
-0.1037
-0.1194
-0.1106
-0.0899
-0.1026
-0.1313
-0.1529
-0.1638
-0.1962
-0.2284
-0.2313
-0.2132
-0.2167
-0.2161
-0.1872
-0.1473
-0.1340
-0.1345
-0.1138
-0.0962
-0.0928
-0.0893
-0.0542
-0.0037
 0.0287
 0.0441
 0.0601
 0.0819
 0.0611
 0.0189
 0.0077
-0.0021
-0.0276
-0.0683
-0.1154
-0.1356
-0.1669
-0.2092
-0.2193
-0.2257
-0.2523
-0.2855
-0.2967
-0.2805
-0.2818
-0.2709
-0.2430
-0.2060
-0.1991
-0.2020
-0.1980
-0.1877
-0.2076
-0.2440
-0.2560
-0.2525
-0.2517
-0.2525
-0.2270
-0.1882
-0.1765
-0.1672
-0.1467
-0.1143
-0.1082
-0.1037
-0.0813
-0.0516
-0.0327
-0.0175
 0.0229
 0.0638
 0.0827
 0.0896
 0.1178
 0.1473
 0.1539
 0.1486
 0.1792
 0.2092
 0.2191
 0.2004
 0.1845
 0.1438
 0.0712
 0.0051
-0.0292
-0.0518
-0.0798
-0.1079
-0.1031
-0.0904
-0.0997
-0.1265
-0.1374
-0.1377
-0.1699
-0.2124
-0.2265
-0.2204
-0.2334
-0.2462
-0.2318
-0.2092
-0.2023
-0.2092
-0.1856
-0.1656
-0.1646
-0.1885
-0.1872
-0.1792
-0.1864
-0.1925
-0.1749
-0.1505
-0.1539
-0.1584
-0.1467
-0.1462
-0.1651
-0.1927
-0.1898
-0.1731
-0.1818
-0.1864
-0.1677
-0.1319
-0.1327
-0.1454
-0.1481
-0.1555
-0.1850
-0.2113
-0.2193
-0.2334
-0.2430
-0.2531
-0.2472
-0.2116
-0.1983
-0.1991
-0.1731
-0.1481
-0.1329
-0.1162
-0.0763
-0.0173
 0.0122
 0.0128
 0.0468
 0.0821
 0.0877
 0.0859
 0.1063
 0.1247
 0.1098
 0.0766
 0.0710
 0.0720
 0.0375
-0.0082
-0.0287
-0.0356
-0.0572
-0.0686
-0.0516
-0.0300
-0.0330
-0.0516
-0.0633
-0.0675
-0.0933
-0.1218
-0.1342
-0.1372
-0.1643
-0.2058
-0.2185
-0.2148
-0.2318
-0.2411
-0.2177
-0.1826
-0.1677
-0.1699
-0.1595
-0.1425
-0.1518
-0.1701
-0.1654
-0.1510
-0.1584
-0.1778
-0.1792
-0.1770
-0.1925
-0.2164
-0.2156
-0.2044
-0.1949
-0.1848
-0.1497
-0.0968
-0.0707
-0.0566
-0.0253
 0.0231
 0.0423
 0.0452
 0.0654
 0.0933
 0.0973
 0.0840
 0.0986
 0.1074
 0.0869
 0.0550
 0.0423
 0.0367
 0.0133
-0.0173
-0.0319
-0.0253
-0.0476
-0.0843
-0.0994
-0.1191
-0.1630
-0.2204
-0.2539
-0.2693
-0.3017
-0.3320
-0.3312
-0.3150
-0.3132
-0.3206
-0.3062
-0.2860
-0.2855
-0.2874
-0.2778
-0.2536
-0.2419
-0.2467
-0.2475
-0.2361
-0.2539
-0.2930
-0.2842
-0.2611
-0.2621
-0.2797
-0.2637
-0.2315
-0.2222
-0.2236
-0.2164
-0.2079
-0.2278
-0.2382
-0.2241
-0.1970
-0.1864
-0.1965
-0.1938
-0.1853
-0.2020
-0.2430
-0.2650
-0.2672
-0.2980
-0.3278
-0.3326
-0.3142
-0.3033
-0.2876
-0.2459
-0.1994
-0.1608
-0.1505
-0.1117
-0.0736
-0.0710
-0.0736
-0.0638
-0.0582
-0.0622
-0.0805
-0.0689
-0.0441
-0.0455
-0.0598
-0.0529
-0.0486
-0.0566
-0.0914
-0.1095
-0.1231
-0.1475
-0.1741
-0.1810
-0.1786
-0.2047
-0.2475
-0.2603
-0.2584
-0.2839
-0.3073
-0.2980
-0.2781
-0.2775
-0.2781
-0.2573
-0.2318
-0.2411
-0.2852
-0.3049
-0.3044
-0.3190
-0.3408
-0.3403
-0.3222
-0.3142
-0.3121
-0.2906
-0.2611
-0.2557
-0.2544
-0.2230
-0.1834
-0.1622
-0.1537
-0.1194
-0.0750
-0.0572
-0.0529
-0.0247
 0.0029
 0.0226
 0.0231
 0.0348
 0.0619
 0.0540
 0.0370
 0.0396
 0.0455
 0.0316
 0.0045
 0.0000
 0.0141
 0.0024
-0.0234
-0.0393
-0.0372
-0.0736
-0.1199
-0.1462
-0.1664
-0.1949
-0.2108
-0.2076
-0.1962
-0.2034
-0.2217
-0.2116
-0.1962
-0.2015
-0.2222
-0.2214
-0.1991
-0.2004
-0.2124
-0.1983
-0.1794
-0.1744
-0.1699
-0.1441
-0.1138
-0.0978
-0.0896
-0.0630
-0.0292
-0.0146
-0.0120
 0.0096
 0.0417
 0.0370
 0.0186
 0.0205
 0.0383
 0.0276
 0.0088
 0.0106
 0.0090
-0.0202
-0.0681
-0.0989
-0.1191
-0.1499
-0.1864
-0.2031
-0.2047
-0.2201
-0.2456
-0.2504
-0.2411
-0.2547
-0.2725
-0.2696
-0.2624
-0.2794
-0.2906
-0.2720
-0.2427
-0.2430
-0.2480
-0.2334
-0.2076
-0.2198
-0.2488
-0.2443
-0.2230
-0.2119
-0.2058
-0.1786
-0.1542
-0.1510
-0.1707
-0.1667
-0.1630
-0.1818
-0.2079
-0.2175
-0.2172
-0.2345
-0.2512
-0.2385
-0.2151
-0.1991
-0.1781
-0.1483
-0.0997
-0.0744
-0.0643
-0.0338
 0.0093
 0.0375
 0.0598
 0.0827
 0.1018
 0.0978
 0.0795
 0.0771
 0.0795
 0.0718
 0.0367
 0.0165
 0.0058
-0.0138
-0.0420
-0.0492
-0.0532
-0.0800
-0.1186
-0.1470
-0.1590
-0.1813
-0.2148
-0.2313
-0.2321
-0.2621
-0.3047
-0.3177
-0.3246
-0.3387
-0.3570
-0.3498
-0.3304
-0.3312
-0.3493
-0.3437
-0.3275
-0.3358
-0.3432
-0.3201
-0.2972
-0.2930
-0.2940
-0.2587
-0.2151
-0.1994
-0.2082
-0.2002
-0.1794
-0.1890
-0.2089
-0.2121
-0.2036
-0.2076
-0.2284
-0.2148
-0.1927
-0.1898
-0.2002
-0.1853
-0.1499
-0.1340
-0.1194
-0.0891
-0.0417
-0.0093
-0.0008
 0.0311
 0.0614
 0.0609
 0.0457
 0.0550
 0.0638
 0.0542
 0.0247
 0.0120
 0.0061
-0.0250
-0.0646
-0.0784
-0.0787
-0.1053
-0.1406
-0.1574
-0.1659
-0.1935
-0.2249
-0.2390
-0.2414
-0.2621
-0.2951
-0.2977
-0.2930
-0.3145
-0.3429
-0.3517
-0.3429
-0.3554
-0.3708
-0.3565
-0.3259
-0.3134
-0.3118
-0.2953
-0.2701
-0.2680
-0.2799
-0.2701
-0.2488
-0.2504
-0.2579
-0.2403
-0.2137
-0.2135
-0.2403
-0.2427
-0.2135
-0.1850
-0.1794
-0.1608
-0.1523
-0.1680
-0.1909
-0.1866
-0.1794
-0.1925
-0.2185
-0.2289
-0.2254
-0.2334
-0.2541
-0.2377
-0.2050
-0.1778
-0.1438
-0.0954
-0.0441
-0.0106
 0.0024
 0.0274
 0.0588
 0.0718
 0.0808
 0.1058
 0.1380
 0.1502
 0.1401
 0.1404
 0.1526
 0.1303
 0.0960
 0.0681
 0.0766
 0.0588
 0.0258
 0.0160
-0.0021
-0.0388
-0.0673
-0.0965
-0.1228
-0.1571
-0.2113
-0.2382
-0.2470
-0.2818
-0.3219
-0.3320
-0.3214
-0.3203
-0.3262
-0.2959
-0.2603
-0.2581
-0.2552
-0.2539
-0.2355
-0.2547
-0.2890
-0.3163
-0.3156
-0.3288
-0.3331
-0.3156
-0.2799
-0.2645
-0.2528
-0.2257
-0.1959
-0.1869
-0.1935
-0.1728
-0.1364
-0.1194
-0.1061
-0.0856
-0.0590
-0.0479
-0.0582
-0.0534
-0.0489
-0.0659
-0.0907
-0.1045
-0.1082
-0.1233
-0.1473
-0.1489
-0.1303
-0.1382
-0.1558
-0.1566
-0.1420
-0.1513
-0.1656
-0.1555
-0.1385
-0.1502
-0.1752
-0.1919
-0.1996
-0.2270
-0.2536
-0.2634
-0.2547
-0.2541
-0.2600
-0.2406
-0.2023
-0.1864
-0.1877
-0.1693
-0.1457
-0.1454
-0.1600
-0.1611
-0.1555
-0.1672
-0.1890
-0.1856
-0.1659
-0.1696
-0.1938
-0.1954
-0.1741
-0.1707
-0.1765
-0.1568
-0.1191
-0.0922
-0.0774
-0.0476
-0.0165
-0.0077
-0.0021
 0.0074
 0.0231
 0.0221
 0.0104
 0.0183
 0.0199
-0.0088
-0.0468
-0.0707
-0.0824
-0.1047
-0.1491
-0.1709
-0.1848
-0.2145
-0.2398
-0.2488
-0.2539
-0.2863
-0.3318
-0.3591
-0.3698
-0.3940
-0.4216
-0.4253
-0.4083
-0.4094
-0.4200
-0.4070
-0.3607
-0.3498
-0.3517
-0.3331
-0.3086
-0.2898
-0.2964
-0.2826
-0.2685
-0.2677
-0.2653
-0.2443
-0.2148
-0.2228
-0.2504
-0.2608
-0.2621
-0.2728
-0.2945
-0.2890
-0.2682
-0.2557
-0.2387
-0.2050
-0.1491
-0.1122
-0.0880
-0.0415
 0.0008
-0.0024
-0.0109
-0.0048
 0.0011
-0.0104
-0.0407
-0.0449
-0.0375
-0.0540
-0.0800
-0.0861
-0.0883
-0.1082
-0.1398
-0.1598
-0.1603
-0.1693
-0.2044
-0.2137
-0.2113
-0.2353
-0.2770
-0.2972
-0.3031
-0.3174
-0.3472
-0.3615
-0.3597
-0.3663
-0.3865
-0.3887
-0.3756
-0.3809
-0.3863
-0.3775
-0.3570
-0.3568
-0.3714
-0.3671
-0.3538
-0.3605
-0.3685
-0.3541
-0.3288
-0.3219
-0.3241
-0.2988
-0.2712
-0.2786
-0.3007
-0.2959
-0.2613
-0.2480
-0.2438
-0.2278
-0.2284
-0.2515
-0.2863
-0.3039
-0.3009
-0.3060
-0.3121
-0.2996
-0.2725
-0.2584
-0.2488
-0.2164
-0.1813
-0.1643
-0.1547
-0.1220
-0.0992
-0.0893
-0.1021
-0.0965
-0.0736
-0.0699
-0.0907
-0.0787
-0.0556
-0.0529
-0.0627
-0.0585
-0.0375
-0.0657
-0.0968
-0.0909
-0.0811
-0.0899
-0.1130
-0.1276
-0.1358
-0.1643
-0.2121
-0.2512
-0.2712
-0.3174
-0.3778
-0.4115
-0.4368
-0.4724
-0.4992
-0.4937
-0.4748
-0.4639
-0.4665
-0.4551
-0.4243
-0.4158
-0.4176
-0.4155
-0.3985
-0.4009
-0.4227
-0.4198
-0.4155
-0.4168
-0.4261
-0.4019
-0.3679
-0.3437
-0.3296
-0.2898
-0.2454
-0.2222
-0.2116
-0.1866
-0.1475
-0.1358
-0.1462
-0.1390
-0.1252
-0.1295
-0.1502
-0.1348
-0.1284
-0.1377
-0.1515
-0.1584
-0.1491
-0.1489
-0.1688
-0.1786
-0.1715
-0.1882
-0.2217
-0.2390
-0.2443
-0.2754
-0.3145
-0.3328
-0.3352
-0.3528
-0.3889
-0.4030
-0.4075
-0.4370
-0.4769
-0.4812
-0.4724
-0.4918
-0.5397
-0.5506
-0.5202
-0.5056
-0.5030
-0.4860
-0.4650
-0.4732
-0.4868
-0.4921
-0.4793
-0.4862
-0.5019
-0.4950
-0.4692
-0.4639
-0.4692
-0.4429
-0.4086
-0.3961
-0.3889
-0.3682
-0.3432
-0.3440
-0.3373
-0.3358
-0.3177
-0.3187
-0.3320
-0.3272
-0.3443
-0.3770
-0.4203
-0.4253
-0.4043
-0.3993
-0.4073
-0.3889
-0.3735
-0.3706
-0.3724
-0.3584
-0.3413
-0.3482
-0.3719
-0.3754
-0.3613
-0.3658
-0.3778
-0.3666
-0.3427
-0.3397
-0.3480
-0.3432
-0.3230
-0.3288
-0.3387
-0.3326
-0.3134
-0.3148
-0.3326
-0.3291
-0.3206
-0.3413
-0.3714
-0.3847
-0.3892
-0.4155
-0.4551
-0.4636
-0.4463
-0.4556
-0.4628
-0.4620
-0.4416
-0.4309
-0.4384
-0.4155
-0.3916
-0.3833
-0.3852
-0.3794
-0.3679
-0.3783
-0.3977
-0.3881
-0.3578
-0.3429
-0.3283
-0.2977
-0.2579
-0.2475
-0.2592
-0.2613
-0.2624
-0.2892
-0.3235
-0.3296
-0.3424
-0.3485
-0.3647
-0.3549
-0.3262
-0.3116
-0.3134
-0.2940
-0.2621
-0.2454
-0.2347
-0.2108
-0.1821
-0.1749
-0.1643
-0.1414
-0.0970
-0.0715
-0.0670
-0.0420
-0.0112
-0.0138
-0.0393
-0.0502
-0.0566
-0.0784
-0.1180
-0.1441
-0.1598
-0.2079
-0.2634
-0.3047
-0.3299
-0.3669
-0.4107
-0.4291
-0.4269
-0.4354
-0.4599
-0.4660
-0.4676
-0.4809
-0.5014
-0.5046
-0.4902
-0.4907
-0.4974
-0.4790
-0.4525
-0.4626
-0.4820
-0.4817
-0.4599
-0.4647
-0.4764
-0.4626
-0.4338
-0.4261
-0.4285
-0.4118
-0.3735
-0.3554
-0.3514
-0.3443
-0.3246
-0.3219
-0.3304
-0.3227
-0.3062
-0.3052
-0.3145
-0.2959
-0.2693
-0.2807
-0.3004
-0.3020
-0.2964
-0.3044
-0.3288
-0.3249
-0.2993
-0.2964
-0.2959
-0.2821
-0.2634
-0.2626
-0.2669
-0.2547
-0.2315
-0.2177
-0.2201
-0.1988
-0.1584
-0.1361
-0.1292
-0.1034
-0.0829
-0.0864
-0.0992
-0.0909
-0.0638
-0.0566
-0.0542
-0.0266
 0.0016
 0.0061
-0.0077
-0.0053
-0.0074
-0.0314
-0.0795
-0.1202
-0.1489
-0.1991
-0.2504
-0.2749
-0.2868
-0.3092
-0.3310
-0.3315
-0.3206
-0.3360
-0.3650
-0.3788
-0.3881
-0.4171
-0.4615
-0.4820
-0.4846
-0.4974
-0.5085
-0.4929
-0.4639
-0.4527
-0.4610
-0.4440
-0.4131
-0.4086
-0.4051
-0.3831
-0.3669
-0.3706
-0.3876
-0.3865
-0.3708
-0.3708
-0.3852
-0.3708
-0.3373
-0.3286
-0.3249
-0.2961
-0.2603
-0.2504
-0.2621
-0.2486
-0.2113
-0.1797
-0.1667
-0.1329
-0.0976
-0.1124
-0.1369
-0.1231
-0.0954
-0.0885
-0.1005
-0.1002
-0.0952
-0.1186
-0.1560
-0.1800
-0.2031
-0.2329
-0.2749
-0.2749
-0.2517
-0.2459
-0.2395
-0.2031
-0.1518
-0.1308
-0.1279
-0.1223
-0.1117
-0.1079
-0.1172
-0.1138
-0.0925
-0.0909
-0.1039
-0.0992
-0.0787
-0.0928
-0.1204
-0.1204
-0.1186
-0.1241
-0.1295
-0.1191
-0.0907
-0.0891
-0.1093
-0.1276
-0.1356
-0.1630
-0.2082
-0.2329
-0.2432
-0.2855
-0.3586
-0.4086
-0.3924
-0.4370
-0.4509
-0.4761
-0.4636
-0.4681
-0.4907
-0.4753
-0.4373
-0.4315
-0.4376
-0.4312
-0.3977
-0.4073
-0.3722
-0.3413
-0.3432
-0.3358
-0.3509
-0.3525
-0.3246
-0.3272
-0.3451
-0.3161
-0.3001
-0.2852
-0.2621
-0.2438
-0.2036
-0.1800
-0.1906
-0.1903
-0.1669
-0.1646
-0.1728
-0.1489
-0.1228
-0.1191
-0.1319
-0.1233
-0.0962
-0.0920
-0.0984
-0.0954
-0.0755
-0.0665
-0.0712
-0.0553
-0.0247
-0.0175
-0.0186
-0.0120
-0.0032
-0.0229
-0.0457
-0.0556
-0.0609
-0.0829
-0.1109
-0.1178
-0.1109
-0.1215
-0.1369
-0.1332
-0.1172
-0.1002
-0.0962
-0.0689
-0.0534
-0.0588
-0.0795
-0.0712
-0.0518
-0.0468
-0.0686
-0.0784
-0.0813
-0.1109
-0.1571
-0.1861
-0.1927
-0.2121
-0.2329
-0.2347
-0.2076
-0.1805
-0.1579
-0.1023
-0.0375
 0.0037
 0.0229
 0.0595
 0.1063
 0.1284
 0.1372
 0.1635
 0.1943
 0.2047
 0.1933
 0.1914
 0.1943
 0.1733
 0.1300
 0.1042
 0.0946
 0.0662
 0.0367
 0.0191
 0.0080
-0.0210
-0.0601
-0.0824
-0.0837
-0.0992
-0.1295
-0.1412
-0.1377
-0.1457
-0.1611
-0.1614
-0.1486
-0.1611
-0.1864
-0.1962
-0.1906
-0.2108
-0.2358
-0.2414
-0.2276
-0.2292
-0.2555
-0.2525
-0.2241
-0.2116
-0.2082
-0.1850
-0.1459
-0.1313
-0.1313
-0.1159
-0.0798
-0.0731
-0.0715
-0.0532
-0.0279
-0.0253
-0.0348
-0.0287
-0.0160
-0.0263
-0.0417
-0.0420
-0.0253
-0.0149
-0.0181
-0.0069
 0.0096
 0.0051
-0.0223
-0.0348
-0.0404
-0.0702
-0.1148
-0.1332
-0.1236
-0.1289
-0.1388
-0.1321
-0.1103
-0.1039
-0.1358
-0.1539
-0.1467
-0.1523
-0.1624
-0.1574
-0.1382
-0.1428
-0.1654
-0.1699
-0.1579
-0.1659
-0.1885
-0.1959
-0.1794
-0.1786
-0.1882
-0.1741
-0.1467
-0.1271
-0.1175
-0.0856
-0.0468
-0.0335
-0.0356
-0.0319
-0.0223
-0.0287
-0.0468
-0.0447
-0.0327
-0.0351
-0.0492
-0.0404
-0.0146
-0.0093
-0.0194
-0.0040
 0.0173
 0.0149
 0.0064
 0.0085
 0.0178
 0.0141
-0.0109
-0.0239
-0.0245
-0.0468
-0.0848
-0.0952
-0.0965
-0.1146
-0.1390
-0.1414
-0.1252
-0.1385
-0.1547
-0.1526
-0.1526
-0.1518
-0.1776
-0.1821
-0.1709
-0.1693
-0.1757
-0.1680
-0.1425
-0.1300
-0.1316
-0.1233
-0.1082
-0.1106
-0.1164
-0.1194
-0.1164
-0.1287
-0.1558
-0.1598
-0.1467
-0.1438
-0.1523
-0.1459
-0.1289
-0.1252
-0.1303
-0.1186
-0.0899
-0.0696
-0.0675
-0.0391
 0.0077
 0.0343
 0.0524
 0.0888
 0.1300
 0.1550
 0.1592
 0.1707
 0.1874
 0.1874
 0.1635
 0.1473
 0.1388
 0.1191
 0.0760
 0.0569
 0.0550
 0.0338
 0.0058
-0.0104
-0.0197
-0.0383
-0.0787
-0.1090
-0.1249
-0.1646
-0.2119
-0.2334
-0.2432
-0.2690
-0.2972
-0.3129
-0.3020
-0.3118
-0.3249
-0.3358
-0.3296
-0.3475
-0.3671
-0.3767
-0.3591
-0.3642
-0.3754
-0.3615
-0.3235
-0.3089
-0.3004
-0.2778
-0.2502
-0.2345
-0.2334
-0.2004
-0.1590
-0.1342
-0.1135
-0.0880
-0.0428
-0.0202
-0.0096
 0.0053
 0.0447
 0.0553
 0.0500
 0.0566
 0.0760
 0.0779
 0.0673
 0.0699
 0.0832
 0.0484
 0.0202
 0.0133
 0.0175
 0.0109
-0.0051
 0.0008
 0.0199
 0.0316
 0.0367
 0.0460
 0.0558
 0.0468
 0.0311
 0.0319
 0.0380
 0.0311
 0.0011
-0.0152
-0.0181
-0.0338
-0.0646
-0.0715
-0.0681
-0.0622
-0.0622
-0.0505
-0.0231
-0.0146
-0.0215
-0.0175
-0.0069
-0.0120
-0.0308
-0.0300
-0.0239
-0.0343
-0.0542
-0.0625
-0.0627
-0.0750
-0.1034
-0.1119
-0.1122
-0.1271
-0.1406
-0.1428
-0.1265
-0.1295
-0.1444
-0.1489
-0.1420
-0.1574
-0.1842
-0.1872
-0.1988
-0.2204
-0.2454
-0.2470
-0.2302
-0.2249
-0.2395
-0.2424
-0.2201
-0.2270
-0.2525
-0.2502
-0.2443
-0.2496
-0.2600
-0.2486
-0.2265
-0.2002
-0.2023
-0.1941
-0.1701
-0.1566
-0.1664
-0.1529
-0.1090
-0.0840
-0.0718
-0.0383
 0.0019
 0.0218
 0.0234
 0.0327
 0.0638
 0.0771
 0.0739
 0.0763
 0.0821
 0.0577
 0.0194
-0.0056
-0.0138
-0.0393
-0.0827
-0.1010
-0.1045
-0.1236
-0.1614
-0.1810
-0.1861
-0.2113
-0.2528
-0.2640
-0.2539
-0.2587
-0.2996
-0.3129
-0.2932
-0.3017
-0.3007
-0.2993
-0.2733
-0.2834
-0.3217
-0.3156
-0.3007
-0.3017
-0.3310
-0.3413
-0.3137
-0.2924
-0.2922
-0.2600
-0.2233
-0.2246
-0.2329
-0.2260
-0.2092
-0.2342
-0.2411
-0.2584
-0.2451
-0.2547
-0.2571
-0.2244
-0.1959
-0.1776
-0.1539
-0.1287
-0.1082
-0.0984
-0.0907
-0.0643
-0.0279
-0.0154
-0.0019
 0.0058
 0.0218
 0.0229
 0.0205
 0.0128
 0.0284
 0.0247
-0.0109
-0.0194
-0.0245
-0.0534
-0.1010
-0.1103
-0.1199
-0.1457
-0.1925
-0.2228
-0.2406
-0.2693
-0.2903
-0.2991
-0.2892
-0.2916
-0.3156
-0.3177
-0.3113
-0.3302
-0.3217
-0.3036
-0.2935
-0.3118
-0.3326
-0.3424
-0.3275
-0.3116
-0.3078
-0.2836
-0.2483
-0.2222
-0.2087
-0.1980
-0.1725
-0.1696
-0.1879
-0.1885
-0.1763
-0.1560
-0.1616
-0.1497
-0.1263
-0.1321
-0.1630
-0.1574
-0.1257
-0.1332
-0.1340
-0.1265
-0.1122
-0.1095
-0.1313
-0.1425
-0.1425
-0.1614
-0.1693
-0.1728
-0.1683
-0.1627
-0.1810
-0.1712
-0.1390
-0.1249
-0.1215
-0.1013
-0.0617
-0.0401
-0.0274
 0.0024
 0.0343
 0.0455
 0.0471
 0.0399
 0.0537
 0.0473
 0.0136
-0.0024
-0.0146
-0.0484
-0.0904
-0.1162
-0.1374
-0.1720
-0.2206
-0.2669
-0.2903
-0.3291
-0.3817
-0.4136
-0.4253
-0.4256
-0.4442
-0.4304
-0.4043
-0.3879
-0.3849
-0.3746
-0.3488
-0.3416
-0.3368
-0.3254
-0.2945
-0.2903
-0.3033
-0.3009
-0.2906
-0.2882
-0.2972
-0.2895
-0.2584
-0.2480
-0.2361
-0.2018
-0.1587
-0.1305
-0.1101
-0.0864
-0.0473
-0.0316
-0.0229
 0.0051
 0.0471
 0.0667
 0.0681
 0.0755
 0.0930
 0.0914
 0.0630
 0.0609
 0.0619
 0.0439
 0.0048
-0.0303
-0.0388
-0.0614
-0.1034
-0.1313
-0.1425
-0.1723
-0.2103
-0.2260
-0.2276
-0.2369
-0.2653
-0.2810
-0.2720
-0.2786
-0.2940
-0.3004
-0.2852
-0.2807
-0.2967
-0.2988
-0.2762
-0.2757
-0.2895
-0.3062
-0.3118
-0.3089
-0.3039
-0.2868
-0.2531
-0.2377
-0.2361
-0.2371
-0.2135
-0.2052
-0.2145
-0.2159
-0.1996
-0.1991
-0.2068
-0.1988
-0.1712
-0.1568
-0.1582
-0.1454
-0.1148
-0.0912
-0.0811
-0.0473
 0.0019
 0.0298
 0.0370
 0.0500
 0.0691
 0.0654
 0.0550
 0.0484
 0.0524
 0.0468
 0.0271
 0.0298
 0.0338
 0.0242
 0.0051
-0.0080
-0.0215
-0.0343
-0.0694
-0.0909
-0.0840
-0.1037
-0.1382
-0.1497
-0.1555
-0.1781
-0.2050
-0.2167
-0.2164
-0.2249
-0.2414
-0.2494
-0.2331
-0.2382
-0.2642
-0.2765
-0.2842
-0.2988
-0.3270
-0.3358
-0.3249
-0.3100
-0.2948
-0.2664
-0.2265
-0.2087
-0.2108
-0.1967
-0.1709
-0.1624
-0.1685
-0.1654
-0.1518
-0.1568
-0.1872
-0.1983
-0.1965
-0.2036
-0.2217
-0.2191
-0.1994
-0.1856
-0.1850
-0.1643
-0.1287
-0.1090
-0.0981
-0.0758
-0.0346
-0.0080
 0.0000
 0.0152
 0.0455
 0.0537
 0.0431
 0.0529
 0.0691
 0.0558
 0.0183
-0.0080
-0.0247
-0.0526
-0.0984
-0.1199
-0.1167
-0.1342
-0.1715
-0.1938
-0.2047
-0.2371
-0.2799
-0.3073
-0.3241
-0.3480
-0.3711
-0.3796
-0.3706
-0.3754
-0.3996
-0.4033
-0.3892
-0.3934
-0.4078
-0.4163
-0.4216
-0.4248
-0.4206
-0.3977
-0.3584
-0.3326
-0.3219
-0.3023
-0.2735
-0.2592
-0.2706
-0.2645
-0.2470
-0.2494
-0.2645
-0.2672
-0.2472
-0.2401
-0.2438
-0.2257
-0.1856
-0.1545
-0.1406
-0.1167
-0.0699
-0.0377
-0.0287
-0.0032
 0.0239
 0.0367
 0.0221
 0.0130
 0.0202
 0.0114
-0.0175
-0.0322
-0.0359
-0.0468
-0.0774
-0.0978
-0.1109
-0.1388
-0.1770
-0.2036
-0.2058
-0.2321
-0.2770
-0.3017
-0.3081
-0.3315
-0.3544
-0.3655
-0.3554
-0.3528
-0.3626
-0.3695
-0.3685
-0.3823
-0.4150
-0.4256
-0.4065
-0.3844
-0.3700
-0.3371
-0.2964
-0.2762
-0.2698
-0.2512
-0.2254
-0.2089
-0.2089
-0.1988
-0.1813
-0.1741
-0.1834
-0.1861
-0.1664
-0.1560
-0.1608
-0.1428
-0.1082
-0.0848
-0.0811
-0.0622
-0.0292
-0.0112
-0.0120
 0.0064
 0.0447
 0.0564
 0.0550
 0.0657
 0.0835
 0.0704
 0.0457
 0.0375
 0.0367
 0.0199
-0.0136
-0.0449
-0.0603
-0.0861
-0.1406
-0.1739
-0.1872
-0.2209
-0.2656
-0.2868
-0.2908
-0.3105
-0.3368
-0.3538
-0.3498
-0.3554
-0.3796
-0.3863
-0.3770
-0.3775
-0.3945
-0.3868
-0.3613
-0.3389
-0.3352
-0.3214
-0.2932
-0.2805
-0.2855
-0.2757
-0.2467
-0.2307
-0.2297
-0.2191
-0.1938
-0.1818
-0.1834
-0.1749
-0.1579
-0.1539
-0.1664
-0.1680
-0.1547
-0.1542
-0.1696
-0.1752
-0.1627
-0.1590
-0.1728
-0.1752
-0.1651
-0.1603
-0.1741
-0.1622
-0.1393
-0.1228
-0.1167
-0.0976
-0.0798
-0.0853
-0.1082
-0.1111
-0.0960
-0.0907
-0.0992
-0.0843
-0.0577
-0.0577
-0.0782
-0.0893
-0.0922
-0.1124
-0.1491
-0.1749
-0.1739
-0.1736
-0.1866
-0.1853
-0.1584
-0.1372
-0.1327
-0.1260
-0.0981
-0.0774
-0.0885
-0.0877
-0.0758
-0.0816
-0.0962
-0.0914
-0.0731
-0.0736
-0.0782
-0.0787
-0.0582
-0.0425
-0.0457
-0.0316
-0.0138
-0.0056
-0.0303
-0.0330
-0.0093
-0.0112
-0.0258
-0.0263
-0.0210
-0.0276
-0.0518
-0.0681
-0.0699
-0.0909
-0.1241
-0.1340
-0.1390
-0.1587
-0.1938
-0.2116
-0.2121
-0.2156
-0.2363
-0.2470
-0.2355
-0.2321
-0.2374
-0.2387
-0.2191
-0.2135
-0.2193
-0.2047
-0.1821
-0.1757
-0.1810
-0.1728
-0.1555
-0.1505
-0.1654
-0.1669
-0.1433
-0.1374
-0.1444
-0.1388
-0.1061
-0.0872
-0.0885
-0.0965
-0.0877
-0.0922
-0.1063
-0.1079
-0.1008
-0.0981
-0.1186
-0.1178
-0.0989
-0.0938
-0.0989
-0.0885
-0.0553
-0.0404
-0.0447
-0.0455
-0.0263
-0.0138
-0.0290
-0.0284
-0.0191
-0.0364
-0.0670
-0.0885
-0.0914
-0.1069
-0.1420
-0.1552
-0.1598
-0.1765
-0.1978
-0.1994
-0.1770
-0.1600
-0.1598
-0.1441
-0.1087
-0.0938
-0.0981
-0.1018
-0.0883
-0.0880
-0.1132
-0.1233
-0.0984
-0.0883
-0.0912
-0.0744
-0.0486
-0.0447
-0.0595
-0.0617
-0.0425
-0.0468
-0.0779
-0.0829
-0.0813
-0.0970
-0.1218
-0.1356
-0.1300
-0.1406
-0.1651
-0.1850
-0.1842
-0.1946
-0.2185
-0.2369
-0.2390
-0.2587
-0.2930
-0.3020
-0.2842
-0.2685
-0.2762
-0.2626
-0.2345
-0.2284
-0.2347
-0.2206
-0.2023
-0.1975
-0.2079
-0.2132
-0.1853
-0.1715
-0.1768
-0.1659
-0.1438
-0.1369
-0.1537
-0.1526
-0.1412
-0.1483
-0.1715
-0.1778
-0.1693
-0.1693
-0.1829
-0.1856
-0.1720
-0.1651
-0.1794
-0.1856
-0.1701
-0.1638
-0.1757
-0.1707
-0.1523
-0.1335
-0.1369
-0.1180
-0.0925
-0.0867
-0.1031
-0.0997
-0.0835
-0.0744
-0.0904
-0.1090
-0.1111
-0.1162
-0.1319
-0.1446
-0.1382
-0.1428
-0.1552
-0.1537
-0.1342
-0.1148
-0.1122
-0.0954
-0.0718
-0.0633
-0.0689
-0.0590
-0.0348
-0.0229
-0.0401
-0.0385
-0.0407
-0.0609
-0.0994
-0.1300
-0.1444
-0.1614
-0.1893
-0.2031
-0.1922
-0.1885
-0.2010
-0.1938
-0.1630
-0.1475
-0.1420
-0.1276
-0.0938
-0.0675
-0.0675
-0.0574
-0.0375
-0.0346
-0.0500
-0.0603
-0.0529
-0.0590
-0.0904
-0.1010
-0.0968
-0.1122
-0.1441
-0.1656
-0.1696
-0.1834
-0.2201
-0.2414
-0.2483
-0.2573
-0.2818
-0.2860
-0.2672
-0.2541
-0.2624
-0.2658
-0.2592
-0.2523
-0.2762
-0.2882
-0.2743
-0.2672
-0.2611
-0.2318
-0.2023
-0.1829
-0.1805
-0.1680
-0.1454
-0.1454
-0.1651
-0.1842
-0.1877
-0.2010
-0.2307
-0.2385
-0.2241
-0.2105
-0.2119
-0.1938
-0.1545
-0.1265
-0.1202
-0.0970
-0.0574
-0.0284
-0.0314
-0.0239
-0.0027
 0.0045
-0.0045
-0.0032
 0.0114
 0.0101
-0.0093
-0.0221
-0.0207
-0.0351
-0.0638
-0.0843
-0.0952
-0.1154
-0.1595
-0.1965
-0.2124
-0.2390
-0.2863
-0.3206
-0.3344
-0.3573
-0.3860
-0.3966
-0.3863
-0.3825
-0.3905
-0.3879
-0.3746
-0.3682
-0.3767
-0.3692
-0.3475
-0.3389
-0.3554
-0.3549
-0.3339
-0.3249
-0.3389
-0.3403
-0.3270
-0.3206
-0.3267
-0.3161
-0.2991
-0.2967
-0.3036
-0.3007
-0.2807
-0.2677
-0.2690
-0.2587
-0.2284
-0.2124
-0.2164
-0.2026
-0.1725
-0.1537
-0.1545
-0.1523
-0.1313
-0.1223
-0.1348
-0.1404
-0.1335
-0.1385
-0.1537
-0.1513
-0.1377
-0.1348
-0.1356
-0.1276
-0.0981
-0.0843
-0.0771
-0.0675
-0.0393
-0.0141
-0.0167
-0.0138
 0.0016
 0.0000
-0.0279
-0.0335
-0.0348
-0.0540
-0.0949
-0.1300
-0.1473
-0.1776
-0.2265
-0.2701
-0.2823
-0.2972
-0.3257
-0.3387
-0.3320
-0.3400
-0.3783
-0.4017
-0.3980
-0.3961
-0.4043
-0.3964
-0.3799
-0.3658
-0.3591
-0.3432
-0.3163
-0.3092
-0.3171
-0.3243
-0.3291
-0.3355
-0.3493
-0.3400
-0.3108
-0.2882
-0.2930
-0.2863
-0.2637
-0.2528
-0.2456
-0.2228
-0.1765
-0.1369
-0.1247
-0.0997
-0.0598
-0.0356
-0.0314
-0.0191
 0.0024
 0.0152
 0.0090
 0.0058
 0.0170
 0.0175
-0.0021
-0.0112
-0.0125
-0.0279
-0.0641
-0.0787
-0.0771
-0.0853
-0.1082
-0.1164
-0.1132
-0.1207
-0.1433
-0.1587
-0.1590
-0.1778
-0.2074
-0.2193
-0.2124
-0.2201
-0.2353
-0.2390
-0.2289
-0.2313
-0.2517
-0.2486
-0.2257
-0.2159
-0.2193
-0.2100
-0.1864
-0.1786
-0.1962
-0.2082
-0.2010
-0.1959
-0.2135
-0.2209
-0.2167
-0.2143
-0.2276
-0.2297
-0.2278
-0.2374
-0.2573
-0.2595
-0.2472
-0.2483
-0.2690
-0.2658
-0.2403
-0.2345
-0.2430
-0.2419
-0.2270
-0.2278
-0.2517
-0.2669
-0.2555
-0.2502
-0.2547
-0.2504
-0.2188
-0.2124
-0.2244
-0.2244
-0.2068
-0.2031
-0.2161
-0.2148
-0.1988
-0.2026
-0.2220
-0.2262
-0.2058
-0.1996
-0.2135
-0.2137
-0.2020
-0.2105
-0.2406
-0.2525
-0.2512
-0.2640
-0.2898
-0.2953
-0.2778
-0.2735
-0.2842
-0.2781
-0.2579
-0.2488
-0.2517
-0.2488
-0.2257
-0.2087
-0.2129
-0.1941
-0.1582
-0.1345
-0.1279
-0.1023
-0.0667
-0.0540
-0.0553
-0.0500
-0.0335
-0.0449
-0.0657
-0.0813
-0.0813
-0.1005
-0.1289
-0.1459
-0.1510
-0.1709
-0.2100
-0.2387
-0.2571
-0.2922
-0.3432
-0.3775
-0.3993
-0.4200
-0.4501
-0.4604
-0.4453
-0.4402
-0.4580
-0.4551
-0.4402
-0.4283
-0.4413
-0.4642
-0.4607
-0.4572
-0.4663
-0.4636
-0.4509
-0.4501
-0.4655
-0.4655
-0.4455
-0.4296
-0.4272
-0.4113
-0.3762
-0.3480
-0.3241
-0.2908
-0.2363
-0.1949
-0.1685
-0.1313
-0.0795
-0.0404
-0.0343
-0.0308
-0.0149
-0.0202
-0.0476
-0.0723
-0.0925
-0.1276
-0.1744
-0.2082
-0.2286
-0.2584
-0.3036
-0.3211
-0.3142
-0.3161
-0.3296
-0.3235
-0.2988
-0.2868
-0.2924
-0.2911
-0.2775
-0.2781
-0.2953
-0.3081
-0.3060
-0.3174
-0.3443
-0.3512
-0.3469
-0.3482
-0.3591
-0.3591
-0.3459
-0.3517
-0.3690
-0.3817
-0.3929
-0.4107
-0.4360
-0.4368
-0.4089
-0.3897
-0.3791
-0.3642
-0.3278
-0.3227
-0.3334
-0.3299
-0.3108
-0.3039
-0.3145
-0.3214
-0.3137
-0.3070
-0.3211
-0.3118
-0.2863
-0.2666
-0.2571
-0.2488
-0.2334
-0.2276
-0.2307
-0.2201
-0.2082
-0.2108
-0.2249
-0.2284
-0.2148
-0.2222
-0.2512
-0.2698
-0.2783
-0.2991
-0.3355
-0.3637
-0.3831
-0.4062
-0.4408
-0.4650
-0.4692
-0.4854
-0.5096
-0.5242
-0.5309
-0.5452
-0.5745
-0.5894
-0.5838
-0.5904
-0.6069
-0.6013
-0.5779
-0.5569
-0.5633
-0.5609
-0.5495
-0.5553
-0.5758
-0.5955
-0.5769
-0.5646
-0.5609
-0.5373
-0.5075
-0.4865
-0.4782
-0.4596
-0.4275
-0.4107
-0.4142
-0.4043
-0.3825
-0.3778
-0.3836
-0.3767
-0.3493
-0.3302
-0.3241
-0.3081
-0.2653
-0.2430
-0.2358
-0.2164
-0.1911
-0.1736
-0.1850
-0.1893
-0.1701
-0.1669
-0.1723
-0.1672
-0.1555
-0.1571
-0.1824
-0.2063
-0.2103
-0.2292
-0.2690
-0.2932
-0.2977
-0.3102
-0.3397
-0.3472
-0.3408
-0.3573
-0.3895
-0.4046
-0.3940
-0.4051
-0.4296
-0.4445
-0.4514
-0.4636
-0.4830
-0.4907
-0.4764
-0.4721
-0.4852
-0.4737
-0.4408
-0.4200
-0.4259
-0.4219
-0.3974
-0.3820
-0.3879
-0.3812
-0.3488
-0.3334
-0.3413
-0.3310
-0.3105
-0.3052
-0.3190
-0.3214
-0.2983
-0.2890
-0.2959
-0.2882
-0.2656
-0.2581
-0.2693
-0.2821
-0.2672
-0.2573
-0.2658
-0.2634
-0.2517
-0.2443
-0.2472
-0.2472
-0.2334
-0.2313
-0.2427
-0.2512
-0.2369
-0.2345
-0.2510
-0.2454
-0.2355
-0.2339
-0.2358
-0.2451
-0.2326
-0.2385
-0.2581
-0.2499
-0.2249
-0.2185
-0.2270
-0.2209
-0.2148
-0.2214
-0.2387
-0.2496
-0.2462
-0.2486
-0.2696
-0.2741
-0.2664
-0.2613
-0.2770
-0.2735
-0.2536
-0.2382
-0.2499
-0.2525
-0.2329
-0.2156
-0.2228
-0.2217
-0.1983
-0.1933
-0.2010
-0.1994
-0.1909
-0.1925
-0.1988
-0.2026
-0.1824
-0.1712
-0.1800
-0.1821
-0.1699
-0.1616
-0.1715
-0.1688
-0.1624
-0.1630
-0.1728
-0.1797
-0.1638
-0.1529
-0.1731
-0.1757
-0.1667
-0.1646
-0.1696
-0.1752
-0.1595
-0.1433
-0.1481
-0.1483
-0.1300
-0.1263
-0.1489
-0.1584
-0.1382
-0.1361
-0.1794
-0.1869
-0.1794
-0.1903
-0.2004
-0.2113
-0.1951
-0.1980
-0.2066
-0.2047
-0.1826
-0.1808
-0.1978
-0.2198
-0.2103
-0.2175
-0.2369
-0.2430
-0.2345
-0.2347
-0.2502
-0.2587
-0.2432
-0.2403
-0.2600
-0.2680
-0.2613
-0.2626
-0.2807
-0.2799
-0.2584
-0.2502
-0.2584
-0.2613
-0.2432
-0.2377
-0.2504
-0.2552
-0.2363
-0.2284
-0.2371
-0.2424
-0.2334
-0.2331
-0.2387
-0.2419
-0.2270
-0.2217
-0.2321
-0.2315
-0.2257
-0.2334
-0.2650
-0.2863
-0.2810
-0.2906
-0.3094
-0.3108
-0.2831
-0.2693
-0.2728
-0.2629
-0.2438
-0.2438
-0.2709
-0.2805
-0.2714
-0.2701
-0.2831
-0.2826
-0.2669
-0.2640
-0.2720
-0.2722
-0.2560
-0.2555
-0.2714
-0.2818
-0.2693
-0.2555
-0.2650
-0.2693
-0.2557
-0.2496
-0.2624
-0.2735
-0.2626
-0.2502
-0.2470
-0.2390
-0.2164
-0.2026
-0.2050
-0.2095
-0.1954
-0.1794
-0.1848
-0.1848
-0.1656
-0.1656
-0.1808
-0.1800
-0.1608
-0.1483
-0.1526
-0.1513
-0.1292
-0.1191
-0.1327
-0.1308
-0.1271
-0.1388
-0.1608
-0.1701
-0.1571
-0.1537
-0.1568
-0.1531
-0.1358
-0.1279
-0.1510
-0.1640
-0.1566
-0.1590
-0.1731
-0.1757
-0.1547
-0.1390
-0.1497
-0.1558
-0.1449
-0.1414
-0.1529
-0.1595
-0.1526
-0.1481
-0.1672
-0.1805
-0.1797
-0.1768
-0.1988
-0.2167
-0.2087
-0.1967
-0.2089
-0.2145
-0.1903
-0.1834
-0.1898
-0.1882
-0.1763
-0.1709
-0.1949
-0.2135
-0.2015
-0.1917
-0.2124
-0.2167
-0.2175
-0.2113
-0.2167
-0.2278
-0.2241
-0.2204
-0.2276
-0.2459
-0.2270
-0.2175
-0.2326
-0.2355
-0.2185
-0.1994
-0.2135
-0.2058
-0.1938
-0.1813
-0.1885
-0.1970
-0.1794
-0.1640
-0.1709
-0.1715
-0.1603
-0.1680
-0.1877
-0.2010
-0.1893
-0.1842
-0.1941
-0.1980
-0.1776
-0.1725
-0.1890
-0.1946
-0.1834
-0.1770
-0.1842
-0.1755
-0.1555
-0.1571
-0.1741
-0.1800
-0.1667
-0.1547
-0.1672
-0.1709
-0.1560
-0.1529
-0.1693
-0.1765
-0.1632
-0.1566
-0.1763
-0.1877
-0.1752
-0.1755
-0.1898
-0.1959
-0.1869
-0.1853
-0.2039
-0.2095
-0.1988
-0.1927
-0.2026
-0.2026
-0.1853
-0.1786
-0.1922
-0.1898
-0.1646
-0.1590
-0.1784
-0.1818
-0.1723
-0.1778
-0.1965
-0.2066
-0.1933
-0.1877
-0.2015
-0.2039
-0.1861
-0.1797
-0.1840
-0.1800
-0.1696
-0.1664
-0.1850
-0.1922
-0.1829
-0.1778
-0.1840
-0.1842
-0.1720
-0.1685
-0.1784
-0.1786
-0.1603
-0.1545
-0.1614
-0.1513
-0.1473
-0.1523
-0.1701
-0.1810
-0.1723
-0.1680
-0.1813
-0.1834
-0.1699
-0.1680
-0.1821
-0.1800
-0.1608
-0.1611
-0.1752
-0.1776
-0.1587
-0.1486
-0.1595
-0.1611
-0.1510
-0.1393
-0.1475
-0.1473
-0.1356
-0.1356
-0.1515
-0.1582
-0.1529
-0.1529
-0.1590
-0.1616
-0.1491
-0.1385
-0.1444
-0.1433
-0.1398
-0.1401
-0.1552
-0.1590
-0.1526
-0.1547
-0.1731
-0.1813
-0.1765
-0.1792
-0.2002
-0.2039
-0.2004
-0.1991
-0.2145
-0.2145
-0.1922
-0.1770
-0.1765
-0.1720
-0.1489
-0.1350
-0.1404
-0.1560
-0.1433
-0.1545
-0.1763
-0.1797
-0.1768
-0.1744
-0.1842
-0.2076
-0.1866
-0.1856
-0.2010
-0.1882
-0.1693
-0.1614
-0.1741
-0.1627
-0.1542
-0.1348
-0.1406
-0.1547
-0.1393
-0.1265
-0.1481
-0.1491
-0.1236
-0.1223
-0.1374
-0.1372
-0.1295
-0.1273
-0.1414
-0.1401
-0.1420
-0.1475
-0.1630
-0.1515
-0.1319
-0.1218
-0.1215
-0.1220
-0.1101
-0.1002
-0.1050
-0.1039
-0.0869
-0.0784
-0.0851
-0.0843
-0.0553
-0.0404
-0.0463
-0.0457
-0.0271
-0.0149
-0.0300
-0.0319
-0.0098
-0.0056
-0.0152
-0.0207
-0.0061
-0.0053
-0.0245
-0.0556
-0.0893
-0.1002
-0.1231
-0.1257
-0.1148
-0.1093
-0.1263
-0.1342
-0.1257
-0.1180
-0.1233
-0.1103
-0.0808
-0.0731
-0.0813
-0.0877
-0.0872
-0.0928
