-0.4152
-0.0845
 0.3650
 0.0465
-0.4110
-0.1013
 0.3352
 0.0074
-0.4498
-0.1342
 0.3158
-0.0106
-0.4615
-0.1478
 0.2999
-0.0290
-0.4756
-0.1622
 0.3100
 0.0146
-0.4105
-0.0638
 0.3839
 0.0606
-0.4006
-0.0760
 0.3685
 0.0383
-0.4214
-0.1005
 0.3472
 0.0287
-0.4142
-0.0829
 0.3663
 0.0479
-0.4113
-0.0912
 0.3482
 0.0064
-0.4572
-0.1518
 0.2900
-0.0489
-0.5165
-0.2198
 0.2318
-0.0914
-0.5285
-0.1962
 0.2791
-0.0250
-0.4530
-0.1164
 0.3599
 0.0463
-0.4144
-0.0957
 0.3544
 0.0396
-0.4001
-0.0720
 0.3671
 0.0399
-0.4267
-0.1244
 0.3156
-0.0298
-0.4958
-0.1962
 0.2430
-0.0888
-0.5418
-0.2307
 0.2401
-0.0673
-0.5000
-0.0715
 0.3171
-0.0045
-0.4381
-0.1186
 0.3350
 0.0162
-0.4365
-0.1252
 0.3249
 0.0077
-0.4461
-0.1390
 0.3118
-0.0066
-0.4506
-0.1329
 0.3275
 0.0048
-0.4474
-0.1441
 0.2924
-0.0377
-0.5006
-0.2076
 0.2305
-0.0952
-0.5359
-0.2214
 0.2286
-0.0859
-0.5194
-0.2103
 0.2544
-0.0521
-0.4825
-0.1630
 0.3017
-0.0229
-0.4769
-0.1773
 0.2765
-0.0346
-0.4759
-0.1608
 0.3025
-0.0125
-0.4610
-0.1582
 0.2821
-0.0513
-0.5234
-0.2273
 0.2137
-0.1050
-0.5498
-0.2350
 0.2254
-0.0808
-0.5123
-0.1879
 0.2791
-0.0282
-0.4711
-0.1550
 0.3185
 0.0120
-0.4325
-0.1130
 0.3267
-0.0114
-0.4673
-0.1571
 0.2959
-0.0213
-0.4642
-0.1587
 0.2956
-0.0205
-0.4700
-0.1664
 0.2903
-0.0330
-0.4931
-0.1866
 0.2735
-0.0311
-0.4692
-0.1420
 0.3331
 0.0343
-0.4091
-0.0893
 0.3520
 0.0255
-0.4408
-0.1356
 0.3086
-0.0229
-0.4828
-0.1768
 0.2852
-0.0346
-0.4836
-0.1712
 0.2789
-0.0433
-0.4987
-0.1922
 0.2712
-0.0412
-0.4915
-0.1739
 0.2932
-0.0218
-0.4743
-0.1816
 0.2778
-0.0332
-0.4838
-0.1696
 0.2991
-0.0024
-0.4445
-0.1233
 0.3501
 0.0510
-0.4070
-0.0914
 0.3490
 0.0255
-0.4429
-0.1268
 0.3302
 0.0106
-0.4466
-0.1483
 0.2943
-0.0364
-0.4907
-0.1781
 0.2935
-0.0120
-0.4546
-0.1462
 0.3222
 0.0037
-0.4599
-0.1571
 0.2951
-0.0234
-0.4822
-0.1877
 0.2698
-0.0441
-0.5085
-0.2116
 0.2480
-0.0670
-0.5128
-0.2047
 0.2626
-0.0396
-0.4777
-0.1640
 0.3044
-0.0138
-0.4703
-0.1752
 0.2799
-0.0383
-0.5022
-0.2044
 0.2557
-0.0609
-0.5272
-0.2334
 0.2212
-0.0899
-0.5431
-0.2390
 0.2214
-0.0962
-0.5500
-0.2438
 0.2214
-0.0843
-0.5269
-0.2161
 0.2494
-0.0657
-0.5179
-0.2039
 0.2698
-0.0300
-0.4796
-0.1672
 0.2895
-0.0324
-0.4998
-0.2039
 0.2688
-0.0332
-0.4915
-0.1901
 0.2735
-0.0471
-0.5240
-0.2377
 0.2156
-0.1061
-0.5580
-0.2507
 0.3429
-0.0606
-0.5444
-0.2382
 0.2292
-0.0673
-0.5096
-0.1951
 0.2810
-0.0255
-0.4854
-0.1877
 0.2735
-0.0343
-0.4796
-0.1709
 0.2919
-0.0152
-0.4668
-0.1521
 0.3153
 0.0120
-0.4471
-0.1545
 0.2945
-0.0367
-0.5155
-0.2358
 0.2074
-0.1175
-0.5840
-0.2743
 0.2042
-0.0843
-0.5197
-0.2063
 0.2664
-0.0290
-0.4846
-0.1720
 0.3004
-0.0019
-0.4567
-0.1465
 0.3142
-0.0106
-0.4798
-0.1879
 0.2600
-0.0508
-0.5046
-0.1959
 0.2818
-0.0221
-0.4846
-0.1834
 0.2797
-0.0354
-0.5160
-0.2438
 0.1922
-0.1364
-0.6040
-0.3049
 0.1736
-0.1093
-0.5365
-0.2031
 0.2906
 0.0064
-0.4328
-0.1071
 0.3751
 0.0808
-0.3847
-0.0774
 0.3671
 0.0407
-0.4346
-0.1303
 0.3267
 0.0160
-0.4458
-0.1311
 0.3288
 0.0133
-0.4559
-0.1502
 0.3174
 0.0090
-0.4618
-0.1616
 0.2964
-0.0213
-0.4910
-0.1983
 0.2701
-0.0316
-0.4756
-0.1603
 0.3294
 0.0298
-0.4336
-0.1260
 0.3280
-0.0122
-0.5078
-0.2329
 0.2244
-0.0768
-0.5317
-0.2265
 0.2541
-0.0518
-0.5078
-0.2089
 0.2549
-0.0548
-0.5290
-0.2411
 0.2323
-0.0651
-0.5229
-0.2164
 0.2653
-0.0401
-0.5075
-0.2196
 0.2517
-0.0492
-0.4979
-0.1853
 0.2945
-0.0082
-0.4615
-0.1523
 0.3267
 0.0229
-0.4509
-0.1462
 0.3145
 0.0056
-0.4673
-0.1731
 0.3049
-0.0027
-0.4825
-0.1890
 0.2722
-0.0250
-0.4953
-0.1933
 0.2916
 0.0066
-0.4477
-0.1478
 0.3158
-0.0040
-0.4873
-0.2002
 0.2642
-0.0468
-0.5197
-0.2406
 0.2222
-0.0784
-0.5290
-0.2143
 0.2818
-0.0082
-0.4660
-0.1701
 0.2932
-0.0133
-0.4875
-0.1978
 0.2701
-0.0250
-0.4780
-0.1709
 0.3179
 0.0255
-0.4506
-0.1507
 0.3235
 0.0287
-0.4235
-0.1063
 0.3700
 0.0704
-0.3937
-0.0798
 0.3852
 0.0766
-0.4022
-0.1063
 0.3504
 0.0377
-0.4503
-0.1627
 0.2916
-0.0298
-0.5128
-0.2284
 0.2369
-0.0649
-0.5311
-0.2307
 0.2515
-0.0420
-0.4987
-0.2015
 0.2783
 0.1063
-0.4586
-0.2116
 0.2619
-0.0330
-0.4947
-0.1789
 0.2975
-0.0058
-0.4854
-0.2153
 0.2307
-0.1039
-0.6096
-0.3432
 0.1111
-0.2044
-0.6787
-0.3772
 0.1087
-0.1733
-0.6223
-0.3148
 0.1712
-0.1199
-0.5681
-0.2664
 0.2082
-0.0922
-0.5498
-0.2467
 0.2401
-0.0425
-0.4860
-0.1725
 0.3291
 0.0529
-0.4083
-0.1002
 0.3653
 0.0619
-0.4065
-0.1130
 0.3570
 0.0534
-0.4264
-0.1409
 0.3129
-0.0106
-0.4966
-0.2175
 0.2464
-0.0601
-0.5309
-0.2323
 0.2541
-0.0295
-0.4806
-0.1829
 0.2977
-0.0035
-0.4756
-0.1872
 0.2826
-0.0274
-0.5043
-0.2164
 0.2640
-0.0173
-0.4828
-0.1962
 0.2589
-0.0510
-0.5420
-0.2592
 0.2132
-0.0864
-0.5585
-0.2746
 0.1973
-0.1005
-0.5625
-0.2669
 0.2180
-0.0526
-0.5048
-0.1946
 0.3001
 0.0077
-0.4660
-0.1725
 0.2956
-0.0080
-0.4780
-0.1712
 0.3304
 0.0574
-0.3868
-0.0646
 0.4102
 0.1117
-0.3759
-0.0899
 0.3586
 0.0330
-0.4642
-0.1866
 0.2581
-0.0619
-0.5442
-0.2632
 0.2175
-0.0635
-0.5160
-0.2119
 0.2743
-0.0093
-0.4772
-0.1858
 0.2826
-0.0186
-0.4889
-0.2060
 0.2797
-0.0040
-0.4578
-0.1398
 0.3573
 0.0811
-0.3759
-0.0675
 0.4027
 0.1023
-0.3988
-0.1215
 0.3318
 0.0088
-0.4785
-0.2039
 0.2619
-0.0388
-0.4998
-0.2004
 0.2821
-0.0048
-0.4631
-0.1651
 0.3081
 0.0016
-0.4902
-0.2039
 0.2600
-0.0428
-0.5003
-0.2004
 0.2863
 0.0056
-0.4535
-0.1467
 0.3262
 0.0245
-0.4652
-0.1834
 0.2836
-0.0152
-0.4910
-0.2026
 0.2730
-0.0234
-0.4881
-0.2071
 0.2720
-0.0234
-0.4953
-0.2175
 0.2512
-0.0502
-0.5179
-0.2411
 0.2225
-0.0790
-0.5397
-0.2323
 0.2619
-0.0093
-0.4527
-0.1475
 0.3360
 0.0356
-0.4354
-0.1465
 0.3182
 0.0144
-0.4652
-0.1765
 0.2993
 0.0191
-0.4354
-0.1265
 0.3613
 0.0739
-0.4027
-0.1039
 0.3613
 0.0399
-0.4615
-0.1911
 0.2517
-0.0646
-0.5415
-0.2600
 0.2127
-0.0845
-0.4639
-0.1821
 0.2262
-0.0821
-0.5559
-0.2688
 0.2137
-0.0752
-0.5479
-0.2579
 0.2198
-0.0720
-0.5415
-0.2605
 0.2132
-0.0787
-0.5442
-0.2565
 0.2278
-0.0707
-0.5431
-0.2645
 0.2137
-0.0808
-0.5442
-0.2475
 0.2403
-0.0476
-0.5128
-0.2268
 0.2488
-0.0580
-0.5335
-0.2557
 0.2007
-0.1087
-0.5716
-0.2685
 0.2183
-0.0702
-0.5351
-0.2398
 0.2515
-0.0261
-0.4798
-0.1808
 0.3140
 0.0308
-0.4418
-0.1587
 0.2999
-0.0120
-0.4963
-0.2169
 0.2560
-0.0433
-0.5088
-0.2217
 0.2571
-0.0433
-0.5152
-0.2321
 0.2539
-0.0383
-0.5027
-0.2161
 0.2669
-0.0186
-0.4860
-0.1965
 0.2866
 0.0037
-0.4665
-0.1699
 0.3113
 0.0215
-0.4572
-0.1683
 0.3007
-0.0035
-0.4881
-0.1967
 0.2860
-0.0061
-0.4772
-0.1824
 0.2919
-0.0019
-0.4852
-0.2020
 0.2611
-0.0593
-0.5476
-0.2773
 0.1935
-0.0907
-0.5527
-0.2640
 0.2151
-0.0758
-0.5466
-0.2656
 0.2074
-0.0968
-0.5713
-0.2852
 0.1962
-0.0909
-0.5420
-0.2307
 0.2712
 0.0056
-0.4506
-0.1358
 0.3528
 0.0603
-0.4267
-0.1451
 0.3296
 0.0239
-0.4549
-0.1507
 0.3339
 0.0479
-0.4272
-0.1327
 0.3363
 0.0298
-0.4591
-0.1808
 0.2874
-0.0114
-0.4889
-0.2058
 0.2738
-0.0186
-0.4958
-0.2204
 0.2571
-0.0372
-0.5115
-0.2172
 0.2751
 0.0074
-0.4562
-0.1731
 0.3057
 0.0130
-0.4692
-0.1872
 0.2852
-0.0146
-0.4984
-0.2201
 0.2563
-0.0476
-0.5269
-0.2549
 0.2294
-0.0675
-0.5322
-0.2494
 0.2278
-0.0670
-0.5402
-0.2480
 0.2459
-0.0332
-0.4992
-0.2087
 0.2847
-0.0021
-0.4878
-0.2015
 0.2799
-0.0178
-0.5006
-0.2217
 0.2525
-0.0449
-0.5173
-0.2323
 0.2568
-0.0287
-0.4860
-0.1996
 0.2908
 0.0098
-0.4668
-0.1797
 0.2993
 0.0032
-0.4817
-0.2092
 0.2669
-0.0423
-0.5322
-0.2642
 0.2143
-0.0832
-0.5511
-0.2571
 0.2379
-0.0303
-0.4875
-0.1837
 0.3062
 0.0311
-0.4509
-0.1632
 0.3097
 0.0074
-0.4743
-0.1324
 0.3546
-0.0388
-0.5585
-0.2945
 0.1741
-0.1188
-0.5907
-0.2868
 0.2097
-0.0699
-0.5471
-0.2634
 0.2089
-0.0946
-0.5771
-0.3108
 0.1646
-0.1281
-0.5891
-0.2911
 0.2055
-0.0675
-0.5250
-0.2284
 0.2720
-0.0027
-0.4673
-0.1800
 0.3004
 0.0141
-0.4596
-0.1816
 0.2938
-0.0005
-0.4828
-0.2135
 0.2640
-0.0215
-0.4868
-0.1962
 0.3054
 0.0308
-0.4461
-0.1566
 0.3174
 0.0157
-0.4644
-0.1781
 0.2956
-0.0024
-0.4910
-0.2050
 0.2895
 0.0167
-0.4474
-0.1438
 0.3408
 0.0465
-0.4519
-0.1914
 0.2571
-0.0537
-0.5500
-0.2866
 0.1909
-0.1002
-0.5729
-0.2890
 0.2018
-0.0800
-0.5506
-0.2685
 0.2156
-0.0734
-0.5447
-0.2528
 0.2478
-0.0330
-0.5070
-0.2294
 0.2568
-0.0311
-0.5046
-0.2260
 0.2517
-0.0420
-0.5213
-0.2440
 0.2419
-0.0465
-0.5266
-0.2491
 0.2350
-0.0569
-0.5237
-0.2355
 0.2597
-0.0229
-0.4947
-0.2183
 0.2682
-0.0189
-0.4942
-0.2066
 0.2847
 0.0175
-0.4461
-0.1478
 0.3456
 0.0704
-0.4019
-0.1178
 0.3461
 0.0335
-0.4796
-0.2339
 0.2036
-0.1047
-0.5955
-0.3251
 0.1699
-0.0976
-0.5628
-0.2722
 0.2265
-0.0540
-0.5272
-0.2464
 0.2443
-0.0308
-0.5115
-0.2382
 0.2462
-0.0532
-0.5375
-0.2656
 0.2206
-0.0580
-0.5346
-0.2576
 0.2446
-0.0090
-0.4644
-0.1733
 0.3193
 0.0362
-0.4432
-0.1648
 0.3137
 0.0029
-0.4998
-0.2366
 0.2238
-0.0784
-0.5673
-0.3031
 0.1755
-0.1026
-0.5793
-0.3052
 0.1959
-0.0755
-0.5418
-0.2608
 0.2297
-0.0489
-0.5202
-0.2411
 0.2414
-0.0505
-0.5391
-0.2674
 0.2206
-0.0564
-0.5141
-0.2198
 0.2866
 0.0144
-0.4647
-0.1757
 0.3166
 0.0417
-0.4458
-0.1731
 0.3057
 0.0106
-0.4631
-0.1691
 0.2930
-0.0125
-0.5006
-0.2337
 0.2353
-0.0274
-0.5088
-0.2246
 0.2741
 0.0149
-0.4567
-0.1648
 0.3288
 0.0534
-0.4259
-0.1156
 0.3663
 0.0657
-0.4405
-0.1739
 0.3007
 0.0298
-0.4461
-0.1483
 0.4790
 0.1632
-0.3682
-0.0928
 0.3903
 0.1079
-0.3889
-0.1303
 0.3506
 0.0667
-0.4182
-0.1321
 0.3623
 0.0907
-0.3799
-0.0965
 0.3921
 0.1106
-0.3756
-0.1090
 0.3748
 0.0795
-0.4222
-0.1582
 0.3156
 0.0210
-0.4652
-0.1962
 0.2964
 0.0157
-0.4793
-0.1970
 0.3097
 0.0455
-0.4118
-0.1138
 0.3950
 0.1263
-0.3541
-0.0816
 0.4099
 0.1287
-0.3517
-0.0691
 0.4277
 0.1521
-0.3312
-0.0537
 0.4333
 0.1640
-0.3323
-0.0534
 0.4190
 0.1436
-0.3549
-0.0829
 0.4057
 0.1335
-0.3475
-0.0588
 0.4245
 0.1558
-0.3326
-0.0449
 0.4490
 0.1848
-0.3049
-0.0183
 0.4636
 0.1861
-0.3166
-0.0476
 0.4208
 0.1396
-0.3589
-0.0883
 0.4017
 0.1268
-0.3584
-0.0718
 0.4179
 0.1486
-0.3432
-0.0633
 0.4195
 0.1444
-0.3605
-0.0920
 0.3945
 0.1207
-0.3839
-0.1103
 0.3706
 0.0782
-0.4187
-0.1489
 0.3421
 0.0696
-0.4142
-0.1231
 0.3791
 0.1087
-0.3841
-0.1031
 0.3865
 0.1130
-0.3770
-0.0981
 0.4014
 0.1350
-0.3506
-0.0561
 0.4461
 0.1946
-0.2951
-0.0178
 0.4671
 0.1866
-0.3267
-0.0614
 0.4131
 0.1332
-0.3791
-0.1103
 0.3650
 0.0739
-0.4373
-0.1683
 0.3171
 0.0423
-0.4498
-0.1630
 0.3243
 0.0436
-0.4583
-0.1866
 0.3089
 0.0327
-0.4660
-0.1834
 0.3187
 0.0529
-0.4392
-0.1563
 0.3408
 0.0667
-0.4312
-0.1545
 0.3381
 0.0598
-0.4336
-0.1547
 0.3419
 0.0787
-0.4158
-0.1340
 0.3637
 0.0893
-0.4128
-0.1449
 0.3469
 0.0580
-0.4463
-0.1853
 0.3012
 0.0215
-0.4759
-0.2228
 0.2669
-0.0130
-0.5000
-0.2260
 0.2876
 0.0258
-0.4626
-0.1826
 0.3219
 0.0529
-0.4440
-0.1688
 0.3366
 0.0699
-0.4240
-0.1497
 0.3597
 0.0965
-0.4027
-0.1289
 0.3708
 0.1013
-0.4009
-0.1281
 0.3621
 0.0798
-0.4259
-0.1661
 0.3145
 0.0226
-0.5014
-0.2523
 0.2252
-0.0558
-0.5567
-0.3031
 0.1986
-0.0670
-0.5569
-0.3070
 0.1842
-0.0957
-0.5923
-0.3360
 0.1545
 0.0048
-0.5351
-0.3323
 0.1473
-0.1276
-0.6284
-0.3770
 0.1172
-0.1406
-0.6476
-0.3972
 0.1124
-0.1451
-0.6319
-0.3655
 0.1430
-0.1143
-0.5987
-0.3310
 0.1794
-0.0821
-0.5769
-0.3326
 0.1619
-0.1218
-0.6298
-0.3932
 0.0936
-0.1895
-0.6912
-0.4349
 0.0675
-0.2044
-0.6970
-0.4498
 0.0494
-0.2185
-0.7095
-0.4477
 0.0625
-0.1983
-0.6792
-0.4134
 0.1047
-0.1505
-0.6348
-0.3740
 0.1438
-0.1130
-0.6053
-0.3427
 0.1699
-0.0912
-0.5851
-0.3310
 0.1696
-0.1021
-0.5979
-0.3392
 0.1856
-0.0683
-0.5641
-0.3203
 0.1627
-0.1276
-0.6556
-0.4320
 0.0455
-0.2515
-0.7696
-0.5250
-0.0165
-0.2815
-0.7760
-0.5109
 0.0048
-0.2576
-0.7470
-0.4894
 0.0226
-0.2310
-0.7101
-0.4323
 0.0976
-0.1507
-0.6338
-0.3695
 0.1459
-0.1175
-0.6167
-0.3722
 0.1223
-0.1523
-0.6444
-0.3921
 0.1090
-0.1592
-0.6569
-0.4022
 0.1090
-0.1420
-0.6367
-0.3841
 0.1295
-0.1273
-0.6250
-0.3647
 0.1467
-0.1061
-0.5947
-0.3416
 0.1499
-0.1329
-0.6460
-0.4035
 0.0922
-0.1747
-0.6654
-0.4006
 0.1207
-0.1268
-0.6029
-0.3259
 0.2068
-0.0385
-0.5237
-0.2664
 0.2416
-0.0284
-0.5365
-0.2876
 0.2161
-0.0489
-0.5436
-0.2911
 0.2244
-0.0311
-0.5303
-0.2847
 0.2161
-0.0550
-0.5692
-0.3302
 0.1576
-0.1114
-0.6226
-0.3863
 0.1138
-0.1438
-0.6343
-0.3783
 0.1356
-0.1220
-0.6159
-0.3573
 0.1680
-0.0752
-0.5572
-0.2895
 0.2254
-0.0338
-0.5511
-0.2945
 0.2124
-0.0327
-0.5075
-0.2414
 0.2868
 0.0229
-0.4759
-0.1781
 0.3602
 0.0805
-0.4293
-0.1268
 0.3788
 0.0896
-0.4586
-0.2105
 0.2533
-0.0457
-0.5503
-0.2996
 0.2270
-0.0122
-0.5075
-0.2435
 0.2720
 0.0242
-0.4918
-0.2185
 0.3017
 0.0354
-0.4713
-0.2103
 0.3068
 0.0518
-0.4405
-0.1566
 0.3642
 0.1188
-0.3714
-0.1023
 0.4214
 0.1853
-0.3195
-0.0744
 0.4075
 0.1486
-0.3772
-0.1465
 0.3288
 0.0502
-0.4735
-0.0896
 0.3475
 0.0338
-0.4703
-0.2145
 0.2922
 0.0311
-0.4838
-0.2358
 0.2701
 0.0191
-0.4881
-0.2350
 0.2969
 0.0614
-0.4203
-0.1608
 0.3552
 0.1008
-0.3972
-0.1566
 0.3546
 0.1069
-0.4017
-0.1558
 0.3451
 0.0896
-0.4237
-0.1656
 0.3416
 0.0856
-0.4128
-0.1590
 0.3520
 0.0994
-0.4160
-0.1526
 0.3597
 0.1111
-0.3897
-0.1377
 0.3645
 0.0933
-0.4309
-0.1927
 0.3028
 0.0436
-0.4655
-0.2079
 0.3142
 0.0611
-0.4535
-0.1980
 0.3102
 0.0529
-0.4618
-0.2089
 0.2975
 0.0476
-0.4759
-0.2105
 0.3094
 0.0606
-0.4509
-0.1991
 0.3020
 0.0409
-0.4671
-0.2169
 0.3025
 0.0654
-0.4392
-0.1717
 0.3472
 0.1016
-0.4091
-0.1545
 0.3552
 0.1085
-0.4139
-0.1640
 0.3498
 0.0978
-0.4059
-0.1462
 0.3584
 0.1002
-0.4155
-0.1789
 0.3310
 0.0808
-0.4304
-0.1800
 0.3241
 0.0630
-0.4519
-0.2063
 0.3185
 0.0798
-0.4251
-0.1539
 0.3645
 0.1183
-0.3897
-0.1428
 0.3629
 0.1069
-0.3964
-0.1398
 0.3780
 0.1265
-0.3868
-0.1313
 0.3817
 0.1340
-0.3754
-0.1239
 0.3865
 0.1319
-0.3778
-0.1260
 0.3937
 0.1521
-0.3639
-0.1172
 0.3937
 0.1337
-0.3916
-0.1539
 0.3520
 0.0936
-0.4352
-0.1954
 0.3108
 0.0521
-0.4623
-0.2023
 0.3249
 0.0840
-0.4325
-0.1770
 0.3304
 0.0683
-0.4626
-0.2191
 0.2924
 0.0338
-0.4852
-0.2350
 0.2860
 0.0399
-0.4713
-0.2026
 0.3360
 0.1069
-0.3897
-0.1122
 0.4248
 0.1951
-0.3070
-0.0481
 0.4740
 0.2480
-0.2584
 0.0048
 0.5192
 0.2653
-0.2813
-0.0678
 0.4139
 0.1457
-0.3897
-0.1510
 0.3663
 0.1244
-0.3807
-0.1172
 0.4073
 0.1688
-0.3448
-0.0941
 0.4232
 0.1755
-0.3506
-0.1087
 0.4086
 0.1592
-0.3639
-0.1186
 0.3958
 0.1422
-0.3871
-0.1502
 0.3533
 0.1034
-0.4214
-0.1720
 0.3506
 0.1037
-0.4075
-0.1451
 0.3738
 0.1228
-0.4054
-0.1675
 0.3451
 0.0896
-0.4376
-0.1935
 0.3100
 0.0505
-0.4942
-0.2640
 0.3706
 0.0489
-0.5338
-0.2983
 0.2244
-0.0194
-0.5423
-0.3116
 0.2034
-0.0508
-0.5803
-0.3392
 0.1943
-0.0401
-0.5434
-0.2903
 0.2557
 0.0175
-0.5022
-0.2605
 0.2805
 0.0343
-0.4929
-0.2608
 0.2613
 0.0250
-0.4998
-0.2600
 0.2770
 0.0481
-0.4681
-0.2225
 0.3110
 0.0715
-0.4639
-0.2220
 0.3047
 0.0593
-0.4695
-0.2214
 0.2916
 0.0393
-0.4929
-0.2504
 0.2735
 0.0351
-0.4971
-0.2597
 0.2725
 0.0407
-0.4881
-0.2552
 0.2515
 0.0043
-0.5187
-0.2714
 0.2688
 0.0439
-0.4700
-0.2201
 0.3070
 0.0670
-0.4634
-0.2353
 0.2863
 0.0362
-0.4937
-0.2544
 0.2847
 0.0633
-0.4421
-0.1781
 0.3663
 0.1481
-0.3655
-0.1178
 0.4240
 0.1887
-0.3352
-0.0976
 0.4267
 0.1895
-0.3530
-0.1233
 0.3996
 0.1555
-0.3852
-0.1643
 0.3437
 0.0981
-0.4248
-0.1869
 0.3366
 0.1074
-0.4184
-0.1872
 0.3360
 0.1047
-0.4227
-0.1893
 0.3326
 0.1023
-0.4272
-0.1911
 0.3310
 0.1005
-0.4280
-0.1869
 0.3475
 0.1210
-0.4030
-0.1704
 0.3501
 0.1090
-0.4323
-0.2087
 0.3044
 0.0611
-0.4860
-0.2584
 0.2666
 0.0380
-0.4889
-0.2462
 0.2852
 0.0577
-0.4716
-0.2339
 0.2969
 0.0819
-0.4397
-0.1994
 0.3331
 0.1018
-0.4392
-0.2172
 0.2914
 0.0593
-0.4809
-0.2544
 0.2781
 0.0614
-0.4695
-0.2377
 0.2844
 0.0481
-0.4974
-0.2645
 0.2706
 0.0611
-0.4602
-0.2169
 0.3153
 0.0952
-0.4384
-0.2116
 0.3047
 0.0726
-0.4743
-0.2533
 0.2751
 0.0436
-0.4838
-0.2353
 0.3156
 0.1119
-0.4065
-0.1550
 0.3916
 0.1781
-0.3453
-0.1010
 0.4392
 0.2198
-0.3132
-0.0880
 0.4307
 0.1957
-0.3448
-0.1188
 0.4144
 0.1903
-0.3514
-0.1247
 0.3964
 0.1582
-0.3889
-0.1770
 0.3363
 0.0851
-0.4740
-0.2648
 0.2525
 0.0189
-0.5173
-0.2834
 0.2666
 0.0516
-0.4790
-0.2539
 0.2789
 0.0561
-0.4849
-0.2608
 0.2706
 0.0370
-0.5027
-0.2767
 0.2680
 0.0465
-0.4812
-0.2284
 0.3326
 0.2443
-0.3586
-0.1478
 0.3892
 0.1672
-0.3669
-0.1582
 0.3724
 0.1529
-0.3833
-0.1539
 0.3926
 0.1654
-0.3804
-0.1677
 0.3671
 0.1350
-0.4054
-0.1829
 0.3493
 0.1132
-0.4463
-0.2523
 0.2494
 0.0183
-0.5155
-0.2826
 0.2757
 0.0683
-0.4679
-0.2462
 0.2863
 0.0524
-0.5003
-0.2892
 0.2502
 0.0335
-0.5070
-0.2863
 0.2515
 0.0354
-0.4950
-0.2648
 0.2781
 0.0625
-0.4708
-0.2363
 0.3108
 0.0946
-0.4354
-0.2047
 0.3249
 0.1018
-0.4424
-0.2220
 0.3033
 0.0755
-0.4639
-0.2281
 0.3126
 0.0962
-0.4429
-0.2252
 0.2956
 0.0662
-0.4673
-0.2355
 0.3054
 0.0840
-0.4559
-0.2371
 0.2935
 0.0813
-0.4647
-0.2414
 0.3025
 0.1005
-0.4325
-0.2044
 0.3528
 0.1425
-0.3996
-0.1898
 0.3336
 0.1111
-0.4394
-0.2337
 0.2948
 0.0731
-0.4716
-0.2552
 0.2720
 0.0524
-0.4971
-0.2826
 0.2560
 0.0436
-0.5000
-0.2797
 0.2626
 0.0505
-0.4987
-0.2938
 0.2361
 0.0250
-0.5171
-0.2922
 0.2611
 0.0601
-0.4868
-0.2759
 0.2528
 0.0253
-0.5221
-0.3078
 0.2456
 0.0340
-0.5006
-0.2786
 0.2613
 0.0385
-0.5125
-0.2977
 0.2345
 0.0085
-0.5458
-0.3307
 0.2185
 0.0032
-0.5272
-0.3062
 0.2355
 0.0340
-0.5085
-0.2898
 0.2632
 0.0617
-0.4790
-0.2632
 0.2890
 0.0917
-0.4429
-0.2127
 0.3251
 0.1077
-0.4458
-0.2440
 0.2858
 0.0710
-0.4724
-0.2685
 0.2605
 0.0455
-0.5030
-0.2951
 0.2451
 0.0367
-0.5104
-0.3028
 0.2401
 0.0282
-0.5181
-0.3118
 0.2265
 0.0351
-0.5157
-0.2972
 0.2422
 0.0306
-0.5125
-0.3113
 0.2249
 0.0136
-0.5410
-0.3424
 0.1810
-0.0191
-0.5498
-0.3576
 0.1901
 0.0101
-0.5202
-0.2983
 0.2674
 0.0766
-0.4543
-0.2345
 0.3100
 0.1167
-0.4144
-0.1914
 0.3546
 0.1701
-0.3565
-0.1340
 0.4190
 0.2323
-0.3148
-0.1276
 0.3950
 0.1728
-0.3950
-0.2175
 0.2969
 0.0922
-0.4498
-0.2472
 0.2754
 0.0611
-0.4950
-0.3028
 0.2228
 0.0074
-0.4272
-0.2895
 0.1696
-0.0484
-0.5934
-0.4086
 0.1228
-0.0702
-0.6019
-0.3889
 0.1659
-0.0077
-0.5277
-0.3171
 0.2292
 0.0412
-0.4841
-0.2836
 0.2571
 0.0673
-0.4533
-0.2571
 0.2938
 0.1162
-0.4155
-0.2087
 0.3336
 0.1420
-0.3950
-0.1975
 0.3318
 0.1295
-0.4134
-0.2204
 0.3118
 0.1047
-0.4572
-0.2866
 0.2225
 0.0061
-0.5325
-0.3549
 0.1731
-0.0199
-0.5572
-0.3876
 0.1449
-0.0518
-0.5795
-0.3921
 0.1537
-0.0314
-0.5535
-0.3546
 0.1994
 0.0223
-0.5165
-0.3132
 0.2292
 0.0383
-0.4950
-0.2868
 0.2502
 0.0516
-0.4865
-0.2908
 0.2547
 0.0619
-0.4665
-0.2560
 0.2922
 0.1063
-0.4208
-0.2214
 0.3094
 0.1002
-0.4618
-0.2767
 0.2424
 0.0205
-0.5296
-0.3536
 0.1659
-0.0444
-0.5848
-0.4022
 0.1380
-0.0409
-0.5654
-0.3716
 0.1675
-0.0229
-0.5476
-0.3597
 0.1837
-0.0074
-0.5415
-0.3419
 0.2137
 0.0356
-0.4979
-0.2953
 0.2480
 0.0617
-0.4766
-0.2682
 0.2810
 0.0912
-0.4487
-0.2539
 0.2789
 0.0670
-0.4971
-0.3052
 0.2222
 0.0223
-0.5208
-0.3225
 0.2193
 0.0237
-0.5139
-0.3171
 0.2225
 0.0128
-0.5303
-0.3435
 0.1930
-0.0090
-0.5397
-0.3461
 0.2004
 0.0077
-0.5237
-0.3108
 0.2446
 0.0643
-0.4639
-0.2494
 0.3100
 0.1194
-0.4182
-0.2113
 0.3427
 0.1465
-0.3903
-0.1909
 0.3464
 0.1545
-0.4014
-0.2058
 0.3360
 0.1324
-0.4325
-0.2565
 0.2680
 0.0436
-0.5266
-0.3477
 0.1715
-0.0425
-0.5923
-0.4235
 0.1207
-0.0755
-0.6136
-0.4416
 0.1042
-0.1039
-0.6492
-0.4697
 0.0827
-0.1106
-0.6471
-0.4556
 0.1069
-0.0816
-0.6138
-0.4203
 0.1335
-0.0609
-0.5902
-0.3961
 0.1590
-0.0215
-0.5500
-0.3464
 0.2241
 0.0558
-0.4743
-0.2597
 0.2999
 0.1085
-0.4381
-0.2366
 0.3044
 0.1063
-0.4384
-0.2379
 0.3081
 0.1069
-0.4498
-0.2685
 0.2560
 0.0439
-0.5179
-0.3352
 0.1999
-0.0005
-0.5463
-0.3634
 0.1709
-0.0239
-0.5673
-0.3783
 0.2478
-0.0332
-0.6005
-0.4243
 0.1140
-0.0784
-0.6284
-0.4421
 0.1074
-0.0803
-0.6234
-0.4269
 0.1374
-0.0351
-0.5561
-0.3570
 0.1949
 0.0024
-0.5381
-0.3685
 0.1560
-0.0553
-0.6019
-0.4320
 0.1061
-0.0928
-0.6380
-0.4554
 0.0933
-0.1053
-0.6441
-0.4644
 0.0827
-0.1018
-0.6261
-0.4405
 0.1186
-0.0649
-0.5862
-0.3937
 0.1606
-0.0144
-0.5386
-0.3528
 0.1922
-0.0032
-0.5569
-0.3929
 0.1422
-0.0619
-0.5989
-0.4240
 0.1124
-0.0914
-0.6330
-0.4628
 0.0766
-0.1143
-0.6407
-0.4479
 0.1087
-0.0758
-0.6072
-0.4333
 0.1063
-0.0912
-0.6338
-0.4660
 0.0689
-0.1350
-0.6805
-0.4992
 0.0481
-0.1342
-0.6553
-0.4673
 0.0954
-0.0829
-0.6040
-0.4073
 0.1494
-0.0316
-0.5553
-0.3589
 0.2028
 0.0322
-0.4809
-0.2640
 0.2863
 0.1111
-0.4190
-0.2159
 0.3360
 0.1449
-0.3945
-0.2140
 0.3076
 0.1029
-0.4543
-0.2871
 0.2334
 0.0340
-0.5115
-0.3195
 0.2132
 0.0128
-0.5386
-0.3746
 0.1518
-0.0548
-0.6072
-0.4466
 0.0917
-0.0941
-0.6136
-0.4376
 0.1058
-0.0901
-0.6194
-0.4458
 0.0976
-0.0867
-0.6130
-0.4341
 0.1079
-0.0867
-0.6191
-0.4408
 0.1063
-0.0795
-0.5989
-0.3993
 0.1680
-0.0133
-0.5319
-0.3368
 0.2175
 0.0444
-0.4825
-0.2852
 0.2672
 0.0880
-0.4501
-0.2603
 0.2728
 0.0899
-0.4588
-0.2786
 0.2584
 0.0603
-0.5104
-0.3320
 0.1901
-0.0048
-0.5535
-0.3791
 0.1592
-0.0314
-0.5846
-0.4283
 0.1063
-0.0872
-0.6292
-0.4527
 0.1037
-0.0622
-0.5931
-0.4240
 0.1199
-0.0665
-0.6096
-0.4384
 0.1143
-0.0651
-0.5928
-0.4203
 0.1263
-0.0558
-0.5960
-0.4200
 0.1308
-0.0383
-0.5543
-0.3586
 0.2028
 0.0370
-0.4963
-0.3044
 0.2515
 0.0782
-0.4721
-0.2794
 0.2743
 0.1050
-0.4408
-0.2576
 0.2991
 0.1218
-0.4168
-0.2297
 0.3086
 0.1188
-0.4432
-0.2813
 0.2377
 0.0324
-0.5391
-0.3778
 0.1425
-0.0566
-0.6069
-0.4440
 0.1098
 0.0356
-0.5920
-0.4471
 0.0853
-0.1071
-0.6670
-0.5155
 0.0061
-0.1978
-0.7481
-0.5747
-0.0165
-0.1640
-0.6776
-0.4766
 0.0922
-0.0484
-0.5862
-0.3990
 0.1627
-0.0202
-0.5471
-0.3738
 0.1786
-0.0064
-0.5431
-0.3570
 0.1864
 0.0066
-0.5210
-0.3366
 0.2209
 0.0532
-0.5032
-0.3198
 0.2268
 0.0327
-0.5171
-0.3504
 0.1826
-0.0117
-0.5521
-0.3895
 0.1715
-0.0088
-0.5431
-0.3671
 0.1864
 0.0088
-0.5405
-0.3658
 0.1731
-0.0218
-0.5830
-0.4248
 0.1210
-0.0564
-0.5918
-0.4128
 0.1396
-0.0415
-0.5894
-0.4174
 0.1249
-0.0651
-0.6125
-0.4471
 0.1055
-0.0768
-0.6154
-0.4416
 0.1127
-0.0686
-0.6186
-0.4541
 0.0930
-0.0933
-0.6324
-0.4599
 0.0938
-0.0691
-0.6016
-0.4065
 0.1587
-0.0051
-0.5431
-0.3631
 0.1781
 0.0029
-0.5572
-0.3855
 0.1521
-0.0502
-0.6242
-0.4817
 0.0481
-0.1502
-0.7066
-0.5346
 0.0016
-0.1733
-0.7172
-0.5420
 0.0072
-0.1635
-0.6933
-0.5062
 0.0500
-0.1119
-0.6399
-0.4556
 0.1071
-0.0614
-0.5904
-0.4147
 0.1377
-0.0457
-0.5931
-0.4253
 0.1300
-0.0407
-0.5697
-0.3820
 0.1818
 0.0149
-0.5141
-0.3251
 0.2230
 0.0486
-0.5019
-0.3233
 0.2185
 0.0423
-0.5048
-0.3161
 0.2286
 0.0574
-0.5011
-0.3280
 0.2007
 0.0074
-0.5585
-0.3990
 0.1284
-0.0564
-0.6003
-0.4328
 0.1090
-0.0790
-0.6274
-0.4642
 0.0712
-0.1329
-0.6986
-0.5285
 0.0383
-0.1218
-0.6441
-0.4556
 0.1077
-0.0548
-0.5920
-0.4075
 0.1507
-0.0287
-0.5875
-0.4325
 0.0936
-0.1066
-0.6707
-0.5155
 0.0295
-0.1483
-0.6899
-0.5078
 0.0476
-0.1257
-0.6670
-0.4860
 0.0805
-0.0883
-0.6290
-0.4471
 0.1212
-0.0439
-0.5742
-0.4059
 0.1451
-0.0359
-0.5941
-0.4190
 0.1252
-0.0670
-0.6268
-0.4820
 0.0468
-0.1491
-0.7140
-0.5636
-0.0268
-0.2039
-0.7566
-0.5809
-0.0175
-0.1842
-0.7117
-0.5099
 0.0813
-0.0627
-0.5830
-0.4009
 0.1731
 0.0268
-0.4152
-0.3113
 0.2161
 0.0306
-0.5431
-0.3841
 0.1529
-0.0396
-0.6085
-0.4546
 0.0861
-0.0880
-0.6338
-0.4533
 0.1172
-0.0346
-0.5763
-0.4004
 0.1592
-0.0255
-0.5750
-0.4142
 0.1263
-0.0638
-0.6194
-0.4602
 0.0891
-0.0920
-0.6372
-0.4748
 0.0710
-0.1183
-0.6837
-0.5319
 0.0144
-0.1824
-0.7470
-0.5878
-0.0444
-0.2260
-0.7975
-0.6324
-0.0784
-0.2366
-0.7816
-0.6104
-0.0558
-0.2119
-0.7486
-0.5521
 0.0340
-0.1151
-0.6359
-0.4405
 0.1393
-0.0271
-0.5705
-0.4027
 0.1446
-0.0465
-0.6154
-0.4700
 0.0715
-0.1170
-0.6718
-0.5109
 0.0417
-0.1271
-0.6728
-0.5099
 0.0590
-0.1034
-0.6548
-0.5027
 0.0383
-0.1467
-0.7178
-0.5665
-0.0234
-0.2007
-0.7361
-0.5652
-0.0146
-0.1845
-0.7374
-0.5918
-0.0574
-0.2491
-0.8278
-0.6707
-0.1132
-0.2645
-0.8148
-0.6322
-0.0627
-0.2278
-0.7879
-0.6319
-0.0877
-0.2547
-0.8111
-0.6223
-0.0300
-0.1651
-0.6797
-0.4820
 0.1018
-0.0510
-0.5963
-0.4338
 0.1199
-0.0651
-0.6226
-0.4559
 0.1031
-0.0699
-0.6237
-0.4652
 0.0880
-0.0957
-0.6548
-0.5032
 0.0423
-0.1252
-0.6667
-0.4865
 0.0946
-0.0595
-0.6122
-0.4711
 0.0542
-0.1590
-0.7537
-0.6367
-0.1186
-0.3084
-0.8722
-0.7013
-0.1308
-0.2778
-0.8369
-0.6734
-0.1324
-0.3086
-0.8831
-0.7279
-0.1770
-0.3371
-0.8959
-0.7385
-0.1866
-0.3576
-0.9193
-0.7467
-0.1683
-0.2935
-0.8222
-0.6167
-0.0231
-0.1465
-0.6595
-0.4711
 0.1143
-0.0351
-0.5644
-0.3809
 0.1938
 0.0476
-0.4782
-0.2850
 0.2775
 0.1119
-0.4599
-0.3113
 0.2198
 0.0356
-0.5378
-0.3865
 0.1446
-0.0433
-0.6181
-0.4769
 0.0670
-0.1101
-0.6630
-0.4971
 0.0524
-0.1358
-0.7191
-0.5854
-0.0510
-0.2363
-0.8052
-0.6638
-0.1247
-0.2996
-0.8682
-0.7018
-0.1380
-0.2948
-0.8448
-0.6678
-0.0912
-0.2270
-0.7675
-0.5910
-0.0268
-0.1938
-0.7332
-0.5447
 0.0385
-0.1093
-0.5569
-0.4001
 0.1098
-0.0449
-0.5854
-0.4033
 0.1715
 0.0160
-0.5474
-0.4073
 0.1146
-0.0829
-0.6704
-0.5317
 0.0205
-0.1380
-0.6848
-0.5123
 0.0423
-0.1212
-0.6944
-0.5442
 0.0106
-0.1547
-0.7287
-0.5769
-0.0194
-0.1768
-0.7247
-0.5601
-0.0045
-0.1656
-0.7239
-0.5628
-0.0074
-0.1661
-0.7143
-0.5535
 0.0045
-0.1582
-0.7018
-0.5405
 0.0197
-0.1377
-0.6683
-0.4891
 0.0978
-0.0383
-0.5665
-0.3953
 0.1672
 0.0029
-0.5535
-0.3820
 0.1818
 0.0245
-0.5139
-0.3294
 0.2446
 0.0798
-0.4812
-0.3121
 0.2432
 0.0808
-0.4785
-0.3118
 0.2435
 0.0739
-0.4897
-0.3222
 0.2318
 0.0508
-0.5242
-0.3730
 0.1755
 0.0077
-0.5604
-0.4049
 0.1393
-0.0415
-0.6074
-0.4716
 0.0795
-0.1050
-0.6662
-0.5179
 0.0354
-0.1449
-0.7143
-0.5803
-0.0412
-0.2121
-0.7733
-0.6098
-0.0465
-0.1996
-0.7428
-0.5681
-0.0035
-0.1510
-0.6899
-0.5269
 0.0404
-0.1265
-0.6782
-0.5184
 0.0508
-0.0981
-0.6348
-0.4519
 0.1297
-0.0165
-0.5673
-0.3918
 0.1975
 0.0646
-0.4652
-0.2728
 0.3110
 0.1675
-0.3895
-0.2225
 0.3235
 0.1592
-0.4110
-0.2621
 0.2743
 0.0840
-0.5085
-0.3674
 0.1661
-0.0324
-0.6186
-0.4905
 0.0630
-0.0984
-0.6569
-0.5088
 0.0521
-0.1186
-0.6755
-0.5415
 0.0077
-0.1675
-0.7345
-0.5910
-0.0436
-0.1927
-0.7414
-0.5753
-0.0138
-0.1685
-0.7249
-0.5755
-0.0170
-0.1744
-0.7225
-0.5657
-0.0013
-0.1449
-0.6904
-0.5346
 0.0205
-0.1409
-0.6933
-0.5298
 0.0521
-0.0694
-0.5769
-0.3764
 0.2278
 0.1093
-0.4158
-0.2257
 0.3589
 0.2172
-0.3350
-0.1739
 0.3780
 0.1957
-0.3892
-0.2642
 0.2472
 0.0391
-0.5548
-0.4216
 0.1186
-0.0601
-0.6274
-0.4822
 0.0829
-0.0795
-0.6335
-0.4891
 0.0590
-0.1231
-0.7039
-0.5737
-0.0295
-0.1933
-0.7667
-0.6213
-0.0606
-0.2140
-0.7747
-0.6098
-0.0300
-0.1683
-0.7069
-0.5354
 0.0284
-0.1311
-0.6843
-0.4713
 0.1279
-0.0851
-0.6524
-0.4820
 0.1085
-0.0231
-0.5724
-0.4115
 0.1515
 0.0000
-0.5721
-0.4166
 0.1393
-0.0226
-0.5835
-0.4309
 0.1324
-0.0263
-0.5854
-0.4341
 0.1279
-0.0425
-0.6056
-0.4599
 0.0981
-0.0649
-0.6234
-0.4748
 0.1008
-0.0606
-0.6261
-0.4798
 0.0750
-0.0962
-0.6726
-0.5325
 0.0210
-0.1454
-0.7178
-0.5875
-0.0338
-0.1890
-0.7608
-0.6237
-0.0712
-0.2297
-0.8081
-0.6752
-0.1196
-0.2621
-0.8151
-0.6364
-0.0319
-0.1510
-0.6803
-0.5179
 0.0689
-0.0747
-0.6247
-0.4809
 0.0851
-0.0872
-0.6654
-0.5373
 0.0298
-0.1175
-0.6609
-0.5123
 0.0752
-0.0728
-0.6261
-0.4655
 0.1069
-0.0534
-0.6117
-0.4644
 0.1074
-0.0457
-0.6066
-0.4631
 0.0954
-0.0662
-0.6332
-0.4883
 0.0784
-0.0845
-0.6513
-0.5221
 0.0343
-0.1313
-0.7055
-0.5848
-0.0508
-0.2198
-0.7914
-0.6364
-0.0588
-0.1946
-0.7510
-0.6024
-0.0415
-0.1909
-0.7555
-0.6109
-0.0481
-0.1837
-0.7380
-0.5782
 0.0021
-0.1252
-0.6625
-0.5046
 0.0848
-0.0508
-0.5910
-0.4222
 0.1651
 0.0354
-0.5280
-0.3727
 0.1824
 0.0295
-0.5498
-0.4123
 0.1295
-0.0364
-0.6005
-0.4615
 0.1124
-0.0205
-0.5668
-0.4134
 0.1523
 0.0005
-0.5713
-0.4365
 0.1180
-0.0441
-0.6165
-0.4907
 0.0569
-0.1082
-0.6782
-0.5567
-0.0133
-0.1813
-0.7502
-0.6199
-0.0540
-0.1925
-0.7518
-0.6098
-0.0479
-0.1970
-0.7475
-0.5918
-0.0101
-0.1409
-0.6872
-0.5513
 0.0149
-0.1337
-0.7029
-0.5785
-0.0138
-0.1470
-0.6848
-0.5226
 0.0625
-0.0659
-0.5984
-0.4501
 0.1117
-0.0420
-0.6194
-0.4942
 0.0558
-0.0981
-0.6651
-0.5359
 0.0231
-0.1329
-0.7047
-0.5657
 0.0223
-0.0811
-0.6011
-0.4299
 0.1537
 0.0229
-0.5280
-0.3708
 0.2002
 0.0508
-0.5359
-0.4099
 0.1377
-0.0290
-0.5944
-0.4735
 0.0829
-0.0784
-0.6497
-0.5242
 0.0409
-0.0909
-0.6335
-0.4942
 0.0763
-0.0760
-0.6407
-0.5229
 0.0250
-0.0401
-0.6045
-0.5346
 0.0298
-0.0813
-0.6218
-0.4657
 0.1106
-0.0207
-0.5755
-0.4259
 0.1529
 0.0210
-0.5516
-0.4269
 0.1255
-0.0300
-0.6072
-0.4812
 0.0782
-0.0633
-0.6218
-0.4724
 0.1117
-0.0064
-0.5471
-0.4041
 0.1731
 0.0420
-0.5123
-0.3738
 0.1861
 0.0322
-0.5418
-0.4291
 0.1148
-0.0433
-0.6159
-0.4979
 0.0726
-0.0712
-0.6433
-0.5290
 0.0354
-0.0994
-0.6473
-0.5104
 0.0518
-0.0952
-0.6582
-0.5309
 0.0417
-0.0885
-0.6460
-0.5210
 0.0407
-0.0968
-0.6449
-0.5062
 0.0795
-0.0298
-0.5692
-0.4113
 0.1810
 0.0643
-0.4865
-0.3310
 0.2504
 0.1332
-0.4030
-0.2252
 0.3780
 0.2666
-0.2815
-0.1287
 0.4487
 0.3049
-0.2728
-0.1385
 0.4198
 0.2754
-0.2815
-0.1385
 0.4315
 0.2860
-0.3031
-0.1882
 0.3570
 0.1901
-0.4083
-0.2959
 0.2377
 0.0795
-0.5128
-0.4017
 0.1396
-0.0213
-0.6066
-0.5032
 0.0393
-0.1159
-0.6805
-0.5615
 0.0024
-0.1350
-0.6917
-0.5636
 0.0141
-0.1164
-0.6792
-0.5471
 0.0399
-0.0808
-0.6242
-0.4798
 0.1117
-0.0082
-0.5638
-0.4285
 0.1531
 0.0338
-0.5277
-0.3855
 0.1959
 0.0821
-0.4626
-0.2935
 0.3068
 0.2113
-0.3209
-0.1545
 0.4381
 0.3195
-0.2475
-0.1117
 0.4559
 0.3233
-0.2515
-0.1199
 0.4370
 0.2818
-0.3049
-0.1840
 0.3708
 0.2307
-0.3291
-0.1954
 0.3560
 0.2153
-0.3863
-0.2945
 0.2435
 0.0726
-0.5500
-0.4615
 0.0686
-0.0949
-0.6710
-0.5519
 0.0157
-0.1146
-0.6694
-0.5466
 0.0279
-0.0965
-0.6484
-0.5200
 0.0694
-0.0401
-0.5766
-0.4336
 0.1598
 0.0396
-0.5240
-0.3881
 0.1752
 0.0417
-0.5290
-0.3823
 0.2151
 0.1332
-0.3937
-0.2204
 0.3865
 0.2709
-0.2871
-0.1521
 0.4152
 0.2807
-0.2959
-0.1659
 0.3972
 0.2576
-0.3296
-0.2095
 0.3451
 0.2034
-0.3756
-0.2547
 0.3108
 0.1869
-0.3825
-0.2515
 0.3182
 0.1938
-0.3791
-0.2531
 0.3033
 0.1723
-0.4065
-0.2783
 0.2831
 0.1321
-0.4556
-0.2214
 0.2456
 0.0837
-0.5003
-0.3711
 0.2095
 0.0853
-0.4878
-0.3690
 0.2058
 0.0907
-0.4644
-0.3307
 0.2414
 0.1106
-0.4634
-0.3504
 0.2151
 0.0904
-0.4652
-0.3264
 0.2560
 0.1465
-0.4105
-0.2765
 0.2991
 0.1818
-0.3847
-0.2464
 0.3267
 0.2084
-0.3549
-0.2278
 0.3482
 0.2345
-0.3286
-0.1901
 0.3881
 0.2706
-0.2972
-0.1571
 0.4176
 0.2945
-0.2783
-0.1571
 0.4102
 0.2922
-0.2863
-0.1786
 0.3748
 0.2313
-0.3602
-0.2576
 0.3033
 0.1587
-0.4397
-0.3379
 0.2156
 0.0853
-0.4958
-0.3799
 0.1826
 0.0473
-0.5325
-0.4035
 0.1696
 0.0564
-0.5184
-0.4022
 0.1667
 0.0473
-0.5234
-0.3940
 0.1957
 0.1045
-0.4338
-0.2754
 0.3238
 0.2241
-0.3395
-0.2074
 0.3724
 0.2682
-0.2924
-0.1523
 0.4333
 0.3291
-0.2403
-0.1178
 0.4421
 0.3094
-0.2938
-0.1983
 0.3389
 0.1893
-0.3932
-0.2836
 0.2749
 0.1449
-0.4501
-0.3488
 0.1933
 0.0306
-0.5904
-0.5099
 0.0266
-0.1117
-0.6901
-0.5809
-0.0061
-0.1316
-0.7047
-0.6003
-0.0332
-0.1433
-0.7111
-0.5923
-0.0165
-0.1260
-0.6899
-0.5654
 0.0202
-0.0840
-0.6393
-0.5200
 0.0736
-0.0274
-0.6024
-0.4929
 0.0851
-0.0165
-0.5601
-0.4190
 0.1911
 0.1228
-0.4097
-0.2549
 0.3456
 0.2480
-0.3089
-0.1813
 0.4006
 0.2797
-0.2927
-0.1789
 0.3918
 0.2517
-0.3451
-0.2467
 0.3100
 0.1768
-0.4182
-0.3166
 0.2281
 0.1031
-0.4708
-0.3578
 0.2042
 0.0718
-0.5338
-0.4562
 0.0718
-0.0763
-0.6595
-0.5878
-0.0316
-0.1521
-0.7231
-0.6167
-0.0524
-0.1731
-0.7470
-0.6324
-0.0564
-0.1574
-0.7140
-0.5949
-0.0122
-0.1132
-0.6510
-0.5285
 0.0569
-0.0396
-0.5918
-0.4737
 0.1156
 0.0173
-0.5341
-0.4099
 0.1781
 0.0848
-0.4687
-0.3350
 0.2544
 0.1667
-0.3865
-0.2579
 0.3241
 0.2132
-0.3576
-0.2507
 0.3049
 0.1709
-0.4235
-0.3320
 0.2228
 0.1085
-0.4628
-0.3549
 0.2087
 0.0835
-0.5101
-0.3171
 0.1906
-0.0019
-0.6090
-0.5306
 0.0319
-0.0877
-0.6803
-0.5987
-0.0439
-0.1781
-0.7709
-0.6776
-0.1138
-0.2244
-0.8127
-0.7154
-0.1409
-0.2326
-0.7996
-0.6782
-0.0941
-0.2020
-0.7877
-0.6901
-0.1021
-0.1786
-0.7204
-0.5864
 0.0197
-0.0633
-0.6090
-0.4907
 0.0978
 0.0000
-0.5521
-0.4381
 0.1513
 0.0662
-0.4772
-0.3222
 0.2890
 0.2262
-0.3209
-0.1877
 0.3876
 0.2799
-0.3047
-0.2119
 0.3562
 0.2448
-0.3424
-0.2339
 0.3320
 0.2167
-0.3807
-0.2906
 0.2515
 0.1085
-0.5078
-0.4410
 0.0880
-0.0393
-0.6229
-0.5325
 0.0335
-0.0811
-0.6776
-0.6040
-0.0415
-0.1401
-0.6978
-0.5835
-0.0005
-0.0840
-0.6431
-0.5506
 0.0186
-0.0997
-0.6755
-0.5979
-0.0263
-0.1353
-0.7095
-0.6194
-0.0415
-0.1289
-0.6885
-0.5726
 0.0274
-0.0441
-0.5755
-0.4463
 0.1630
 0.0893
-0.4604
-0.3334
 0.2549
 0.1592
-0.4195
-0.3070
 0.2730
 0.1832
-0.3916
-0.2898
 0.2823
 0.1765
-0.4091
-0.3126
 0.2456
 0.1473
-0.4293
-0.3291
 0.2393
 0.1311
-0.4567
-0.3629
 0.1725
 0.0396
-0.5678
-0.5046
 0.0399
-0.0774
-0.6601
-0.5710
 0.0072
-0.0941
-0.6755
-0.5992
-0.0295
-0.1143
-0.6782
-0.5803
 0.0056
-0.0938
-0.6641
-0.5750
-0.0077
-0.1101
-0.6941
-0.6117
-0.0173
-0.0795
-0.6080
-0.4846
 0.1255
 0.0558
-0.5032
-0.3828
 0.2082
 0.1236
-0.4410
-0.3334
 0.2486
 0.1624
-0.4062
-0.2961
 0.2850
 0.1943
-0.3756
-0.2786
 0.2890
 0.1946
-0.3687
-0.2759
 0.2900
 0.1887
-0.4070
-0.3419
 0.2100
 0.1098
-0.4833
-0.4097
 0.1481
 0.0322
-0.5819
-0.5160
 0.0237
-0.1010
-0.6891
-0.6207
-0.0484
-0.1252
-0.6867
-0.5846
 0.0056
-0.0675
-0.6242
-0.5373
 0.0404
-0.0433
-0.6165
-0.5327
 0.0585
-0.0162
-0.5785
-0.5070
 0.0455
-0.0739
-0.6593
-0.5729
 0.0266
-0.0319
-0.5681
-0.4501
 0.1598
 0.1050
-0.4522
-0.3384
 0.2517
 0.1805
-0.3868
-0.2834
 0.3512
 0.2943
-0.3584
-0.2935
 0.2720
 0.1778
-0.4166
-0.3605
 0.1903
 0.0827
-0.5115
-0.4461
 0.1085
 0.0088
-0.5761
-0.5083
 0.0593
-0.0399
-0.6401
-0.5851
-0.0276
-0.1233
-0.7095
-0.6322
-0.0561
-0.1257
-0.7002
-0.6276
-0.0614
-0.1467
-0.7316
-0.6457
-0.0659
-0.1324
-0.7018
-0.6125
-0.0226
-0.0771
-0.6359
-0.5521
 0.0231
-0.0558
-0.6213
-0.5365
 0.0574
-0.0005
-0.5548
-0.4631
 0.1228
 0.0500
-0.5261
-0.4461
 0.1263
 0.0473
-0.5325
-0.4376
 0.1515
 0.0933
-0.4700
-0.3767
 0.2111
 0.1491
-0.4198
-0.3326
 0.2408
 0.1667
-0.4110
-0.3408
 0.2377
 0.1646
-0.4086
-0.3286
 0.2363
 0.1491
-0.4424
-0.3863
 0.1603
 0.0619
-0.5253
-0.4610
 0.0965
 0.0043
-0.5848
-0.5293
 0.0311
-0.0609
-0.6388
-0.5851
-0.0165
-0.1002
-0.6728
-0.6101
-0.0300
-0.1021
-0.6665
-0.6117
-0.0282
-0.0859
-0.6431
-0.5769
-0.0021
-0.0744
-0.6417
-0.5819
 0.0003
-0.0707
-0.6420
-0.5729
 0.0090
-0.0646
-0.6367
-0.5729
 0.0255
-0.0122
-0.5527
-0.4541
 0.1547
 0.1319
-0.4009
-0.2924
 0.3142
 0.2698
-0.2975
-0.2143
 0.3658
 0.2919
-0.2922
-0.2321
 0.3294
 0.2470
-0.3631
-0.3169
 0.2355
 0.1481
-0.4432
-0.3966
 0.1611
 0.0875
-0.5014
-0.4546
 0.0992
 0.0101
-0.5955
-0.5609
-0.0152
-0.0994
-0.6760
-0.6279
-0.0526
-0.0989
-0.6638
-0.5973
-0.0074
-0.0550
-0.6112
-0.5540
 0.0261
-0.0255
-0.5851
-0.5136
 0.0819
 0.0380
-0.5354
-0.4711
 0.1031
 0.0508
-0.5157
-0.4445
 0.1398
 0.0920
-0.4660
-0.3884
 0.2071
 0.1643
-0.3996
-0.3307
 0.2494
 0.1890
-0.3972
-0.3475
 0.2116
 0.1436
-0.4490
-0.4019
 0.1659
 0.1018
-0.4897
-0.4405
 0.1287
 0.0617
-0.5179
-0.4660
 0.1061
 0.0404
-0.5540
-0.5104
 0.0574
-0.0024
-0.5761
-0.5242
 0.0627
 0.0175
-0.5543
-0.4977
 0.0864
 0.0529
-0.5298
-0.4883
 0.0821
 0.0274
-0.5460
-0.4931
 0.0843
 0.1656
-0.5016
-0.5054
 0.0521
-0.0013
-0.5880
-0.5415
 0.0431
 0.0019
-0.5729
-0.5240
 0.0611
 0.0223
-0.5532
-0.4987
 0.0848
 0.0518
-0.5147
-0.4623
 0.1284
 0.0837
-0.4910
-0.4503
 0.1281
 0.0848
-0.4865
-0.4338
 0.1459
 0.1090
-0.4541
-0.3849
 0.2042
 0.1619
-0.4134
-0.3708
 0.1965
 0.1430
-0.4384
-0.3953
 0.1560
 0.0813
-0.5375
-0.5224
 0.0245
-0.0423
-0.6295
-0.5979
-0.0229
-0.0630
-0.6295
-0.5894
-0.0064
-0.0489
-0.6173
-0.5846
 0.0074
-0.0218
-0.5867
-0.5583
 0.0085
-0.0441
-0.6141
-0.5747
 0.0173
-0.0120
-0.5716
-0.5213
 0.0742
 0.0521
-0.5056
-0.4498
 0.1327
 0.0989
-0.4735
-0.4283
 0.1592
 0.1342
-0.4325
-0.3751
 0.2002
 0.1611
-0.4139
-0.3613
 0.2172
 0.1887
-0.3908
-0.3621
 0.2044
 0.1603
-0.4240
-0.3905
 0.1725
 0.1332
-0.4644
-0.4517
 0.1170
 0.0888
-0.4860
-0.4517
 0.1210
 0.0792
-0.5152
-0.4894
 0.0763
 0.0383
-0.5431
-0.5030
 0.0742
 0.0407
-0.5359
-0.4923
 0.1034
 0.0904
-0.4737
-0.4248
 0.1555
 0.1199
-0.4588
-0.4341
 0.1436
 0.1175
-0.4485
-0.4110
 0.1630
 0.1335
-0.4341
-0.4022
 0.1709
 0.1212
-0.4766
-0.4673
 0.0912
 0.0556
-0.5197
-0.4852
 0.1016
 0.0883
-0.4697
-0.4336
 0.1459
 0.1180
-0.4631
-0.4338
 0.1475
 0.1396
-0.4075
-0.3392
 0.2616
 0.2488
-0.3105
-0.2911
 0.2642
 0.2369
-0.3560
-0.3371
 0.2185
 0.1587
-0.4479
-0.4392
 0.1143
 0.0798
-0.5181
-0.5091
 0.0492
 0.0125
-0.5572
-0.5237
 0.0744
 0.0681
-0.5000
-0.4639
 0.1127
 0.0837
-0.5043
-0.4990
 0.0590
 0.0239
-0.5625
-0.5237
 0.0614
 0.0585
-0.4984
-0.4535
 0.1457
 0.1369
-0.4304
-0.3950
 0.1943
 0.1826
-0.3849
-0.3416
 0.2515
 0.2600
-0.2996
-0.2677
 0.3169
 0.3094
-0.2603
-0.2329
 0.3392
 0.3334
-0.2345
-0.1954
 0.3801
 0.3533
-0.2589
-0.2815
 0.2539
 0.1978
-0.4142
-0.4144
 0.1459
 0.1183
-0.3966
-0.3764
 0.1093
 0.0619
-0.5410
-0.5511
 0.0029
-0.0271
-0.6080
-0.6013
-0.0144
-0.0175
-0.5910
-0.5636
 0.0229
 0.0268
-0.5423
-0.5194
 0.0489
 0.0306
-0.5556
-0.5415
 0.0444
 0.0460
-0.5165
-0.4971
 0.0883
 0.0824
-0.4934
-0.4838
 0.0827
 0.0673
-0.5016
-0.4883
 0.0909
 0.0875
-0.4695
-0.4405
 0.1393
 0.1215
-0.4671
-0.4626
 0.1058
 0.0837
-0.5141
-0.5019
 0.0784
 0.0675
-0.4923
-0.4673
 0.1140
 0.1074
-0.4623
-0.4397
 0.1587
 0.1685
-0.3724
-0.3171
 0.2751
 0.2914
-0.2626
-0.2414
 0.3419
 0.3323
-0.2520
-0.2600
 0.2914
 0.2568
-0.3416
-0.3602
 0.1781
 0.1406
-0.4575
-0.4642
 0.1119
 0.1127
-0.4556
-0.4360
 0.1390
 0.1239
-0.4612
-0.4562
 0.1119
 0.0976
-0.4953
-0.4971
 0.0558
 0.0292
-0.5567
-0.5532
 0.0205
 0.0319
-0.5282
-0.4974
 0.0864
 0.0835
-0.4945
-0.4902
 0.0752
 0.0657
-0.5155
-0.5043
 0.0731
 0.0689
-0.5054
-0.4963
 0.0771
 0.0798
-0.4910
-0.4599
 0.1390
 0.1563
-0.3863
-0.3533
 0.2390
 0.2478
-0.3132
-0.2911
 0.2908
 0.2914
-0.2743
-0.2619
 0.3116
 0.3094
-0.2685
-0.2677
 0.2908
 0.2730
-0.3161
-0.3214
 0.2451
 0.2355
-0.3395
-0.3379
 0.2249
 0.2082
-0.3889
-0.4131
 0.1186
 0.0808
-0.5210
-0.5434
 0.0125
 0.0003
-0.5665
-0.5657
 0.0125
 0.0146
-0.5561
-0.5516
 0.0314
 0.0292
-0.5415
-0.5229
 0.0521
 0.0425
-0.5391
-0.5487
-0.0011
-0.0035
-0.5665
-0.5617
 0.0133
 0.0231
-0.5322
-0.5101
 0.0699
 0.0750
-0.5075
-0.5155
 0.0593
 0.0657
-0.5085
-0.4977
 0.0805
 0.0819
-0.4977
-0.5019
 0.0510
 0.0362
-0.5521
-0.5652
-0.0080
-0.0170
-0.5888
-0.5878
 0.0120
 0.0423
-0.5099
-0.4766
 0.1106
 0.1340
-0.4299
-0.4315
 0.1393
 0.1337
-0.4517
-0.4493
 0.1257
 0.1311
-0.4296
-0.4200
 0.1627
 0.1797
-0.3937
-0.3804
 0.1877
 0.1781
-0.4155
-0.4227
 0.1436
 0.1430
-0.4397
-0.3690
 0.1582
 0.0869
-0.5282
-0.5567
 0.0072
 0.0199
-0.5572
-0.5641
 0.0205
 0.0343
-0.5420
-0.5575
-0.0037
-0.0165
-0.6109
-0.6335
-0.0601
-0.0601
-0.6447
-0.6431
-0.0489
-0.0213
-0.5886
-0.5899
 0.0051
 0.0367
-0.5269
-0.5234
 0.0718
 0.0960
-0.4657
-0.4578
 0.1327
 0.1558
-0.4083
-0.3934
 0.2020
 0.2196
-0.3432
-0.3461
 0.2401
 0.2499
-0.3291
-0.3437
 0.2366
 0.2377
-0.3416
-0.3509
 0.2249
 0.2252
-0.3671
-0.3908
 0.1654
 0.1457
-0.4628
-0.4868
 0.0917
 0.0949
-0.5016
-0.5104
 0.0646
 0.0736
-0.5070
-0.5123
 0.0630
 0.0758
-0.5027
-0.4974
 0.0896
 0.1111
-0.4721
-0.4740
 0.1241
 0.1515
-0.4227
-0.4168
 0.1834
 0.2060
-0.3700
-0.3631
 0.2321
 0.2595
-0.3166
-0.3217
 0.2557
 0.2658
-0.3209
-0.3334
 0.2533
 0.2757
-0.3116
-0.3294
 0.2379
 0.2257
-0.3849
-0.4158
 0.1523
 0.1462
-0.4509
-0.4727
 0.0968
 0.0968
-0.4889
-0.5099
 0.0670
 0.0819
-0.5003
-0.5168
 0.0718
 0.0981
-0.4735
-0.4796
 0.1074
 0.1249
-0.4546
-0.4828
 0.0808
 0.0883
-0.4897
-0.4929
 0.0989
 0.1324
-0.4437
-0.4514
 0.1249
 0.1369
-0.4559
-0.4772
 0.0960
 0.0978
-0.5003
-0.5224
 0.0630
 0.0840
-0.4950
-0.4947
 0.1119
 0.1438
-0.4166
-0.4113
 0.1850
 0.2105
-0.3570
-0.3528
 0.2502
 0.2765
-0.3132
-0.3360
 0.2379
 0.2459
-0.3522
-0.3796
 0.1763
 0.1693
-0.4458
-0.4782
 0.0880
 0.0946
-0.5046
-0.5335
 0.0330
 0.0268
-0.5766
-0.5997
-0.0231
-0.0077
-0.5973
-0.6377
-0.0702
-0.0526
-0.6526
-0.6819
-0.0896
-0.0526
-0.6324
-0.6516
-0.0659
-0.0433
-0.6237
-0.6574
-0.0675
-0.0271
-0.6053
-0.6282
-0.0401
 0.0058
-0.5548
-0.5529
 0.0399
 0.0689
-0.5070
-0.5221
 0.0548
 0.0728
-0.5160
-0.5322
 0.0468
 0.0731
-0.5117
-0.5240
 0.0558
 0.0883
-0.4873
-0.4979
 0.1045
 0.1425
-0.4179
-0.4134
 0.1810
 0.2220
-0.3586
-0.3833
 0.1949
 0.3456
-0.3294
-0.3980
 0.1651
 0.1792
-0.4243
-0.4692
 0.0938
 0.1087
-0.4846
-0.5208
 0.0545
 0.0736
-0.5226
-0.5665
 0.0112
 0.0292
-0.5747
-0.6130
-0.0401
-0.0162
-0.6090
-0.6497
-0.0744
-0.0526
-0.6532
-0.6872
-0.1047
-0.0651
-0.6359
-0.6500
-0.0540
-0.0082
-0.5904
-0.6218
-0.0332
-0.0021
-0.5795
-0.6088
-0.0096
 0.0377
-0.5359
-0.5543
 0.0250
 0.0412
-0.5389
-0.5410
 0.0611
 0.0986
-0.4945
-0.5375
 0.0391
 0.0574
-0.5402
-0.5840
-0.0162
 0.0008
-0.5888
-0.6186
-0.0287
 0.0213
-0.5410
-0.5298
 0.1018
 0.1792
-0.3727
-0.3658
 0.2422
 0.2834
-0.2993
-0.3257
 0.2696
 0.3076
-0.2797
-0.3062
 0.2741
 0.2943
-0.3102
-0.3629
 0.1978
 0.1935
-0.4099
-0.4503
 0.1212
 0.1478
-0.4575
-0.4934
 0.0965
 0.1111
-0.4998
-0.5391
 0.0181
 0.0308
-0.5785
-0.6338
-0.0665
-0.0436
-0.6298
-0.6657
-0.0574
 0.0061
-0.5708
-0.5965
 0.0005
 0.0292
-0.5567
-0.6013
-0.0340
-0.0271
-0.6261
-0.6747
-0.0829
-0.0324
-0.6072
-0.6367
-0.0274
 0.0258
-0.5543
-0.5766
 0.0136
 0.0524
-0.5208
-0.5309
 0.0766
 0.1226
-0.4610
-0.4769
 0.1074
 0.1406
-0.4559
-0.5022
 0.0795
 0.0962
-0.5125
-0.5498
 0.0250
 0.0524
-0.5327
-0.5630
 0.0226
 0.0619
-0.5216
-0.5474
 0.0449
 0.0877
-0.4966
-0.5319
 0.0486
 0.0681
-0.5460
-0.5965
-0.0247
-0.0064
-0.5984
-0.6346
-0.0401
 0.0090
-0.5585
-0.5726
 0.0266
 0.0750
-0.5075
-0.5319
 0.0532
 0.0912
-0.5022
-0.5346
 0.0492
 0.0893
-0.4929
-0.5248
 0.0564
 0.0853
-0.4992
-0.5282
 0.0577
 0.1047
-0.4729
-0.4862
 0.1241
 0.1784
-0.4017
-0.4325
 0.1630
 0.2031
-0.3916
-0.4283
 0.1560
 0.1988
-0.3958
-0.4477
 0.1223
 0.1377
-0.4692
-0.5131
 0.0577
 0.0851
-0.5147
-0.5583
 0.0284
 0.0611
-0.5303
-0.5891
-0.0234
-0.0109
-0.6109
-0.6742
-0.0957
-0.0569
-0.6516
-0.6976
-0.1066
-0.0548
-0.5131
-0.6401
-0.0747
-0.0316
-0.6250
-0.6641
-0.0689
-0.0205
-0.6138
-0.6611
-0.0595
-0.0008
-0.5769
-0.6152
-0.0324
 0.0077
-0.5894
-0.6364
-0.0489
-0.0008
-0.5941
-0.6213
-0.0133
 0.0494
-0.5123
-0.5311
 0.0880
 0.1582
-0.4075
-0.4503
 0.1321
 0.1656
-0.4410
-0.4961
 0.0681
 0.0954
-0.5006
-0.5580
 0.0112
 0.0385
-0.5609
-0.6183
-0.0399
-0.0133
-0.6045
-0.6500
-0.0635
-0.0138
-0.6013
-0.6566
-0.0787
-0.0415
-0.6423
-0.6970
-0.1093
-0.0638
-0.6574
-0.7071
-0.1170
-0.0673
-0.6572
-0.7023
-0.1008
-0.0383
-0.6250
-0.6673
-0.0728
-0.0229
-0.6191
-0.6712
-0.0760
-0.0199
-0.6024
-0.6404
-0.0409
 0.0218
-0.5540
-0.5941
-0.0130
 0.0274
-0.5471
-0.5681
 0.0335
 0.0827
-0.5160
-0.5734
-0.0093
 0.0218
-0.5761
-0.6098
-0.0162
 0.0356
-0.5500
-0.5793
 0.0218
 0.0880
-0.4841
-0.5136
 0.0899
 0.1555
-0.4229
-0.4543
 0.1281
 0.1672
-0.4195
-0.4610
 0.1101
 0.1518
-0.4328
-0.4769
 0.1093
 0.1462
-0.4437
-0.5078
 0.0537
 0.0960
-0.5022
-0.5638
 0.0098
 0.0425
-0.5599
-0.6157
-0.0476
-0.0194
-0.6332
-0.7058
-0.1462
-0.1191
-0.7342
-0.8060
-0.2246
-0.1648
-0.7457
-0.7887
-0.1837
-0.1260
-0.7013
-0.7420
-0.1446
-0.0922
-0.6774
-0.7279
-0.1398
-0.0856
-0.6829
-0.7372
-0.1491
-0.0808
-0.6587
-0.6973
-0.0859
-0.0008
-0.5636
-0.5955
 0.0080
 0.0715
-0.4963
-0.5410
 0.0409
 0.0899
-0.4987
-0.5455
 0.0340
 0.0933
-0.4990
-0.5604
 0.0175
 0.0492
-0.5423
-0.5928
-0.0213
 0.0173
-0.5721
-0.6335
-0.0619
-0.0202
-0.6159
-0.6946
-0.1146
-0.0649
-0.6593
-0.7210
-0.1382
-0.0837
-0.6774
-0.7462
-0.1733
-0.1151
-0.7026
-0.7677
-0.2089
-0.1651
-0.7361
-0.7824
-0.1794
-0.1143
-0.6976
-0.7638
-0.1824
-0.1311
-0.7199
-0.7864
-0.2023
-0.1446
-0.7263
-0.7856
-0.1909
-0.1095
-0.6797
-0.7319
-0.1231
-0.0479
-0.6237
-0.6774
 0.0502
 0.0242
-0.5960
-0.6617
-0.0827
-0.0282
-0.6502
-0.7470
-0.1901
-0.1401
-0.7268
-0.7816
-0.1866
-0.1077
-0.6949
-0.7457
-0.1436
-0.0718
-0.6532
-0.7207
-0.1489
-0.0946
-0.6880
-0.7582
-0.1765
-0.1148
-0.7013
-0.7653
-0.1802
-0.1199
-0.7002
-0.7611
-0.1646
-0.0899
-0.6662
-0.7186
-0.1342
-0.0702
-0.6601
-0.7311
-0.1566
-0.1037
-0.7023
-0.7861
-0.2140
-0.1582
-0.7422
-0.8100
-0.2196
-0.1507
-0.7358
-0.7869
-0.1967
-0.1138
-0.6864
-0.7412
-0.1425
-0.0755
-0.6657
-0.7358
-0.1560
-0.0851
-0.6553
-0.7085
-0.1077
-0.0207
-0.6011
-0.6572
-0.0686
-0.0011
-0.5976
-0.6776
-0.1026
-0.0364
-0.6473
-0.7263
-0.1287
-0.0510
-0.6194
-0.6681
-0.0683
 0.0146
-0.5615
-0.6112
-0.0120
 0.0673
-0.5096
-0.5700
 0.0282
 0.1077
-0.4615
-0.5056
 0.0877
 0.1600
-0.4086
-0.4695
 0.1034
 0.1571
-0.4402
-0.5187
 0.0417
 0.0840
-0.5210
-0.6207
-0.0712
-0.0316
-0.6407
-0.7377
-0.1744
-0.1188
-0.7074
-0.7765
-0.2007
-0.1316
-0.7252
-0.8036
-0.2198
-0.1489
-0.7297
-0.7999
-0.2089
-0.1247
-0.7023
-0.7917
-0.2204
-0.1497
-0.7279
-0.8018
-0.2204
-0.1366
-0.7117
-0.7818
-0.1898
-0.1061
-0.6710
-0.7337
-0.1369
-0.0577
-0.6404
-0.7148
-0.1244
-0.0455
-0.6274
-0.7085
-0.1170
-0.0229
-0.6005
-0.6760
-0.0965
-0.0130
-0.6040
-0.6776
-0.0957
-0.0082
-0.5833
-0.6548
-0.0619
 0.0189
-0.5652
-0.6367
-0.0484
 0.0322
-0.5498
-0.6056
-0.0178
 0.0689
-0.4929
-0.5428
 0.0502
 0.1459
-0.4269
-0.5022
 0.0736
 0.1444
-0.4264
-0.4945
 0.0962
 0.1853
-0.3879
-0.4657
 0.1018
 0.1606
-0.4466
-0.5498
-0.0051
 0.0261
-0.5872
-0.7005
-0.1523
-0.0912
-0.6914
-0.7869
-0.2050
-0.1204
-0.6944
-0.7805
-0.2004
-0.1257
-0.7207
-0.8196
-0.2565
-0.1893
-0.7816
-0.8706
-0.2826
-0.1890
-0.7606
-0.8432
-0.2592
-0.1651
-0.7358
-0.8183
-0.2286
-0.0175
-0.6872
-0.8050
-0.2326
-0.1502
-0.7321
-0.8193
-0.2342
-0.1353
-0.7005
-0.7712
-0.1704
-0.0532
-0.6136
-0.6864
-0.0978
 0.0043
-0.5638
-0.6282
-0.0324
 0.0728
-0.5011
-0.6088
-0.0494
 0.0404
-0.5405
-0.6303
-0.0540
 0.0298
-0.5596
-0.6595
-0.0941
-0.0247
-0.6316
-0.7385
-0.1630
-0.0630
-0.6197
-0.6917
-0.0821
 0.0423
-0.5155
-0.5811
 0.0066
 0.0973
-0.4798
-0.5569
 0.0282
 0.1183
-0.4554
-0.5394
 0.0354
 0.1218
-0.4541
-0.5511
 0.0149
 0.0973
-0.4918
-0.5891
-0.0162
 0.0715
-0.5000
-0.5894
-0.0205
 0.0521
-0.5455
-0.6500
-0.1026
-0.0316
-0.6298
-0.7616
-0.2286
-0.1786
-0.7651
-0.8858
-0.3198
-0.2494
-0.8374
-0.9195
-0.3350
-0.2307
-0.7970
-0.8735
-0.2821
-0.1914
-0.7685
-0.8299
-0.2363
-0.0795
-0.6468
-0.7529
-0.1699
-0.0670
-0.6213
-0.7167
-0.1483
-0.0160
-0.5934
-0.6845
-0.0771
 0.0603
-0.5096
-0.5819
-0.0064
 0.0912
-0.4793
-0.5668
 0.0133
 0.1143
-0.4490
-0.5375
 0.0362
 0.1313
-0.4410
-0.5338
 0.0431
 0.1348
-0.4352
-0.5171
 0.0635
 0.1786
-0.3794
-0.4644
 0.1202
 0.2228
-0.3544
-0.4642
 0.0952
 0.1850
-0.4059
-0.5187
 0.0343
 0.1287
-0.4487
-0.5527
 0.0239
 0.1252
-0.4408
-0.5181
 0.0686
 0.1895
-0.3786
-0.4697
 0.0920
 0.1946
-0.3767
-0.4713
 0.0883
 0.1805
-0.4089
-0.5264
 0.0189
 0.0917
-0.4963
-0.6114
-0.0463
 0.0657
-0.5019
-0.5761
 0.0268
 0.1752
-0.3528
-0.4105
 0.1903
 0.3225
-0.2230
-0.3001
 0.2895
 0.4126
-0.1494
-0.2390
 0.3310
 0.4309
-0.1592
-0.2858
 0.2549
 0.3283
-0.2685
-0.3961
 0.1587
 0.2470
-0.3419
-0.4652
 0.0952
 0.1935
-0.3865
-0.4974
 0.0633
 0.1616
-0.4123
-0.5202
 0.0494
 0.1574
-0.4160
-0.5240
 0.0338
 0.1324
-0.4477
-0.5697
-0.0101
 0.0880
-0.4854
-0.5910
-0.0319
 0.0819
-0.4828
-0.5777
 0.0045
 0.1300
-0.4214
-0.5173
 0.0617
 0.1988
-0.2868
-0.4772
 0.0771
 0.1869
-0.3847
-0.4974
 0.0723
 0.1890
-0.3839
-0.5040
 0.0611
 0.1749
-0.3988
-0.5054
 0.0641
 0.1901
-0.3807
-0.4881
 0.0681
 0.1741
-0.4091
-0.5418
-0.0035
 0.0994
-0.4751
-0.5915
-0.0207
 0.1050
-0.4586
-0.5625
-0.0162
 0.0912
-0.4796
-0.5899
-0.0213
 0.1045
-0.4583
-0.5678
-0.0093
 0.1087
-0.4583
-0.5739
-0.0218
 0.0869
-0.4790
-0.5875
-0.0282
 0.0978
-0.4549
-0.5575
 0.0160
 0.1550
-0.3863
-0.4934
 0.0782
 0.1946
-0.3716
-0.4902
 0.0598
 0.1731
-0.3972
-0.5221
 0.0306
 0.1467
-0.4046
-0.5181
 0.0444
 0.1709
-0.3786
-0.4984
 0.0627
 0.1818
-0.3799
-0.4966
 0.0580
 0.1685
-0.3940
-0.5224
 0.0239
 0.1409
-0.4211
-0.5506
 0.0000
 0.1228
-0.4352
-0.5617
-0.0109
 0.1098
-0.4642
-0.5798
-0.0351
 0.0848
-0.4743
-0.5920
-0.0303
 0.1008
-0.4533
-0.5641
 0.0000
 0.1340
-0.4200
-0.5444
 0.0146
 0.1390
-0.4237
-0.5521
-0.0125
 0.1071
-0.4421
-0.5543
 0.0045
 0.1412
-0.4054
-0.5187
 0.0447
 0.1848
-0.3533
-0.4583
 0.1023
 0.2499
-0.2826
-0.3881
 0.1882
 0.3445
-0.1925
-0.3020
 0.2581
 0.3863
-0.1728
-0.3070
 0.2276
 0.3389
-0.2326
-0.3655
 0.1598
 0.2762
-0.2951
-0.4434
 0.0912
 0.1994
-0.3780
-0.5210
 0.0077
 0.1143
-0.4615
-0.6157
-0.0899
 0.0308
-0.5503
-0.6893
-0.1497
-0.0276
-0.5830
-0.7281
-0.1760
-0.0452
-0.6043
-0.7571
-0.2015
-0.0678
-0.6125
-0.7531
-0.1946
-0.0449
-0.5798
-0.7037
-0.1308
 0.0242
-0.5253
-0.6391
-0.0798
 0.0805
-0.4602
-0.5755
-0.0027
 0.1412
-0.3897
-0.5040
 0.0657
 0.2116
-0.3156
-0.4424
 0.1090
 0.2393
-0.3116
-0.4514
 0.0962
 0.2339
-0.3036
-0.4527
 0.0925
 0.2276
-0.3264
-0.4612
 0.0798
 0.2097
-0.3435
-0.4708
 0.0883
 0.2305
-0.3267
-0.4660
 0.0819
 0.2257
-0.3198
-0.4503
 0.0907
 0.2222
-0.3320
-0.4743
 0.0542
 0.1786
-0.3828
-0.4657
 0.1031
 0.1725
-0.3876
-0.5213
 0.0351
 0.1848
-0.3618
-0.5006
 0.0444
 0.1949
-0.3578
-0.4992
 0.0468
 0.1893
-0.3690
-0.5104
 0.0274
 0.1651
-0.3964
-0.5471
-0.0117
 0.1273
-0.4285
-0.5739
-0.0407
 0.0891
-0.4727
-0.6237
-0.0922
 0.0577
-0.5115
-0.6718
-0.1406
 0.0077
-0.5349
-0.6728
-0.1329
 0.0066
-0.5375
-0.6848
-0.1481
 0.0008
-0.5527
-0.6853
-0.1337
 0.0268
-0.5136
-0.6359
-0.0739
 0.0824
-0.4604
-0.5872
-0.0268
 0.1295
-0.3988
-0.5248
 0.0319
 0.1957
-0.3280
-0.4671
 0.0808
 0.2265
-0.3108
-0.4450
 0.1055
 0.2486
-0.2898
-0.4479
 0.0853
 0.2228
-0.3291
-0.4852
 0.0407
 0.1768
-0.3735
-0.5266
 0.0035
 0.1393
-0.4099
-0.5665
-0.0393
 0.1021
-0.4479
-0.5941
-0.0657
 0.0787
-0.4665
-0.6085
-0.0702
 0.0792
-0.4639
-0.6096
-0.0808
 0.0728
-0.4751
-0.6372
-0.1178
 0.0324
-0.5136
-0.6377
-0.0880
 0.0920
-0.4421
-0.5763
-0.0324
 0.1335
-0.4043
-0.5545
-0.0160
 0.1255
-0.4293
-0.5766
-0.0338
 0.1342
-0.3966
-0.5280
 0.0253
 0.1949
-0.3424
-0.4860
 0.0590
 0.2167
-0.3171
-0.4610
 0.0853
 0.2347
-0.3084
-0.4673
 0.0702
 0.2172
-0.3302
-0.4862
 0.0404
 0.1818
-0.3727
-0.5373
-0.0207
 0.1236
-0.4333
-0.6016
-0.0808
 0.0633
-0.5006
-0.6614
-0.1303
 0.0319
-0.5147
-0.6643
-0.1297
 0.0327
-0.5256
-0.6816
-0.1422
 0.0322
-0.5264
-0.6936
-0.1608
-0.0040
-0.5601
-0.7071
-0.1526
 0.0377
-0.4974
-0.6319
-0.0787
 0.0978
-0.4360
-0.5875
-0.0548
 0.1101
-0.4309
-0.5700
-0.0186
 0.1542
-0.3735
-0.5346
-0.0114
 0.1529
-0.3815
-0.5423
-0.0104
 0.1560
-0.3791
-0.5373
-0.0021
 0.1643
-0.3799
-0.5423
-0.0122
 0.1513
-0.3863
-0.5434
-0.0077
 0.1654
-0.3613
-0.5200
 0.0239
 0.2074
-0.3100
-0.4612
 0.0893
 0.2807
-0.2366
-0.3953
 0.1491
 0.3073
-0.2342
-0.4070
 0.1114
 0.2680
-0.2722
-0.4623
 0.1693
 0.2576
-0.3602
-0.5681
-0.0601
 0.0718
-0.5000
-0.7045
-0.2039
-0.0601
-0.6213
-0.8042
-0.2829
-0.1023
-0.6274
-0.7869
-0.2472
-0.0704
-0.5957
-0.7627
-0.2183
-0.0311
-0.5527
-0.7231
-0.1837
 0.0035
-0.5229
-0.6853
-0.1507
 0.0362
-0.4868
-0.6423
-0.0901
 0.1117
-0.4057
-0.5521
 0.0011
 0.2012
-0.3116
-0.4777
 0.0537
 0.2390
-0.2746
-0.4392
 0.0952
 0.2672
-0.2592
-0.4338
 0.0813
 0.2520
-0.2879
-0.4729
 0.0380
 0.1837
-0.3557
-0.5386
-0.0332
 0.1244
-0.4115
-0.6019
-0.0909
 0.0837
-0.4517
-0.6290
-0.1138
 0.0603
-0.4751
-0.6500
-0.1273
 0.0521
-0.4809
-0.6497
-0.1228
 0.0619
-0.4671
-0.6372
-0.1148
 0.0569
-0.4953
-0.6726
-0.1393
 0.0694
-0.4474
-0.6040
-0.0665
 0.1239
-0.3924
-0.5580
-0.0284
 0.1560
-0.3613
-0.5381
-0.0101
 0.1837
-0.3278
-0.4958
 0.0354
 0.2294
-0.2892
-0.4591
 0.0824
 0.2890
-0.2140
-0.3804
 0.1467
 0.3381
-0.1901
-0.3812
 0.1374
 0.3100
-0.2252
-0.4243
 0.0853
 0.2642
-0.2634
-0.4543
 0.0603
 0.2443
-0.2967
-0.4934
 0.0125
 0.1893
-0.3363
-0.5269
-0.0205
 0.1627
-0.3724
-0.5750
-0.0633
 0.1226
-0.4113
-0.6000
-0.0837
 0.1063
-0.4277
-0.6104
-0.1058
 0.0795
-0.4684
-0.6662
-0.1558
 0.0396
-0.5000
-0.6726
-0.1260
 0.1018
-0.4083
-0.5793
-0.0502
 0.1521
-0.3666
-0.5492
-0.0298
 0.1685
-0.3536
-0.5405
-0.0338
 0.1531
-0.3740
-0.5668
-0.0526
 0.1451
-0.3738
-0.5548
-0.0364
 0.1757
-0.3342
-0.5165
 0.0117
 0.2180
-0.2823
-0.4644
 0.0580
 0.2611
-0.2475
-0.4389
 0.0763
 0.2839
-0.2268
-0.4256
 0.0800
 0.2619
-0.2712
-0.4809
 0.0160
 0.2007
-0.3201
-0.5285
-0.0343
 0.1444
-0.3934
-0.6159
-0.1276
 0.0556
-0.4961
-0.7031
-0.2007
-0.0011
-0.5293
-0.7337
-0.2265
-0.0170
-0.5335
-0.7337
-0.2196
-0.0205
-0.5561
-0.7693
-0.2446
-0.0170
-0.5112
-0.6872
-0.1552
 0.0752
-0.4134
-0.5240
-0.0909
 0.1045
-0.4152
-0.6183
-0.1061
 0.1090
-0.4019
-0.6016
-0.0837
 0.1377
-0.3661
-0.5596
-0.0332
 0.1901
-0.3076
-0.4990
 0.0213
 0.2472
-0.2677
-0.4687
 0.0370
 0.2390
-0.2850
-0.4958
 0.0000
 0.2060
-0.3203
-0.5306
-0.0444
 0.1515
-0.3849
-0.6122
-0.1215
 0.0824
-0.4424
-0.6670
-0.1845
 0.0173
-0.5099
-0.7350
-0.2350
-0.0231
-0.5351
-0.7462
-0.2297
-0.0114
-0.5349
-0.7579
-0.2669
-0.0534
-0.5625
-0.7656
-0.2377
 0.0104
-0.4820
-0.6803
-0.1648
 0.0710
-0.4440
-0.6393
-0.1239
 0.1127
-0.3985
-0.6040
-0.0992
 0.1281
-0.3735
-0.5694
-0.0494
 0.1832
-0.3121
-0.5115
 0.0032
 0.2326
-0.2664
-0.4849
 0.0128
 0.2268
-0.2746
-0.4942
 0.0064
 0.2294
-0.2821
-0.5099
-0.0199
 0.1959
-0.3211
-0.5498
-0.0657
 0.1382
-0.3892
-0.6122
-0.1255
 0.0909
-0.4381
-0.6755
-0.1954
 0.0242
-0.5030
-0.7361
-0.2393
-0.0218
-0.5428
-0.7765
-0.2789
-0.0545
-0.5657
-0.7988
-0.2975
-0.0588
-0.5506
-0.7653
-0.2451
 0.0024
-0.4992
-0.7058
-0.1938
 0.0502
-0.4477
-0.6526
-0.1401
 0.1074
-0.3980
-0.6090
-0.0997
 0.1444
-0.3645
-0.5851
-0.0853
 0.1481
-0.3687
-0.5949
-0.0978
 0.1311
-0.3860
-0.6104
-0.1146
 0.1223
-0.3916
-0.6170
-0.1183
 0.1332
-0.3700
-0.5872
-0.0798
 0.1739
-0.3272
-0.5545
-0.0633
 0.1744
-0.3280
-0.5490
-0.0441
 0.2028
-0.2935
-0.5194
-0.0250
 0.2076
-0.2977
-0.5463
-0.0704
 0.1502
-0.3629
-0.5920
-0.0859
 0.1640
-0.3209
-0.5407
-0.0308
 0.2132
-0.2743
-0.5030
-0.0074
 0.2276
-0.2712
-0.5179
-0.0268
 0.2183
-0.2746
-0.5123
-0.0162
 0.2238
-0.2717
-0.5019
-0.0019
 0.2499
-0.2462
-0.4846
-0.0019
 0.2403
-0.2587
-0.5088
-0.0255
 0.2089
-0.2972
-0.5527
-0.0784
 0.1491
-0.3671
-0.6221
-0.1518
 0.0907
-0.4229
-0.6768
-0.2026
 0.0377
-0.4729
-0.7135
-0.2233
 0.0239
-0.4780
-0.7148
-0.0928
 0.0763
-0.4631
-0.7106
-0.2164
 0.0537
-0.4320
-0.6678
-0.1717
 0.0904
-0.3932
-0.6319
-0.1385
 0.1215
-0.3626
-0.6072
-0.1117
 0.1449
-0.3395
-0.5724
-0.0755
 0.1731
-0.3315
-0.5763
-0.0885
 0.1707
-0.3283
-0.5739
-0.0880
 0.1712
-0.3209
-0.5585
-0.0704
 0.2007
-0.2834
-0.5202
-0.0311
 0.2236
-0.2656
-0.5078
-0.0218
 0.2326
-0.2589
-0.5168
-0.0444
 0.2044
-0.2903
-0.5484
-0.0798
 0.1725
-0.3363
-0.5960
-0.1233
 0.1353
-0.3544
-0.5891
-0.0976
 0.1723
-0.3100
-0.5492
-0.0558
 0.2058
-0.2871
-0.5338
-0.0633
 0.1832
-0.3076
-0.5559
-0.0694
 0.1946
-0.2993
-0.5591
-0.0851
 0.1728
-0.3174
-0.5708
-0.1034
 0.1560
-0.3536
-0.6197
-0.1550
 0.0954
-0.4086
-0.6720
-0.2079
 0.0476
-0.4612
-0.7186
-0.2496
 0.0037
-0.4990
-0.7677
-0.2983
-0.0332
-0.5139
-0.7592
-0.2642
 0.0183
-0.4575
-0.7055
-0.2140
 0.0744
-0.4046
-0.6529
-0.1677
 0.1016
-0.3794
-0.6247
-0.1364
 0.1462
-0.3381
-0.5965
-0.1204
 0.1542
-0.3416
-0.6090
-0.1364
 0.1404
-0.3541
-0.6061
-0.1247
 0.1507
-0.3424
-0.5955
-0.1172
 0.1574
-0.3336
-0.5894
-0.1077
 0.1712
-0.3190
-0.5652
-0.0768
 0.2050
-0.2786
-0.5405
-0.0673
 0.2060
-0.2759
-0.5359
-0.0484
 0.2132
-0.2813
-0.5519
-0.0744
 0.1853
-0.3100
-0.5806
-0.1034
 0.1765
-0.3126
-0.5617
-0.0702
 0.2214
-0.2603
-0.5229
-0.0428
 0.2416
-0.2329
-0.4998
-0.0300
 0.2361
-0.2510
-0.5333
-0.0744
 0.1770
-0.3280
-0.6096
-0.1451
 0.1263
-0.3536
-0.6239
-0.1531
 0.1313
-0.3490
-0.6117
-0.1260
 0.1632
-0.3086
-0.5636
-0.0755
 0.2113
-0.2589
-0.5282
-0.0455
 0.2284
-0.2502
-0.5261
-0.0617
 0.2116
-0.2778
-0.5668
-0.1023
 0.1699
-0.3278
-0.6128
-0.1616
 0.1124
-0.3884
-0.6736
-0.2103
 0.0744
-0.4017
-0.6638
-0.1895
 0.0976
-0.3910
-0.6673
-0.2185
 0.0510
-0.4338
-0.7023
-0.2159
 0.1808
-0.3182
-0.6449
-0.1786
 0.1132
-0.3576
-0.6460
-0.1733
 0.0989
-0.3855
-0.6821
-0.2230
 0.0574
-0.4139
-0.6946
-0.2145
 0.0891
-0.3685
-0.6367
-0.1531
 0.1529
-0.3060
-0.5641
-0.0914
 0.2031
-0.2709
-0.5471
-0.0869
 0.1951
-0.2906
-0.5753
-0.1218
 0.1555
-0.3339
-0.6322
-0.1826
 0.0938
-0.3993
-0.6941
-0.2491
 0.0157
-0.4753
-0.7749
-0.3278
-0.0619
-0.5436
-0.8502
-0.3950
-0.1071
-0.5713
-0.8587
-0.3833
-0.0840
-0.5460
-0.8347
-0.3655
-0.0675
-0.5181
-0.8081
-0.3445
-0.0524
-0.5003
-0.7874
-0.3201
-0.0271
-0.4931
-0.7808
-0.3142
-0.0106
-0.4673
-0.7582
-0.2972
 0.0037
-0.4541
-0.7241
-0.2565
 0.0447
-0.4073
-0.6819
-0.2238
 0.0805
-0.3669
-0.6354
-0.1661
 0.1398
-0.3148
-0.5891
-0.1332
 0.1638
-0.3076
-0.5963
-0.1337
 0.1696
-0.2961
-0.5851
-0.1220
 0.1813
-0.2826
-0.5665
-0.0994
 0.1970
-0.2605
-0.5351
-0.0827
 0.2076
-0.2533
-0.5519
-0.1178
 0.1712
-0.3132
-0.6170
-0.1901
 0.0805
-0.4059
-0.7212
-0.3017
-0.0356
-0.5101
-0.8169
-0.3711
-0.0774
-0.5322
-0.8342
-0.3910
-0.1061
-0.5612
-0.8579
-0.3940
-0.0899
-0.5296
-0.8137
-0.3384
-0.0229
-0.4604
-0.7454
-0.2852
 0.0024
-0.4711
-0.7616
-0.3049
 0.0019
-0.4365
-0.7045
-0.2422
 0.0611
-0.3876
-0.6641
-0.2060
 0.1159
-0.3177
-0.5798
-0.1164
 0.1986
-0.2494
-0.5333
-0.0867
 0.2031
-0.2613
-0.5617
-0.1231
 0.1297
-0.3849
-0.6295
-0.1420
 0.1156
-0.3879
-0.6401
-0.1882
 0.0548
-0.4440
-0.6867
-0.2143
 0.0354
-0.4533
-0.6992
-0.2217
 0.0250
-0.4697
-0.7212
-0.2494
-0.0019
-0.4865
-0.7276
-0.2419
 0.0186
-0.4602
-0.6989
-0.2254
 0.0258
-0.4530
-0.6885
-0.2084
 0.0518
-0.4296
-0.6686
-0.2031
 0.0433
-0.4474
-0.6875
-0.2116
 0.0370
-0.4498
-0.6880
-0.2095
 0.0447
-0.4535
-0.7106
-0.2424
 0.0072
-0.4785
-0.7374
-0.2712
-0.0162
-0.4368
-0.6603
-0.2573
-0.0160
-0.5030
-0.7707
-0.3044
-0.0627
-0.5431
-0.7980
-0.3156
-0.0484
-0.5131
-0.7664
-0.2938
-0.0290
-0.5014
-0.7529
-0.2717
-0.0024
-0.4759
-0.7337
-0.2642
-0.0035
-0.4735
-0.7194
-0.2478
 0.0160
-0.4570
-0.7117
-0.2547
-0.0011
-0.4846
-0.7571
-0.2852
-0.0250
-0.4931
-0.7542
-0.2815
-0.0191
-0.4860
-0.7417
-0.2616
 0.0066
-0.4578
-0.6989
-0.2148
 0.0686
-0.3966
-0.6324
-0.1521
 0.1342
-0.3307
-0.5793
-0.1018
 0.1693
-0.3076
-0.5750
-0.1127
 0.1446
-0.3520
-0.6239
-0.1691
 0.0840
-0.4131
-0.6899
-0.2435
 0.0066
-0.5030
-0.7845
-0.3445
-0.1053
-0.5989
-0.8829
-0.4222
-0.1560
-0.6221
-0.8887
-0.4240
-0.1545
-0.6234
-0.8860
-0.4155
-0.1627
-0.6385
-0.9044
-0.4280
-0.1526
-0.6223
-0.8932
-0.4251
-0.1481
-0.6043
-0.8555
-0.3743
-0.0851
-0.5391
-0.7927
-0.2935
 0.0024
-0.4440
-0.6779
-0.1869
 0.1093
-0.3445
-0.5886
-0.1212
 0.1489
-0.3339
-0.6080
-0.1590
 0.0994
-0.3961
-0.6752
-0.2326
 0.0186
-0.4862
-0.7760
-0.3397
-0.0864
-0.5641
-0.8541
-0.3918
-0.1162
-0.5742
-0.8440
-0.3682
-0.0845
-0.5450
-0.8204
-0.3501
-0.0760
-0.5402
-0.8169
-0.3560
-0.0771
-0.5373
-0.8148
-0.3384
-0.0561
-0.5173
-0.7986
-0.3339
-0.0617
-0.5420
-0.8379
-0.3780
-0.0920
-0.5381
-0.7970
-0.3070
-0.0021
-0.4424
-0.7002
-0.2315
 0.0548
-0.4062
-0.6662
-0.1959
 0.0880
-0.3770
-0.6385
-0.1797
 0.1111
-0.3501
-0.6082
-0.1406
 0.1433
-0.3339
-0.6138
-0.1582
 0.1236
-0.3536
-0.6308
-0.1816
 0.0925
-0.3841
-0.6736
-0.2369
 0.0261
-0.4695
-0.7627
-0.3270
-0.0694
-0.5569
-0.8656
-0.4224
-0.1545
-0.6319
-0.9320
-0.4846
-0.2113
-0.6832
-0.9786
-0.5272
-0.2424
-0.7026
-0.9860
-0.5269
-0.2294
-0.6707
-0.9331
-0.4615
-0.1643
-0.6144
-0.9081
-0.4543
-0.1794
-0.6279
-0.9086
-0.4323
-0.1241
-0.5625
-0.8230
-0.2656
-0.0497
-0.5181
-0.8018
-0.3360
-0.0354
-0.4822
-0.7627
-0.2964
-0.0027
-0.4440
-0.7167
-0.2515
 0.0489
-0.3868
-0.6614
-0.1946
 0.1061
-0.3427
-0.6239
-0.1773
 0.1013
-0.3599
-0.6486
-0.1983
 0.0960
-0.3666
-0.6478
-0.2023
 0.0805
-0.3910
-0.6880
-0.2576
 0.0101
-0.4644
-0.7664
-0.3312
-0.0463
-0.4974
-0.8028
-0.3647
-0.0774
-0.5237
-0.8190
-0.3700
-0.0864
-0.5498
-0.8536
-0.4035
-0.1103
-0.5532
-0.8454
-0.3921
-0.0790
-0.5083
-0.7871
-0.3251
-0.0255
-0.4729
-0.7568
-0.2975
 0.0000
-0.4381
-0.7114
-0.2496
 0.0606
-0.3924
-0.6776
-0.2321
 0.0696
-0.3836
-0.6678
-0.2228
 0.0856
-0.3631
-0.6460
-0.1980
 0.0946
-0.3639
-0.6526
-0.2010
 0.1018
-0.3615
-0.6505
-0.1949
 0.1058
-0.3533
-0.6441
-0.1965
 0.1055
-0.3501
-0.6417
-0.1996
 0.1180
-0.3419
-0.6351
-0.1826
 0.1162
-0.3371
-0.6423
-0.2020
 0.1148
-0.3280
-0.6173
-0.1656
 0.1537
-0.3020
-0.6136
-0.1704
 0.1406
-0.3198
-0.6348
-0.1927
 0.1255
-0.3243
-0.6388
-0.1983
 0.1396
-0.2927
-0.6098
-0.1802
 0.1680
-0.2363
-0.5713
-0.1635
 0.1949
-0.2047
-0.5474
-0.1451
 0.2137
-0.2007
-0.5484
-0.1462
 0.2087
-0.1911
-0.5298
-0.1273
 0.2300
-0.1741
-0.5192
-0.1162
 0.2443
-0.1619
-0.5109
-0.1087
 0.2430
-0.1566
-0.4931
-0.0984
 0.2547
-0.1590
-0.5096
-0.1109
 0.2374
-0.1895
-0.5208
-0.0784
 0.2749
-0.1576
-0.4716
-0.0423
 0.2584
-0.1725
-0.4740
-0.0603
 0.2486
-0.1949
-0.5096
-0.0712
 0.2318
-0.2058
-0.5200
-0.0790
 0.2339
-0.2002
-0.5072
-0.0720
 0.2225
-0.2228
-0.5375
-0.1079
 0.2044
-0.2422
-0.5516
-0.1175
 0.1933
-0.2504
-0.5575
-0.1265
 0.1832
-0.2672
-0.5753
-0.1412
 0.1768
-0.2589
-0.5625
-0.1252
 0.1925
-0.2480
-0.5569
-0.1178
 0.2004
-0.2422
-0.5362
-0.0957
 0.2262
-0.2172
-0.5282
-0.0901
 0.2318
-0.2023
-0.5085
-0.0324
 0.3124
-0.2039
-0.5575
-0.1497
 0.1521
-0.2940
-0.6255
-0.2010
 0.1249
-0.2964
-0.6112
-0.1733
 0.1550
-0.2786
-0.5973
-0.1781
 0.1393
-0.3047
-0.6191
-0.1869
 0.1377
-0.2980
-0.6101
-0.1800
 0.1654
-0.2385
-0.6000
-0.2220
 0.1324
-0.2626
-0.6157
-0.2310
 0.1390
-0.2478
-0.6080
-0.2246
 0.1335
-0.2531
-0.6167
-0.2241
 0.1584
-0.2212
-0.5782
-0.1890
 0.1869
-0.1962
-0.5519
-0.1744
 0.1978
-0.1856
-0.5532
-0.1810
 0.1980
-0.1842
-0.5407
-0.1534
 0.2286
-0.1497
-0.5128
-0.1377
 0.2430
-0.1515
-0.5280
-0.1576
 0.2153
-0.1656
-0.5367
-0.1537
 0.2355
-0.1401
-0.5075
-0.1409
 0.2310
-0.1582
-0.5333
-0.1656
 0.2124
-0.1643
-0.5240
-0.1483
 0.2300
-0.1467
-0.5131
-0.1483
 0.2326
-0.1446
-0.5072
-0.1502
 0.2249
-0.1558
-0.5282
-0.1683
 0.1975
-0.1781
-0.5351
-0.1755
 0.1978
-0.1731
-0.5359
-0.1672
 0.2095
-0.1661
-0.5266
-0.1781
 0.1840
-0.1842
-0.5431
-0.1869
 0.1824
-0.1890
-0.5543
-0.1914
 0.1770
-0.1949
-0.5575
-0.1951
 0.1701
-0.1975
-0.5580
-0.2071
 0.1667
-0.1975
-0.5540
-0.1983
 0.1781
-0.1895
-0.5474
-0.1919
 0.1717
-0.1949
-0.5442
-0.1816
 0.1949
-0.1725
-0.5423
-0.1914
 0.1739
-0.1914
-0.5644
-0.1696
 0.1903
-0.2135
-0.5405
-0.1356
 0.2031
-0.2209
-0.5487
-0.1273
 0.2257
-0.1858
-0.5136
-0.1058
 0.2294
-0.1840
-0.5056
-0.0954
 0.2406
-0.1757
-0.5006
-0.0941
 0.2414
-0.1733
-0.4963
-0.0949
 0.2353
-0.1853
-0.5141
-0.1071
 0.2292
-0.1906
-0.5197
-0.1220
 0.2129
-0.2034
-0.5280
-0.1207
 0.2201
-0.1866
-0.5128
-0.1061
 0.2331
-0.1717
-0.4971
-0.0965
 0.2448
-0.1696
-0.5027
-0.1008
 0.2347
-0.1770
-0.5099
-0.1101
 0.2230
-0.1845
-0.5115
-0.1047
 0.2377
-0.1720
-0.5054
-0.1106
 0.2225
-0.1864
-0.5078
-0.1013
 0.2419
-0.1677
-0.4984
-0.0994
 0.2424
-0.1550
-0.4820
-0.0795
 0.3642
-0.1255
-0.4963
-0.1122
 0.2151
-0.1919
-0.5325
-0.1372
 0.1970
-0.2047
-0.5418
-0.1521
 0.1834
-0.2132
-0.5479
-0.1606
 0.1763
-0.2220
-0.5466
-0.1545
 0.1877
-0.2135
-0.5378
-0.1438
 0.2031
-0.1951
-0.5269
-0.1377
 0.1938
-0.2074
-0.5375
-0.1446
 0.1890
-0.2092
-0.5333
-0.1393
 0.1965
-0.2066
-0.5463
-0.1699
 0.1582
-0.2480
-0.5875
-0.2089
 0.1212
-0.2826
-0.6298
-0.2462
 0.0954
-0.3092
-0.6540
-0.2632
 0.0848
-0.3009
-0.6226
-0.2220
 0.1292
-0.2563
-0.5795
-0.1877
 0.1505
-0.2547
-0.6066
-0.2286
 0.1127
-0.2836
-0.6178
-0.2307
 0.1029
-0.2810
-0.6237
-0.2369
 0.1223
-0.2653
-0.5992
-0.2079
 0.1563
-0.2464
-0.5686
-0.1712
 0.1696
-0.2196
-0.5591
-0.1802
 0.1763
-0.2089
-0.5569
-0.1656
 0.1933
-0.2113
-0.5548
-0.1747
 0.1786
-0.2294
-0.5809
-0.1975
 0.1685
-0.2121
-0.5553
-0.1505
 0.2063
-0.1925
-0.5341
-0.1353
 0.2292
-0.1691
-0.5200
-0.1257
 0.2408
-0.1446
-0.4891
-0.0867
 0.2799
-0.1058
-0.4535
-0.0619
 0.2945
-0.0853
-0.4485
-0.0513
 0.3015
-0.0808
-0.4429
-0.0635
 0.2754
-0.1531
-0.5298
-0.1481
 0.2172
-0.1808
-0.5391
-0.1558
 0.2068
-0.1935
-0.5511
-0.1592
 0.2185
-0.1587
-0.5123
-0.1196
 0.2416
-0.1672
-0.5349
