-0.3780
 0.0088
 0.4203
 0.0449
-0.3748
-0.0098
 0.3876
 0.0021
-0.4160
-0.0444
 0.3658
-0.0170
-0.4301
-0.0574
 0.3509
-0.0346
-0.4455
-0.0696
 0.3626
 0.0112
-0.3735
 0.0290
 0.4400
 0.0585
-0.3634
 0.0152
 0.4192
 0.0319
-0.3876
-0.0101
 0.3977
 0.0237
-0.3794
 0.0082
 0.4192
 0.0425
-0.3775
-0.0019
 0.3974
-0.0008
-0.4243
-0.0627
 0.3387
-0.0585
-0.4886
-0.1342
 0.2789
-0.1010
-0.4998
-0.1087
 0.3270
-0.0322
-0.4216
-0.0261
 0.4089
 0.0404
-0.3804
-0.0064
 0.4046
 0.0351
-0.3650
 0.0165
 0.4179
 0.0316
-0.3966
-0.0380
 0.3610
-0.0401
-0.4697
-0.1138
 0.2866
-0.1010
-0.5181
-0.1473
 0.2839
-0.0792
-0.4572
-0.2020
 0.1034
-0.2666
-0.6497
-0.2600
 0.1664
-0.1983
-0.6021
-0.2220
 0.1996
-0.1638
-0.5716
-0.1983
 0.2225
-0.1433
-0.5410
-0.1579
 0.2698
-0.1031
-0.5099
-0.1446
 0.2573
-0.1249
-0.5463
-0.1906
 0.2129
-0.1624
-0.5609
-0.1882
 0.2281
-0.1369
-0.5298
-0.1568
 0.2712
-0.0885
-0.4796
-0.0989
 0.3278
-0.0492
-0.4657
-0.1058
 0.3113
-0.0532
-0.4535
-0.0800
 0.3456
-0.0226
-0.4331
-0.0720
 0.3280
-0.0627
-0.4969
-0.1414
 0.2608
-0.1138
-0.5200
-0.1454
 0.2770
-0.0829
-0.4764
-0.0928
 0.3355
-0.0282
-0.4344
-0.0574
 0.3775
 0.0170
-0.3884
-0.0138
 0.3844
-0.0085
-0.4277
-0.0593
 0.3538
-0.0189
-0.4251
-0.0614
 0.3533
-0.0197
-0.4317
-0.0712
 0.3459
-0.0356
-0.4583
-0.0928
 0.3288
-0.0303
-0.4296
-0.0431
 0.3924
 0.0407
-0.3650
 0.0096
 0.4136
 0.0298
-0.3985
-0.0370
 0.3674
-0.0207
-0.4432
-0.0774
 0.3443
-0.0322
-0.4437
-0.0731
 0.3363
-0.0425
-0.4591
-0.0946
 0.3302
-0.0388
-0.4511
-0.0774
 0.3509
-0.0207
-0.4362
-0.0848
 0.3344
-0.0330
-0.4453
-0.0710
 0.3570
 0.0003
-0.4033
-0.0250
 0.4097
 0.0542
-0.3647
 0.0035
 0.4089
 0.0253
-0.4049
-0.0316
 0.3833
 0.0085
-0.4107
-0.0561
 0.3453
-0.0412
-0.4578
-0.0867
 0.3453
-0.0157
-0.4208
-0.0532
 0.3738
-0.0013
-0.4280
-0.0678
 0.3445
-0.0295
-0.4525
-0.1002
 0.3171
-0.0529
-0.4814
-0.1263
 0.2943
-0.0771
-0.4868
-0.1194
 0.3089
-0.0492
-0.4495
-0.0771
 0.3506
-0.0239
-0.4450
-0.0907
 0.3235
-0.0502
-0.4774
-0.1204
 0.2980
-0.0747
-0.5035
-0.1534
 0.2629
-0.1047
-0.5189
-0.1566
 0.2656
-0.1074
-0.5253
-0.1616
 0.2650
-0.0973
-0.5008
-0.1327
 0.2938
-0.0771
-0.4907
-0.1183
 0.3161
-0.0401
-0.4509
-0.0792
 0.3373
-0.0423
-0.4735
-0.1183
 0.3158
-0.0425
-0.4620
-0.1037
 0.3182
-0.0585
-0.5003
-0.1560
 0.2563
-0.1194
-0.5338
-0.1683
 0.2015
-0.3312
-0.7749
-0.4009
 0.0412
-0.2980
-0.6891
-0.3057
 0.1420
-0.2095
-0.6229
-0.2605
 0.1731
-0.1810
-0.5811
-0.2058
 0.2252
-0.1313
-0.5370
-0.1587
 0.2781
-0.0752
-0.4929
-0.1377
 0.2754
-0.1082
-0.5463
-0.2066
 0.2007
-0.1757
-0.6003
-0.2286
 0.2137
-0.1249
-0.5213
-0.1481
 0.2898
-0.0598
-0.4740
-0.1031
 0.3344
-0.0223
-0.4381
-0.0696
 0.3525
-0.0255
-0.4572
-0.1074
 0.3039
-0.0617
-0.4761
-0.1069
 0.3310
-0.0287
-0.4519
-0.0938
 0.3318
-0.0399
-0.4844
-0.1545
 0.2430
-0.1382
-0.5692
-0.2111
 0.2297
-0.1061
-0.4942
-0.1031
 0.3517
 0.0130
-0.3884
-0.0058
 0.4392
 0.0883
-0.3379
 0.0237
 0.4299
 0.0468
-0.3879
-0.0314
 0.3873
 0.0213
-0.4025
-0.0335
 0.3881
 0.0178
-0.4144
-0.0524
 0.3767
 0.0117
-0.4195
-0.0630
 0.3552
-0.0186
-0.4522
-0.1010
 0.3278
-0.0274
-0.4328
-0.0588
 0.3924
 0.0383
-0.3852
-0.0247
 0.3871
-0.0114
-0.4708
-0.1366
 0.2810
-0.0776
-0.4942
-0.1305
 0.3078
-0.0524
-0.4697
-0.1140
 0.3102
-0.0556
-0.4942
-0.1478
 0.2879
-0.0654
-0.4857
-0.1220
 0.3201
-0.0409
-0.4732
-0.1265
 0.3054
-0.0502
-0.4594
-0.0885
 0.3520
-0.0058
-0.4208
-0.0529
 0.3863
 0.0263
-0.4091
-0.0484
 0.3746
 0.0064
-0.4256
-0.0752
 0.3610
-0.0019
-0.4440
-0.0941
 0.3283
-0.0253
-0.4575
-0.0976
 0.3480
 0.0082
-0.4075
-0.0505
 0.3724
-0.0040
-0.4511
-0.1069
 0.3171
-0.0508
-0.4907
-0.1534
 0.2717
-0.0845
-0.4966
-0.1226
 0.3336
-0.0112
-0.4320
-0.0805
 0.3445
-0.0186
-0.4564
-0.1095
 0.3209
-0.0308
-0.4453
-0.0808
 0.3698
 0.0205
-0.4190
-0.0633
 0.3727
 0.0247
-0.3865
-0.0133
 0.4245
 0.0702
-0.3560
 0.0136
 0.4384
 0.0731
-0.3685
-0.0186
 0.4009
 0.0303
-0.4195
-0.0766
 0.3373
-0.0399
-0.4862
-0.1449
 0.2821
-0.0752
-0.5046
-0.1436
 0.2993
-0.0489
-0.4681
-0.1138
 0.3275
-0.0444
-0.6829
-0.3823
 0.0625
-0.2751
-0.6840
-0.3009
 0.1497
-0.1983
-0.6303
-0.2943
 0.1204
-0.2645
-0.7244
-0.3929
 0.0292
-0.3358
-0.7635
-0.3982
 0.0561
-0.2767
-0.6835
-0.3142
 0.1420
-0.1994
-0.6056
-0.2419
 0.1994
-0.1518
-0.5697
-0.2052
 0.2462
-0.0869
-0.4889
-0.1138
 0.3512
 0.0231
-0.3972
-0.0314
 0.3982
 0.0420
-0.3887
-0.0375
 0.3956
 0.0391
-0.4022
-0.0617
 0.3533
-0.0268
-0.4745
-0.1401
 0.2871
-0.0739
-0.5062
-0.1486
 0.2999
-0.0367
-0.4506
-0.0952
 0.3482
-0.0072
-0.4405
-0.0968
 0.3347
-0.0308
-0.4711
-0.1239
 0.3185
-0.0178
-0.4450
-0.1031
 0.3145
-0.0516
-0.5064
-0.1669
 0.2682
-0.0872
-0.5237
-0.1816
 0.2523
-0.1010
-0.5272
-0.1733
 0.2743
-0.0510
-0.4657
-0.0968
 0.3597
 0.0117
-0.4251
-0.0758
 0.3544
-0.0048
-0.4346
-0.0707
 0.3929
 0.0691
-0.3360
 0.0407
 0.4772
 0.1228
-0.3283
 0.0114
 0.4219
 0.0380
-0.4229
-0.0928
 0.3121
-0.0641
-0.5091
-0.1701
 0.2728
-0.0633
-0.4801
-0.1180
 0.3307
-0.0080
-0.4402
-0.0933
 0.3371
-0.0207
-0.4549
-0.1138
 0.3336
-0.0053
-0.4208
-0.0449
 0.4150
 0.0829
-0.3352
 0.0276
 0.4607
 0.1002
-0.3623
-0.0314
 0.3817
 0.0035
-0.4482
-0.1180
 0.3108
-0.0431
-0.4671
-0.1111
 0.3334
-0.0080
-0.4301
-0.0747
 0.3597
-0.0027
-0.4583
-0.1164
 0.3078
-0.0465
-0.4668
-0.1103
 0.3381
 0.0032
-0.4166
-0.0548
 0.3799
 0.0221
-0.4309
-0.0954
 0.3350
-0.0199
-0.4615
-0.1154
 0.3225
-0.0300
-0.4602
-0.1207
 0.3179
-0.0327
-0.4695
-0.1345
 0.2967
-0.0598
-0.4923
-0.1598
 0.2650
-0.0899
-0.5141
-0.1494
 0.3086
-0.0157
-0.4216
-0.0582
 0.3863
 0.0324
-0.4025
-0.0593
 0.3671
 0.0058
-0.4360
-0.0922
 0.3459
 0.0114
-0.4059
-0.0404
 0.4083
 0.0675
-0.3727
-0.0170
 0.4070
 0.0284
-0.4354
-0.1122
 0.2932
-0.0784
-0.5179
-0.1802
 0.2549
-0.0960
-0.4697
-0.3389
 0.0096
-0.3453
-0.7696
-0.4131
 0.0447
-0.2876
-0.7106
-0.3549
 0.0989
-0.2377
-0.6622
-0.3177
 0.1273
-0.2121
-0.6314
-0.2802
 0.1725
-0.1757
-0.6053
-0.2626
 0.1813
-0.1630
-0.5851
-0.2241
 0.2300
-0.1077
-0.5351
-0.1858
 0.2523
-0.1055
-0.5420
-0.2066
 0.2151
-0.1465
-0.5697
-0.2060
 0.2454
-0.0960
-0.5221
-0.1654
 0.2903
-0.0399
-0.4562
-0.0973
 0.3621
 0.0258
-0.4099
-0.0710
 0.3493
-0.0178
-0.4655
-0.1273
 0.3076
-0.0431
-0.4735
-0.1292
 0.3108
-0.0431
-0.4804
-0.1409
 0.3078
-0.0372
-0.4657
-0.1223
 0.3235
-0.0154
-0.4469
-0.1005
 0.3445
 0.0064
-0.4256
-0.0726
 0.3708
 0.0284
-0.4139
-0.0704
 0.3610
 0.0003
-0.4479
-0.0992
 0.3472
 0.0000
-0.4346
-0.0835
 0.3533
 0.0035
-0.4416
-0.1037
 0.3182
-0.0558
-0.5099
-0.1824
 0.2510
-0.0880
-0.5128
-0.1680
 0.2749
-0.0712
-0.5051
-0.1661
 0.2674
-0.0907
-0.5301
-0.1877
 0.2560
-0.0843
-0.4982
-0.1303
 0.3347
 0.0130
-0.4035
-0.0348
 0.4158
 0.0689
-0.3812
-0.0449
 0.3895
 0.0266
-0.4131
-0.0537
 0.3926
 0.0521
-0.3852
-0.0372
 0.3934
 0.0327
-0.4198
-0.0861
 0.3416
-0.0114
-0.4522
-0.1109
 0.3302
-0.0199
-0.4599
-0.1279
 0.3113
-0.0375
-0.4737
-0.1231
 0.3336
 0.0112
-0.4184
-0.0800
 0.3599
 0.0122
-0.4344
-0.0965
 0.3360
-0.0207
-0.4681
-0.1329
 0.3028
-0.0556
-0.5008
-0.1709
 0.2743
-0.0760
-0.5059
-0.1651
 0.2730
-0.0784
-0.5115
-0.1614
 0.2951
-0.0399
-0.4700
-0.1218
 0.3344
-0.0098
-0.4586
-0.1154
 0.3270
-0.0274
-0.4740
-0.1385
 0.2993
-0.0534
-0.4907
-0.1486
 0.3023
-0.0385
-0.4591
-0.1164
 0.3381
 0.0003
-0.4389
-0.0952
 0.3445
-0.0074
-0.4570
-0.1276
 0.3092
-0.0550
-0.5099
-0.1840
 0.2565
-0.0946
-0.5253
-0.1733
 0.2836
-0.0383
-0.4578
-0.0965
 0.3576
 0.0279
-0.4182
-0.0752
 0.3599
 0.0037
-0.4424
-0.0516
 0.1688
-0.3092
-0.7840
-0.4533
-0.0101
-0.3453
-0.7685
-0.3980
 0.0744
-0.2512
-0.6808
-0.3323
 0.1109
-0.2382
-0.6787
-0.3482
 0.0962
-0.2424
-0.6619
-0.2988
 0.1667
-0.1542
-0.5681
-0.2100
 0.2579
-0.0678
-0.4921
-0.1449
 0.3036
-0.0354
-0.4692
-0.1316
 0.3094
-0.0362
-0.4820
-0.1518
 0.2903
-0.0465
-0.4724
-0.1226
 0.3432
 0.0144
-0.4216
-0.0784
 0.3599
 0.0064
-0.4360
-0.0949
 0.3427
-0.0093
-0.4607
-0.1186
 0.3411
 0.0170
-0.4078
-0.0481
 0.3996
 0.0486
-0.4134
-0.0997
 0.3105
-0.0572
-0.5189
-0.1983
 0.2414
-0.1031
-0.5394
-0.1978
 0.2549
-0.0795
-0.5144
-0.1747
 0.2725
-0.0718
-0.5056
-0.1555
 0.3065
-0.0295
-0.4668
-0.1329
 0.3161
-0.0266
-0.4655
-0.1316
 0.3081
-0.0388
-0.4830
-0.1478
 0.2999
-0.0431
-0.4873
-0.1542
 0.2919
-0.0534
-0.4854
-0.1396
 0.3185
-0.0181
-0.4586
-0.1244
 0.3251
-0.0154
-0.4556
-0.1090
 0.3451
 0.0250
-0.4022
-0.0484
 0.4075
 0.0790
-0.3576
-0.0189
 0.4046
 0.0354
-0.4429
-0.1451
 0.2533
-0.1109
-0.5662
-0.2369
 0.2220
-0.0994
-0.5298
-0.1810
 0.2823
-0.0524
-0.4907
-0.1531
 0.3012
-0.0282
-0.4740
-0.1438
 0.3015
-0.0529
-0.5024
-0.1744
 0.2757
-0.0585
-0.4992
-0.1638
 0.3033
-0.0040
-0.4261
-0.0774
 0.3791
 0.0407
-0.4014
-0.0681
 0.3700
 0.0043
-0.4639
-0.1467
 0.2749
-0.0808
-0.5378
-0.2161
 0.2252
-0.1082
-0.5516
-0.2217
 0.2446
-0.0792
-0.5109
-0.1733
 0.2810
-0.0516
-0.4897
-0.1529
 0.2924
-0.0569
-0.5104
-0.1816
 0.2698
-0.0614
-0.4854
-0.1313
 0.3384
 0.0101
-0.4333
-0.0867
 0.3682
 0.0399
-0.4115
-0.0829
 0.3573
 0.0077
-0.4264
-0.0813
 0.3419
-0.0173
-0.4687
-0.1486
 0.2839
-0.0308
-0.4785
-0.1358
 0.3267
 0.0125
-0.4211
-0.0744
 0.3823
 0.0529
-0.3905
-0.0261
 0.4163
 0.0614
-0.4099
-0.0920
 0.3482
 0.0218
-0.4182
-0.0651
 0.4440
-0.0896
-0.5939
-0.2565
 0.2028
-0.1226
-0.5716
-0.2478
 0.2079
-0.1218
-0.5580
-0.2074
 0.2611
-0.0569
-0.4833
-0.1358
 0.3238
-0.0037
-0.4495
-0.1191
 0.3331
-0.0112
-0.4724
-0.1491
 0.2914
-0.0529
-0.4990
-0.1696
 0.2916
-0.0415
-0.4977
-0.1545
 0.3193
 0.0051
-0.4118
-0.0550
 0.4219
 0.1016
-0.3429
-0.0128
 0.4442
 0.1109
-0.3307
 0.0090
 0.4724
 0.1436
-0.3036
 0.0311
 0.4830
 0.1606
-0.2983
 0.0351
 0.4735
 0.1438
-0.3187
 0.0096
 0.4642
 0.1377
-0.3054
 0.0380
 0.4857
 0.1614
-0.2900
 0.0529
 0.5136
 0.1930
-0.2592
 0.0813
 0.5277
 0.1943
-0.2730
 0.0489
 0.4828
 0.1457
-0.3171
 0.0072
 0.4628
 0.1348
-0.3142
 0.0274
 0.4825
 0.1558
-0.2996
 0.0346
 0.4841
 0.1515
-0.3182
 0.0061
 0.4570
 0.1271
-0.3421
-0.0160
 0.4288
 0.0819
-0.3791
-0.0545
 0.4004
 0.0755
-0.3722
-0.0274
 0.4400
 0.1154
-0.3421
-0.0064
 0.4474
 0.1188
-0.3336
-0.0005
 0.4639
 0.1420
-0.3057
 0.0425
 0.5112
 0.2036
-0.2491
 0.0832
 0.5335
 0.1946
-0.2839
 0.0332
 0.4721
 0.1350
-0.3392
-0.0181
 0.4192
 0.0750
-0.3998
-0.0763
 0.3722
 0.0441
-0.4105
-0.0712
 0.3786
 0.0428
-0.4229
-0.0981
 0.3621
 0.0311
-0.4317
-0.0933
 0.3727
 0.0548
-0.4006
-0.0630
 0.3982
 0.0704
-0.3918
-0.0598
 0.3942
 0.0622
-0.3953
-0.0625
 0.3993
 0.0811
-0.3767
-0.0396
 0.4219
 0.0922
-0.3748
-0.0532
 0.4006
 0.0585
-0.4113
-0.0973
 0.3538
 0.0197
-0.4445
-0.1356
 0.3153
-0.0170
-0.4684
-0.1393
 0.3376
 0.0223
-0.4293
-0.0962
 0.3727
 0.0500
-0.4086
-0.0805
 0.3900
 0.0694
-0.3884
-0.0603
 0.4131
 0.0952
-0.3674
-0.0391
 0.4235
 0.1008
-0.3631
-0.0383
 0.4152
 0.0798
-0.3900
-0.0779
 0.3645
 0.0157
-0.4732
-0.1720
 0.2696
-0.0651
-0.5327
-0.2228
 0.2422
-0.0763
-0.5330
-0.2268
 0.2292
-0.1055
-0.5668
-0.2541
 0.2015
-0.0694
-0.7523
-0.5112
-0.0585
-0.3735
-0.8278
-0.5099
-0.0385
-0.3392
-0.8015
-0.4841
 0.0005
-0.3012
-0.7446
-0.4152
 0.0654
-0.2387
-0.6800
-0.3469
 0.1313
-0.1784
-0.6351
-0.3296
 0.1321
-0.2007
-0.6720
-0.3764
 0.0800
-0.2531
-0.7188
-0.4022
 0.0678
-0.2525
-0.7093
-0.4038
 0.0622
-0.2549
-0.7093
-0.3889
 0.0872
-0.2233
-0.6691
-0.3440
 0.1412
-0.1635
-0.6136
-0.2953
 0.1877
-0.1226
-0.5806
-0.2584
 0.2185
-0.0973
-0.5556
-0.2443
 0.2204
-0.1042
-0.5662
-0.2475
 0.2416
-0.0670
-0.5301
-0.2313
 0.2169
-0.1279
-0.6250
-0.3456
 0.0957
-0.2557
-0.7414
-0.4381
 0.0343
-0.2847
-0.7449
-0.4203
 0.0580
-0.2565
-0.7148
-0.3996
 0.0787
-0.2289
-0.6731
-0.3395
 0.1563
-0.1459
-0.5949
-0.2730
 0.2066
-0.1114
-0.5793
-0.2786
 0.1808
-0.1465
-0.6074
-0.2988
 0.1667
-0.1558
-0.6221
-0.3102
 0.1672
-0.1398
-0.6032
-0.2932
 0.1864
-0.1252
-0.5891
-0.2733
 0.2018
-0.1029
-0.5575
-0.2502
 0.2055
-0.1324
-0.6133
-0.3148
 0.1465
-0.1720
-0.6298
-0.3084
 0.1778
-0.1244
-0.5654
-0.2300
 0.2672
-0.0322
-0.4849
-0.1733
 0.2985
-0.0250
-0.5006
-0.1965
 0.2738
-0.0449
-0.5083
-0.1983
 0.2836
-0.0282
-0.4963
-0.1938
 0.2714
-0.0534
-0.5367
-0.2443
 0.2082
-0.1154
-0.5934
-0.3001
 0.1640
-0.1446
-0.6032
-0.2900
 0.1887
-0.1223
-0.5856
-0.2685
 0.2225
-0.0752
-0.5240
-0.1986
 0.2807
-0.0356
-0.5197
-0.2058
 0.2664
-0.0295
-0.4727
-0.1475
 0.3445
 0.0266
-0.4357
-0.0819
 0.4190
 0.0819
-0.3903
-0.0348
 0.4320
 0.0864
-0.4269
-0.1252
 0.2991
-0.0518
-0.5232
-0.2151
 0.2783
-0.0154
-0.4793
-0.1600
 0.3230
 0.0194
-0.4607
-0.1303
 0.3520
 0.0311
-0.4416
-0.1260
 0.3586
 0.0492
-0.4081
-0.0704
 0.4155
 0.1162
-0.3400
-0.0173
 0.4719
 0.1829
-0.2890
 0.0088
 0.4570
 0.1438
-0.3488
-0.0665
 0.3754
 0.0423
-0.4466
-0.1111
 0.1451
-0.2302
-0.6914
-0.3685
 0.1162
-0.1879
-0.6558
-0.3453
 0.1380
-0.1560
-0.6197
-0.3004
 0.2071
-0.0726
-0.5125
-0.1911
 0.2969
-0.0064
-0.4631
-0.1635
 0.3217
 0.0250
-0.4458
-0.1414
 0.3310
 0.0253
-0.4469
-0.1324
 0.3451
 0.0377
-0.4229
-0.1114
 0.3669
 0.0635
-0.4155
-0.0949
 0.3857
 0.0867
-0.3780
-0.0699
 0.3982
 0.0731
-0.4158
-0.1226
 0.3411
 0.0298
-0.4455
-0.1305
 0.3578
 0.0532
-0.4261
-0.1167
 0.3573
 0.0460
-0.4336
-0.1271
 0.3464
 0.0425
-0.4455
-0.1233
 0.3634
 0.0625
-0.4168
-0.1127
 0.3560
 0.0433
-0.4328
-0.1271
 0.3586
 0.0689
-0.4006
-0.0800
 0.4046
 0.1053
-0.3714
-0.0627
 0.4136
 0.1135
-0.3724
-0.0678
 0.4115
 0.1085
-0.3615
-0.0468
 0.4240
 0.1114
-0.3716
-0.0840
 0.3908
 0.0899
-0.3879
-0.0821
 0.3873
 0.0707
-0.4115
-0.1095
 0.3831
 0.0917
-0.3791
-0.0542
 0.4293
 0.1284
-0.3475
-0.0463
 0.4240
 0.1154
-0.3536
-0.0425
 0.4413
 0.1356
-0.3443
-0.0348
 0.4455
 0.1446
-0.3326
-0.0282
 0.4479
 0.1396
-0.3379
-0.0316
 0.4543
 0.1576
-0.3267
-0.0261
 0.4514
 0.1356
-0.3565
-0.0643
 0.4065
 0.0936
-0.4019
-0.1069
 0.3653
 0.0526
-0.4293
-0.1135
 0.3815
 0.0851
-0.3982
-0.0888
 0.3841
 0.0670
-0.4315
-0.1319
 0.3440
 0.0314
-0.4564
-0.1494
 0.3376
 0.0380
-0.4400
-0.1154
 0.3926
 0.1106
-0.3525
-0.0215
 0.4838
 0.1999
-0.2704
 0.0439
 0.5354
 0.2525
-0.2204
 0.0970
 0.5801
 0.2669
-0.2464
 0.0197
 0.4692
 0.1451
-0.3578
-0.0641
 0.4195
 0.1236
-0.3485
-0.0314
 0.4586
 0.1664
-0.3150
-0.0088
 0.4743
 0.1725
-0.3219
-0.0242
 0.4599
 0.1563
-0.3360
-0.0343
 0.4466
 0.1390
-0.3591
-0.0691
 0.4022
 0.0970
-0.3940
-0.0885
 0.4004
 0.0978
-0.3799
-0.0606
 0.4240
 0.1172
-0.3775
-0.0853
 0.3950
 0.0840
-0.4091
-0.1127
 0.3573
 0.0423
-0.4711
-0.1842
 0.3262
-0.2108
-0.7709
-0.4705
 0.0316
-0.2541
-0.7327
-0.4362
 0.0574
-0.2424
-0.7287
-0.4211
 0.0893
-0.1917
-0.6550
-0.3347
 0.1856
-0.1018
-0.5830
-0.2767
 0.2390
-0.0572
-0.5460
-0.2549
 0.2430
-0.0449
-0.5354
-0.2323
 0.2767
-0.0061
-0.4873
-0.1829
 0.3217
 0.0284
-0.4724
-0.1691
 0.3264
 0.0287
-0.4647
-0.1608
 0.3211
 0.0157
-0.4817
-0.1818
 0.3129
 0.0194
-0.4785
-0.1832
 0.3201
 0.0327
-0.4634
-0.1755
 0.3015
 0.0008
-0.4881
-0.1840
 0.3251
 0.0473
-0.4341
-0.1289
 0.3679
 0.0723
-0.4275
-0.1436
 0.3445
 0.0393
-0.4586
-0.1603
 0.3480
 0.0728
-0.3996
-0.0792
 0.4338
 0.1624
-0.3193
-0.0146
 0.4945
 0.2036
-0.2900
 0.0021
 0.4947
 0.2007
-0.3118
-0.0263
 0.4642
 0.1627
-0.3482
-0.0726
 0.4043
 0.1029
-0.3879
-0.0976
 0.3950
 0.1114
-0.3812
-0.0965
 0.3980
 0.1114
-0.3847
-0.0976
 0.3937
 0.1087
-0.3905
-0.1008
 0.3921
 0.1053
-0.3905
-0.0946
 0.4105
 0.1271
-0.3655
-0.0784
 0.4123
 0.1148
-0.3964
-0.1191
 0.3629
 0.0638
-0.4522
-0.1688
 0.3254
 0.0407
-0.4522
-0.1558
 0.3453
 0.0625
-0.4368
-0.1441
 0.3565
 0.0864
-0.4038
-0.1090
 0.3942
 0.1047
-0.4065
-0.1324
 0.3490
 0.0601
-0.4522
-0.1683
 0.3344
 0.0622
-0.4384
-0.1507
 0.3400
 0.0473
-0.4684
-0.1797
 0.3280
 0.0625
-0.4275
-0.1292
 0.3724
 0.0962
-0.4065
-0.1252
 0.3610
 0.0702
-0.4482
-0.1707
 0.3283
 0.0428
-0.4543
-0.1505
 0.3719
 0.1135
-0.3751
-0.0686
 0.4490
 0.1786
-0.3148
-0.0133
 0.4971
 0.2201
-0.2823
-0.0013
 0.4873
 0.1957
-0.3163
-0.0327
 0.4721
 0.1906
-0.3217
-0.0391
 0.4527
 0.1568
-0.3597
-0.0933
 0.3897
 0.0798
-0.4511
-0.1858
 0.3025
 0.0114
-0.4953
-0.2018
 0.3206
 0.0481
-0.4559
-0.1741
 0.3304
 0.0500
-0.4628
-0.1816
 0.3193
 0.0292
-0.4814
-0.1965
 0.3193
 0.0399
-0.4572
-0.1459
 0.3924
 0.0404
-0.5886
-0.3182
 0.2036
-0.0665
-0.5609
-0.2815
 0.2326
-0.0316
-0.5290
-0.2323
 0.2956
 0.0197
-0.4910
-0.2121
 0.3033
 0.0213
-0.4841
-0.1970
 0.3145
 0.0261
-0.5038
-0.2491
 0.2286
-0.0542
-0.5545
-0.2581
 0.2775
 0.0152
-0.4897
-0.2055
 0.3020
 0.0128
-0.5091
-0.2387
 0.2757
 0.0043
-0.5062
-0.2249
 0.2858
 0.0152
-0.4854
-0.1965
 0.3217
 0.0505
-0.4533
-0.1611
 0.3610
 0.0899
-0.4107
-0.1218
 0.3815
 0.1034
-0.4126
-0.1342
 0.3639
 0.0816
-0.4288
-0.1377
 0.3759
 0.1039
-0.4078
-0.1337
 0.3597
 0.0755
-0.4293
-0.1412
 0.3738
 0.0960
-0.4174
-0.1409
 0.3626
 0.0925
-0.4253
-0.1438
 0.3722
 0.1124
-0.3932
-0.1055
 0.4227
 0.1563
-0.3618
-0.0949
 0.4017
 0.1199
-0.4049
-0.1420
 0.3589
 0.0816
-0.4368
-0.1630
 0.3387
 0.0611
-0.4618
-0.1911
 0.3209
 0.0505
-0.4665
-0.1879
 0.3278
 0.0580
-0.4657
-0.2044
 0.2977
 0.0292
-0.4854
-0.2020
 0.3257
 0.0670
-0.4533
-0.1856
 0.3161
 0.0316
-0.4910
-0.2140
 0.3132
 0.0441
-0.4647
-0.1869
 0.3262
 0.0455
-0.4790
-0.2074
 0.2972
 0.0138
-0.5171
-0.2411
 0.2831
 0.0104
-0.4961
-0.2175
 0.3004
 0.0396
-0.4766
-0.1999
 0.3294
 0.0683
-0.4495
-0.1736
 0.3530
 0.0984
-0.4118
-0.1249
 0.3881
 0.1101
-0.4203
-0.1627
 0.3408
 0.0683
-0.4506
-0.1877
 0.3156
 0.0420
-0.4841
-0.2185
 0.2985
 0.0316
-0.4897
-0.2228
 0.2938
 0.0234
-0.4982
-0.2329
 0.2834
 0.0311
-0.4937
-0.2180
 0.2977
 0.0290
-0.4921
-0.2310
 0.2805
 0.0104
-0.5197
-0.2634
 0.2353
-0.0226
-0.5330
-0.2789
 0.2448
 0.0074
-0.4977
-0.2151
 0.3278
 0.0768
-0.4277
-0.1515
 0.3700
 0.1186
-0.3884
-0.1090
 0.4158
 0.1752
-0.3312
-0.0508
 0.4814
 0.2374
-0.2906
-0.0439
 0.4541
 0.1717
-0.3748
-0.1393
 0.3544
 0.0930
-0.4261
-0.1669
 0.3296
 0.0558
-0.4772
-0.2262
 0.2754
 0.0032
-0.4732
-0.4602
-0.0401
-0.3065
-0.8167
-0.5604
-0.0388
-0.2802
-0.7744
-0.4910
 0.0518
-0.1683
-0.6569
-0.3780
 0.1555
-0.0816
-0.5790
-0.3129
 0.2119
-0.0276
-0.5213
-0.2592
 0.2765
 0.0452
-0.4607
-0.1903
 0.3347
 0.0872
-0.4243
-0.1664
 0.3445
 0.0872
-0.4301
-0.1757
 0.3376
 0.0763
-0.4618
-0.2310
 0.2555
-0.0157
-0.5319
-0.2922
 0.2156
-0.0330
-0.5513
-0.3198
 0.1933
-0.0614
-0.5668
-0.3171
 0.2089
-0.0332
-0.5351
-0.2741
 0.2616
 0.0266
-0.4897
-0.2268
 0.2930
 0.0455
-0.4655
-0.1991
 0.3169
 0.0588
-0.4583
-0.2034
 0.3209
 0.0715
-0.4349
-0.1643
 0.3599
 0.1159
-0.3897
-0.1319
 0.3759
 0.1069
-0.4349
-0.1930
 0.3025
 0.0234
-0.5051
-0.2704
 0.2257
-0.0425
-0.5609
-0.3169
 0.2036
-0.0335
-0.5397
-0.2839
 0.2337
-0.0170
-0.5221
-0.2751
 0.2488
-0.0013
-0.5152
-0.2536
 0.2818
 0.0460
-0.4655
-0.2052
 0.3161
 0.0723
-0.4442
-0.1770
 0.3517
 0.1039
-0.4147
-0.1630
 0.3477
 0.0771
-0.4665
-0.2151
 0.2911
 0.0327
-0.4907
-0.2337
 0.2858
 0.0319
-0.4844
-0.2281
 0.2879
 0.0210
-0.5030
-0.2563
 0.2573
 0.0000
-0.5152
-0.2605
 0.2645
 0.0138
-0.4969
-0.2233
 0.3121
 0.0747
-0.4331
-0.1582
 0.3799
 0.1316
-0.3860
-0.1178
 0.4128
 0.1590
-0.3576
-0.0994
 0.4182
 0.1638
-0.3708
-0.1167
 0.4033
 0.1401
-0.4062
-0.1720
 0.3304
 0.0449
-0.5046
-0.2666
 0.2300
-0.0444
-0.5761
-0.3440
 0.1786
-0.0758
-0.5976
-0.3647
 0.1592
-0.1077
-0.6367
-0.3953
 0.1348
-0.1178
-0.6356
-0.3799
 0.1590
-0.0872
-0.5989
-0.3453
 0.1864
-0.0657
-0.5758
-0.3190
 0.2164
-0.0237
-0.5333
-0.2664
 0.2844
 0.0572
-0.4511
-0.1747
 0.3631
 0.1132
-0.4139
-0.1542
 0.3661
 0.1074
-0.4166
-0.1558
 0.3674
 0.1055
-0.4293
-0.1895
 0.3121
 0.0396
-0.5038
-0.2613
 0.2536
-0.0058
-0.5341
-0.2882
 0.2265
-0.0306
-0.5561
-0.2868
 0.0813
-0.3015
-0.8443
-0.5949
-0.0659
-0.3076
-0.8252
-0.5678
-0.0279
-0.2658
-0.7765
-0.5088
 0.0441
-0.1770
-0.6702
-0.4025
 0.1361
-0.1061
-0.6242
-0.3887
 0.1210
-0.1454
-0.6707
-0.4328
 0.0891
-0.1651
-0.6877
-0.4370
 0.0933
-0.1587
-0.6766
-0.4296
 0.1000
-0.1393
-0.6423
-0.3903
 0.1478
-0.0899
-0.5910
-0.3347
 0.2007
-0.0308
-0.5351
-0.2863
 0.2379
-0.0133
-0.5482
-0.3214
 0.1941
-0.0686
-0.5867
-0.3485
 0.1685
-0.0920
-0.6154
-0.3836
 0.1377
-0.1095
-0.6186
-0.3615
 0.1739
-0.0681
-0.5830
-0.3456
 0.1741
-0.0816
-0.6080
-0.3791
 0.1348
-0.1303
-0.6572
-0.4134
 0.1135
-0.1276
-0.6303
-0.3794
 0.1640
-0.0726
-0.5745
-0.3161
 0.2196
-0.0207
-0.5272
-0.2674
 0.2751
 0.0452
-0.4463
-0.1707
 0.3610
 0.1260
-0.3839
-0.1207
 0.4110
 0.1598
-0.3615
-0.1236
 0.3762
 0.1111
-0.4267
-0.2012
 0.2983
 0.0404
-0.4849
-0.2347
 0.2783
 0.0205
-0.5149
-0.2906
 0.2161
-0.0505
-0.5859
-0.3629
 0.1555
-0.0872
-0.5880
-0.3514
 0.1693
-0.0843
-0.5965
-0.3591
 0.1646
-0.0787
-0.5880
-0.3488
 0.1739
-0.0800
-0.5960
-0.3554
 0.1699
-0.0734
-0.5777
-0.3142
 0.2313
-0.0074
-0.5085
-0.2510
 0.2839
 0.0521
-0.4562
-0.1991
 0.3336
 0.0938
-0.4243
-0.1747
 0.3387
 0.0957
-0.4354
-0.1949
 0.3217
 0.0601
-0.4910
-0.2544
 0.2494
-0.0077
-0.5383
-0.2999
 0.2172
-0.0343
-0.5724
-0.3538
 0.1627
-0.0907
-0.6173
-0.3756
 0.1614
-0.0638
-0.5814
-0.3482
 0.1781
-0.0683
-0.5926
-0.3591
 0.1739
-0.0654
-0.5785
-0.3427
 0.1834
-0.0569
-0.5827
-0.3427
 0.1887
-0.0370
-0.5373
-0.2783
 0.2634
 0.0383
-0.4759
-0.2233
 0.3140
 0.0787
-0.4511
-0.1978
 0.3381
 0.1095
-0.4184
-0.1757
 0.3639
 0.1263
-0.3942
-0.1473
 0.3722
 0.1220
-0.4222
-0.2015
 0.2959
 0.0298
-0.5245
-0.3049
 0.1957
-0.0614
-0.5960
-0.3687
 0.1704
-0.1715
-0.8358
-0.6287
-0.1034
-0.3461
-0.8746
-0.6537
-0.1401
-0.3929
-0.9137
-0.6689
-0.1170
-0.3137
-0.7983
-0.5293
 0.0311
-0.1638
-0.6758
-0.4208
 0.1276
-0.1082
-0.6122
-0.3724
 0.1646
-0.0758
-0.5899
-0.3373
 0.1919
-0.0428
-0.5468
-0.2980
 0.2446
 0.0189
-0.5149
-0.2685
 0.2589
 0.0077
-0.5208
-0.2916
 0.2246
-0.0276
-0.5503
-0.3246
 0.2196
-0.0181
-0.5343
-0.2930
 0.2419
 0.0037
-0.5253
-0.2895
 0.2310
-0.0226
-0.5662
-0.3432
 0.1829
-0.0521
-0.5708
-0.3304
 0.2050
-0.0372
-0.5654
-0.3326
 0.1917
-0.0585
-0.5880
-0.3578
 0.1757
-0.0659
-0.5870
-0.3485
 0.1864
-0.0545
-0.5894
-0.3621
 0.1661
-0.0805
-0.6045
-0.3703
 0.1667
-0.0558
-0.5710
-0.3118
 0.2347
 0.0114
-0.5096
-0.2701
 0.2541
 0.0181
-0.5240
-0.2935
 0.2252
-0.0399
-0.5989
-0.3950
 0.1159
-0.1428
-0.6835
-0.4485
 0.0694
-0.1669
-0.6936
-0.4559
 0.0768
-0.1534
-0.6667
-0.4179
 0.1199
-0.0997
-0.6128
-0.3645
 0.1786
-0.0479
-0.5638
-0.3246
 0.2095
-0.0356
-0.5668
-0.3360
 0.2018
-0.0292
-0.5428
-0.2919
 0.2528
 0.0245
-0.4857
-0.2361
 0.2956
 0.0580
-0.4721
-0.2315
 0.2940
 0.0561
-0.4737
-0.2246
 0.3028
 0.0683
-0.4719
-0.2408
 0.2690
 0.0136
-0.5359
-0.3171
 0.1919
-0.0542
-0.5806
-0.3512
 0.1712
-0.0771
-0.6093
-0.3847
 0.1308
-0.1364
-0.6853
-0.4517
 0.0984
-0.1210
-0.6271
-0.3754
 0.1712
-0.0508
-0.5724
-0.3243
 0.2156
-0.0242
-0.5678
-0.3528
 0.1537
-0.1082
-0.6593
-0.4386
 0.0856
-0.1531
-0.6779
-0.4323
 0.1053
-0.1271
-0.6524
-0.4078
 0.1425
-0.0867
-0.6112
-0.3650
 0.1850
-0.0401
-0.5572
-0.3259
 0.2071
-0.0354
-0.5755
-0.3379
 0.1850
-0.0667
-0.6141
-0.4049
 0.1039
-0.1534
-0.7029
-0.4910
 0.0271
-0.2124
-0.7489
-0.5104
 0.0370
-0.1922
-0.7010
-0.4354
 0.1401
-0.0646
-0.5710
-0.3241
 0.2331
 0.0436
-0.6162
-0.4915
 0.0226
-0.2137
-0.7560
-0.5237
 0.0077
-0.2369
-0.7789
-0.5513
-0.0194
-0.2448
-0.7632
-0.5101
 0.0518
-0.1539
-0.6734
-0.4251
 0.1228
-0.1175
-0.6463
-0.4182
 0.1093
-0.1369
-0.6739
-0.4477
 0.0891
-0.1475
-0.6766
-0.4469
 0.0856
-0.1614
-0.7098
-0.4910
 0.0409
-0.2164
-0.7619
-0.5378
-0.0104
-0.2525
-0.8055
-0.5761
-0.0362
-0.2555
-0.7821
-0.5463
-0.0061
-0.2214
-0.7390
-0.4766
 0.0946
-0.1143
-0.6186
-0.3568
 0.2058
-0.0215
-0.5500
-0.3182
 0.2097
-0.0431
-0.5976
-0.3863
 0.1380
-0.1109
-0.6518
-0.4275
 0.1119
-0.1180
-0.6492
-0.4222
 0.1313
-0.0928
-0.6311
-0.4139
 0.1093
-0.1398
-0.6949
-0.4780
 0.0473
-0.1911
-0.7122
-0.4772
 0.0580
-0.1747
-0.7151
-0.5051
 0.0098
-0.2462
-0.8076
-0.5854
-0.0425
-0.2581
-0.7901
-0.5439
 0.0090
-0.2206
-0.7672
-0.5468
-0.0207
-0.2512
-0.7906
-0.5354
 0.0428
-0.1534
-0.6529
-0.3903
 0.1786
-0.0367
-0.5694
-0.3435
 0.1922
-0.0556
-0.5995
-0.3685
 0.1733
-0.0614
-0.6008
-0.3788
 0.1563
-0.0885
-0.6367
-0.4214
 0.1095
-0.1196
-0.6471
-0.4025
 0.1640
-0.0524
-0.5936
-0.3879
 0.1180
-0.1571
-0.7396
-0.5609
-0.0582
-0.3124
-0.8587
-0.6229
-0.0665
-0.2781
-0.8217
-0.5949
-0.0707
-0.3137
-0.8722
-0.6529
-0.1154
-0.3392
-0.8836
-0.6625
-0.1273
-0.3610
-0.9049
-0.6678
-0.1021
-0.2922
-0.8042
-0.5338
 0.0455
-0.1385
-0.6377
-0.3820
 0.1861
-0.0253
-0.5410
-0.2927
 0.2672
 0.0606
-0.4493
-0.1925
 0.3517
 0.1244
-0.4360
-0.2260
 0.2898
 0.0415
-0.5192
-0.3052
 0.2092
-0.0412
-0.6040
-0.3985
 0.1281
-0.1098
-0.6497
-0.4184
 0.1140
-0.1388
-0.7095
-0.5144
 0.0051
-0.2424
-0.8002
-0.5936
-0.0704
-0.3094
-0.8626
-0.6324
-0.0821
-0.3017
-0.8371
-0.5936
-0.0303
-0.2276
-0.7534
-0.5128
 0.0354
-0.1949
-0.7175
-0.4628
 0.1058
-0.1047
-0.5729
-0.5575
-0.0816
-0.2908
-0.8039
-0.5455
 0.0271
-0.1810
-0.7202
-0.5096
 0.0051
-0.2459
-0.8108
-0.5976
-0.0508
-0.2658
-0.7898
-0.5482
-0.0013
-0.2222
-0.7755
-0.5561
-0.0080
-0.2329
-0.7874
-0.5678
-0.0194
-0.2342
-0.7638
-0.5319
 0.0130
-0.2087
-0.7510
-0.5234
 0.0210
-0.1986
-0.7295
-0.5024
 0.0436
-0.1786
-0.7090
-0.4790
 0.0678
-0.1481
-0.6651
-0.4184
 0.1568
-0.0396
-0.5540
-0.3169
 0.2310
 0.0085
-0.5330
-0.2961
 0.2552
 0.0383
-0.4860
-0.2369
 0.3211
 0.0933
-0.4522
-0.2196
 0.3211
 0.0962
-0.4485
-0.2201
 0.3214
 0.0893
-0.4612
-0.2284
 0.3089
 0.0670
-0.4947
-0.2826
 0.2525
 0.0239
-0.5325
-0.3148
 0.2135
-0.0287
-0.5838
-0.3852
 0.1499
-0.0976
-0.6471
-0.4328
 0.1047
-0.1372
-0.6957
-0.4977
 0.0276
-0.2071
-0.7550
-0.5277
 0.0234
-0.1935
-0.7218
-0.4836
 0.0670
-0.1414
-0.6686
-0.4418
 0.1109
-0.1167
-0.6564
-0.4301
 0.1268
-0.0848
-0.6080
-0.3578
 0.2095
-0.0013
-0.5402
-0.2985
 0.2789
 0.0845
-0.4309
-0.1763
 0.3942
 0.1874
-0.3554
-0.1273
 0.4022
 0.1765
-0.3817
-0.1709
 0.3504
 0.0960
-0.4849
-0.2813
 0.2366
-0.0266
-0.6016
-0.4073
 0.1313
-0.0936
-0.6417
-0.4277
 0.1194
-0.1138
-0.6601
-0.4612
 0.0734
-0.1661
-0.7202
-0.5139
 0.0213
-0.1917
-0.7281
-0.4963
 0.0529
-0.1667
-0.7098
-0.4966
 0.0481
-0.1717
-0.7103
-0.4868
 0.0657
-0.1412
-0.6744
-0.4549
 0.0872
-0.1369
-0.6795
-0.4498
 0.1218
-0.0606
-0.5553
-0.2860
 0.3054
 0.1257
-0.3871
-0.1340
 0.4381
 0.2326
-0.3076
-0.0843
 0.4530
 0.2063
-0.3698
-0.1840
 0.3121
 0.0407
-0.5420
-0.3475
 0.1794
-0.0614
-0.6189
-0.4089
 0.1404
-0.0829
-0.6282
-0.4190
 0.1154
-0.1305
-0.7029
-0.5075
 0.0245
-0.2042
-0.7656
-0.5553
-0.0072
-0.2230
-0.7704
-0.5391
 0.0284
-0.1731
-0.6984
-0.4620
 0.0904
-0.1313
-0.6747
-0.4009
-0.0423
-0.3459
-0.8930
-0.6439
-0.0529
-0.2347
-0.7587
-0.5224
 0.0396
-0.1677
-0.7156
-0.4889
 0.0630
-0.1518
-0.6930
-0.4679
 0.0891
-0.1265
-0.6686
-0.4458
 0.1069
-0.1212
-0.6691
-0.4535
 0.0965
-0.1244
-0.6699
-0.4511
 0.1159
-0.1050
-0.6564
-0.4426
 0.1013
-0.1284
-0.6933
-0.4846
 0.0593
-0.1688
-0.7308
-0.5319
 0.0128
-0.2034
-0.7635
-0.5596
-0.0173
-0.2393
-0.8063
-0.6058
-0.0593
-0.2658
-0.8042
-0.5572
 0.0370
-0.1449
-0.6622
-0.4323
 0.1412
-0.0641
-0.6053
-0.3953
 0.1566
-0.0795
-0.6505
-0.4546
 0.1021
-0.1069
-0.6409
-0.4240
 0.1505
-0.0606
-0.6019
-0.3754
 0.1840
-0.0396
-0.5883
-0.3754
 0.1853
-0.0316
-0.5806
-0.3730
 0.1739
-0.0505
-0.6082
-0.3972
 0.1558
-0.0694
-0.6295
-0.4333
 0.1098
-0.1196
-0.6864
-0.5022
 0.0207
-0.2121
-0.7723
-0.5506
 0.0157
-0.1842
-0.7305
-0.5155
 0.0332
-0.1792
-0.7358
-0.5250
 0.0276
-0.1709
-0.7143
-0.4883
 0.0811
-0.1098
-0.6383
-0.4118
 0.1632
-0.0335
-0.5654
-0.3291
 0.2472
 0.0534
-0.4982
-0.2810
 0.2642
 0.0449
-0.5248
-0.3259
 0.2042
-0.0242
-0.5811
-0.3748
 0.1882
-0.0066
-0.5439
-0.3233
 0.2310
 0.0157
-0.5474
-0.3480
 0.1943
-0.0314
-0.5965
-0.4065
 0.1297
-0.0978
-0.6633
-0.4785
 0.0534
-0.1781
-0.7401
-0.5428
 0.0141
-0.1872
-0.7377
-0.5311
 0.0207
-0.1930
-0.7321
-0.5112
 0.0609
-0.1337
-0.6747
-0.4719
 0.0864
-0.1263
-0.6904
-0.5006
 0.0566
-0.1393
-0.6694
-0.4413
 0.1348
-0.0564
-0.5827
-0.3682
 0.1829
-0.0343
-0.6061
-0.4147
 0.1223
-0.0946
-0.6550
-0.4612
 0.0880
-0.1319
-0.6981
-0.4907
 0.0899
-0.0747
-0.5859
-0.3475
 0.2265
 0.0311
-0.5125
-0.2919
 0.2709
 0.0566
-0.5232
-0.3331
 0.2036
-0.0253
-0.5843
-0.3972
 0.1462
-0.0787
-0.6449
-0.4535
 0.1039
-0.0901
-0.6268
-0.4200
 0.1396
-0.0752
-0.6367
-0.4533
 0.0867
-0.0712
-0.8374
-0.7225
-0.1579
-0.3198
-0.8385
-0.6066
-0.0268
-0.2105
-0.7446
-0.5176
 0.0606
-0.1273
-0.6827
-0.4841
 0.0670
-0.1451
-0.7066
-0.5085
 0.0489
-0.1502
-0.6954
-0.4737
 0.1093
-0.0665
-0.5971
-0.3844
 0.1882
-0.0019
-0.5450
-0.3371
 0.2175
 0.0008
-0.5649
-0.3860
 0.1537
-0.0681
-0.6324
-0.4440
 0.1202
-0.0867
-0.6526
-0.4721
 0.0877
-0.1074
-0.6476
-0.4429
 0.1106
-0.0981
-0.6545
-0.4583
 0.1079
-0.0856
-0.6356
-0.4450
 0.1085
-0.0914
-0.6335
-0.4256
 0.1518
-0.0197
-0.5513
-0.3238
 0.2605
 0.0798
-0.4626
-0.2432
 0.3307
 0.1529
-0.3735
-0.1287
 0.4671
 0.2945
-0.2483
-0.0295
 0.5394
 0.3307
-0.2398
-0.0409
 0.5096
 0.3025
-0.2491
-0.0425
 0.5205
 0.3094
-0.2765
-0.0962
 0.4373
 0.2063
-0.3860
-0.2108
 0.3145
 0.0922
-0.4963
-0.3206
 0.2132
-0.0130
-0.5944
-0.4253
 0.1074
-0.1098
-0.6715
-0.4857
 0.0723
-0.1273
-0.6803
-0.4844
 0.0872
-0.1085
-0.6665
-0.4657
 0.1140
-0.0704
-0.6066
-0.3953
 0.1893
 0.0056
-0.5447
-0.3416
 0.2334
 0.0500
-0.5059
-0.2972
 0.2781
 0.1013
-0.4373
-0.2012
 0.3929
 0.2361
-0.2900
-0.0577
 0.5282
 0.3424
-0.2196
-0.0199
 0.5412
 0.3443
-0.2246
-0.0306
 0.5176
 0.2985
-0.2829
-0.0984
 0.4493
 0.2470
-0.3070
-0.1109
 0.4333
 0.2268
-0.3708
-0.2161
 0.3140
 0.0763
-0.5426
-0.3913
 0.1316
-0.0960
-0.6686
-0.4833
 0.0782
-0.1140
-0.6646
-0.4764
 0.0925
-0.0938
-0.6425
-0.4458
 0.1380
-0.0330
-0.5665
-0.3554
 0.2310
 0.0468
-0.5117
-0.3129
 0.2448
 0.0476
-0.5168
-0.3036
 0.2890
 0.1444
-0.3756
-0.1342
 0.4655
 0.2850
-0.2688
-0.0673
 0.4918
 0.2945
-0.2767
-0.0819
 0.4737
 0.2688
-0.3137
-0.1303
 0.4184
 0.2124
-0.3607
-0.1757
 0.3820
 0.1933
-0.3711
-0.1760
 0.3868
 0.1986
-0.3685
-0.1789
 0.3724
 0.1773
-0.3966
-0.2042
 0.3498
 0.1335
-0.4471
-0.3461
 0.0532
-0.1693
-0.7358
-0.5293
 0.0558
-0.1218
-0.6768
-0.4817
 0.0989
-0.0691
-0.6082
-0.4009
 0.1744
-0.0120
-0.5742
-0.3876
 0.1786
-0.0021
-0.5466
-0.3347
 0.2480
 0.0811
-0.4671
-0.2626
 0.3108
 0.1327
-0.4235
-0.2164
 0.3549
 0.1752
-0.3807
-0.1856
 0.3889
 0.2137
-0.3416
-0.1353
 0.4397
 0.2595
-0.2985
-0.0920
 0.4785
 0.2940
-0.2733
-0.0859
 0.4801
 0.2983
-0.2759
-0.1023
 0.4453
 0.2387
-0.3506
-0.1816
 0.3740
 0.1635
-0.4304
-0.2650
 0.2858
 0.0912
-0.4849
-0.3044
 0.2520
 0.0529
-0.5218
-0.3278
 0.2414
 0.0651
-0.5051
-0.3259
 0.2398
 0.0569
-0.5096
-0.3150
 0.2701
 0.1178
-0.4144
-0.1882
 0.4049
 0.2419
-0.3158
-0.1175
 0.4583
 0.2892
-0.2653
-0.0619
 0.5208
 0.3525
-0.2124
-0.0263
 0.5290
 0.3296
-0.2698
-0.1124
 0.4192
 0.2063
-0.3740
-0.2004
 0.3522
 0.1568
-0.4341
-0.2701
 0.2664
 0.0367
-0.5814
-0.4384
 0.0944
-0.1087
-0.6848
-0.5072
 0.0641
-0.1263
-0.6968
-0.5245
 0.0377
-0.1380
-0.7005
-0.5163
 0.0569
-0.1170
-0.6779
-0.4862
 0.0965
-0.0718
-0.6237
-0.4362
 0.1550
-0.0112
-0.5856
-0.4105
 0.1648
-0.0019
-0.5420
-0.3323
 0.2757
 0.1446
-0.3847
-0.1640
 0.4307
 0.2704
-0.2836
-0.0914
 0.4886
 0.3028
-0.2680
-0.0899
 0.4772
 0.2712
-0.3241
-0.1595
 0.3921
 0.1922
-0.3998
-0.2363
 0.3052
 0.1148
-0.4538
-0.2783
 0.2778
 0.0813
-0.5250
-0.3857
 0.1364
-0.0736
-0.6585
-0.5192
 0.0340
-0.1515
-0.7191
-0.5452
 0.0138
-0.1720
-0.7436
-0.5622
 0.0104
-0.1539
-0.7077
-0.5224
 0.0580
-0.1055
-0.6431
-0.4530
 0.1316
-0.0314
-0.5827
-0.3958
 0.1895
 0.0258
-0.5234
-0.3331
 0.2536
 0.0965
-0.4538
-0.2541
 0.3344
 0.1824
-0.3687
-0.1773
 0.4025
 0.2260
-0.3453
-0.1757
 0.3762
 0.1784
-0.4147
-0.2592
 0.2945
 0.1159
-0.4551
-0.2823
 0.2781
 0.0880
-0.5043
-0.3049
 0.0149
-0.2595
-0.8531
-0.6973
-0.1273
-0.2983
-0.8797
-0.7215
-0.1587
-0.3482
-0.9286
-0.7619
-0.1911
-0.3594
-0.9368
-0.7656
-0.1856
-0.3350
-0.8914
-0.6960
-0.1087
-0.2789
-0.8560
-0.6875
-0.0962
-0.2315
-0.7683
-0.5612
 0.0460
-0.0973
-0.6391
-0.4519
 0.1380
-0.0199
-0.5694
-0.3857
 0.2042
 0.0593
-0.4790
-0.2565
 0.3570
 0.2307
-0.3118
-0.1138
 0.4599
 0.2903
-0.2953
-0.1350
 0.4328
 0.2552
-0.3294
-0.1560
 0.4097
 0.2292
-0.3687
-0.2132
 0.3251
 0.1188
-0.4979
-0.3671
 0.1619
-0.0306
-0.6149
-0.4556
 0.1074
-0.0723
-0.6689
-0.5298
 0.0324
-0.1300
-0.6856
-0.5035
 0.0813
-0.0659
-0.6258
-0.4673
 0.1000
-0.0835
-0.6619
-0.5152
 0.0540
-0.1196
-0.6949
-0.5394
 0.0391
-0.1148
-0.6728
-0.4899
 0.1111
-0.0234
-0.5572
-0.3591
 0.2510
 0.1122
-0.4360
-0.2432
 0.3432
 0.1816
-0.3977
-0.2209
 0.3576
 0.2026
-0.3711
-0.2055
 0.3647
 0.1935
-0.3916
-0.2315
 0.3262
 0.1632
-0.4120
-0.2475
 0.3214
 0.1475
-0.4392
-0.2826
 0.2515
 0.0505
-0.5569
-0.4317
 0.1119
-0.0704
-0.6532
-0.4977
 0.0803
-0.0869
-0.6704
-0.5266
 0.0441
-0.1050
-0.6681
-0.5024
 0.0827
-0.0819
-0.6537
-0.4977
 0.0683
-0.0984
-0.6864
-0.5370
 0.0593
-0.0654
-0.5952
-0.4025
 0.2066
 0.0710
-0.4870
-0.3012
 0.2890
 0.1396
-0.4267
-0.2541
 0.3270
 0.1752
-0.3924
-0.2161
 0.3655
 0.2105
-0.3615
-0.2004
 0.3687
 0.2111
-0.3538
-0.1983
 0.3698
 0.2031
-0.3966
-0.2693
 0.2839
 0.1172
-0.4764
-0.3400
 0.2198
 0.0354
-0.5803
-0.4506
 0.0893
-0.0992
-0.6917
-0.5567
 0.0183
-0.1220
-0.6840
-0.5163
 0.0787
-0.0588
-0.6186
-0.4657
 0.1138
-0.0348
-0.6125
-0.4626
 0.1300
-0.0080
-0.5745
-0.4373
 0.1132
-0.0710
-0.6577
-0.5032
 0.1021
-0.0221
-0.5601
-0.3748
 0.2358
 0.1154
-0.4418
-0.2658
 0.3262
 0.1909
-0.3775
-0.2108
 0.4214
 0.0715
-0.6096
-0.4745
 0.1058
-0.0417
-0.6271
-0.4961
 0.0670
-0.0925
-0.6782
-0.5399
 0.0245
-0.1313
-0.7098
-0.5702
 0.0072
-0.1521
-0.7489
-0.6205
-0.0545
-0.2084
-0.7927
-0.6444
-0.0588
-0.1903
-0.7638
-0.6207
-0.0492
-0.1951
-0.7784
-0.6229
-0.0343
-0.1640
-0.7324
-0.5745
 0.0223
-0.0941
-0.6529
-0.5024
 0.0768
-0.0630
-0.6316
-0.4793
 0.1215
 0.0035
-0.5540
-0.3953
 0.1957
 0.0588
-0.5194
-0.3724
 0.2044
 0.0622
-0.5192
-0.3591
 0.2350
 0.1127
-0.4517
-0.2927
 0.3004
 0.1741
-0.3977
-0.2464
 0.3318
 0.1909
-0.3913
-0.2552
 0.3267
 0.1906
-0.3852
-0.2432
 0.3262
 0.1731
-0.4235
-0.3057
 0.2440
 0.0816
-0.5101
-0.3852
 0.1757
 0.0223
-0.5734
-0.4538
 0.1109
-0.0452
-0.6308
-0.5101
 0.0635
-0.0827
-0.6601
-0.5306
 0.0526
-0.0843
-0.6566
-0.5341
 0.0542
-0.0670
-0.6311
-0.4995
 0.0798
-0.0556
-0.6300
-0.5035
 0.0827
-0.0521
-0.6290
-0.4939
 0.0917
-0.0457
-0.6258
-0.4961
 0.1098
 0.0096
-0.5354
-0.3711
 0.2456
 0.1619
-0.3756
-0.2047
 0.4070
 0.2991
-0.2751
-0.1284
 0.4556
 0.3174
-0.2733
-0.1507
 0.4155
 0.2664
-0.3506
-0.2419
 0.3161
 0.1651
-0.4317
-0.3227
 0.2406
 0.1058
-0.4913
-0.3825
 0.1757
 0.0234
-0.5910
-0.4942
 0.0558
-0.0907
-0.6755
-0.5615
 0.0205
-0.0899
-0.6614
-0.5293
 0.0667
-0.0441
-0.6101
-0.4873
 0.1002
-0.0133
-0.5798
-0.4416
 0.1595
 0.0540
-0.5261
-0.3988
 0.1821
 0.0675
-0.5062
-0.3711
 0.2198
 0.1098
-0.4546
-0.3137
 0.2898
 0.1829
-0.3863
-0.2544
 0.3315
 0.2066
-0.3857
-0.2751
 0.2892
 0.1576
-0.4429
-0.3347
 0.2406
 0.1135
-0.4846
-0.3724
 0.2050
 0.0763
-0.5125
-0.3977
 0.1808
 0.0516
-0.5516
-0.4442
 0.1300
 0.0077
-0.5750
-0.4602
 0.1348
 0.0263
-0.5545
-0.4349
 0.1584
 0.0622
-0.5314
-0.4293
 0.1531
 0.0367
-0.5450
-0.4291
 0.1563
 0.0393
-0.7568
-0.7015
-0.1263
-0.2321
-0.8129
-0.6917
-0.0869
-0.1802
-0.7513
-0.6290
-0.0242
-0.1183
-0.6928
-0.5657
 0.0343
-0.0537
-0.6197
-0.4963
 0.1087
 0.0058
-0.5734
-0.4628
 0.1287
 0.0279
-0.5482
-0.4293
 0.1640
 0.0683
-0.4974
-0.3631
 0.2390
 0.1388
-0.4432
-0.3358
 0.2427
 0.1303
-0.4564
-0.3512
 0.2116
 0.0736
-0.5535
-0.4753
 0.0813
-0.0455
-0.6425
-0.5460
 0.0404
-0.0617
-0.6369
-0.5314
 0.0614
-0.0404
-0.6197
-0.5200
 0.0811
-0.0072
-0.5827
-0.4894
 0.0869
-0.0250
-0.6069
-0.5016
 0.0986
 0.0088
-0.5596
-0.4477
 0.1590
 0.0774
-0.4886
-0.3711
 0.2230
 0.1268
-0.4556
-0.3496
 0.2488
 0.1608
-0.4128
-0.2945
 0.2898
 0.1869
-0.3980
-0.2839
 0.3049
 0.2145
-0.3767
-0.2860
 0.2914
 0.1834
-0.4094
-0.3158
 0.2573
 0.1531
-0.4543
-0.3788
 0.1988
 0.1109
-0.4745
-0.3788
 0.2028
 0.1013
-0.5032
-0.4171
 0.1576
 0.0595
-0.5333
-0.4304
 0.1568
 0.0617
-0.5250
-0.4190
 0.1887
 0.1154
-0.4578
-0.3488
 0.2408
 0.1438
-0.4466
-0.3594
 0.2265
 0.1396
-0.4373
-0.3376
 0.2470
 0.1568
-0.4222
-0.3294
 0.2536
 0.1404
-0.4713
-0.4019
 0.1680
 0.0728
-0.5128
-0.4182
 0.1797
 0.1053
-0.4642
-0.3669
 0.2230
 0.1348
-0.4588
-0.3663
 0.2260
 0.1603
-0.3972
-0.2677
 0.3464
 0.2714
-0.3009
-0.2217
 0.3469
 0.2552
-0.3506
-0.2720
 0.2951
 0.1707
-0.4466
-0.3770
 0.1879
 0.0920
-0.5179
-0.4493
 0.1204
 0.0226
-0.5583
-0.4615
 0.1478
 0.0805
-0.4979
-0.4019
 0.1866
 0.0962
-0.5038
-0.4381
 0.1303
 0.0338
-0.5622
-0.4620
 0.1361
 0.0720
-0.4939
-0.3887
 0.2228
 0.1542
-0.4229
-0.3264
 0.2762
 0.2026
-0.3762
-0.2725
 0.3344
 0.2836
-0.2895
-0.1965
 0.4009
 0.3336
-0.2478
-0.1624
 0.4245
 0.3576
-0.2228
-0.1244
 0.4636
 0.3732
-0.2539
-0.2180
 0.3283
 0.2103
-0.4147
-0.3552
 0.2164
 0.1284
-0.4142
-0.5545
-0.0819
-0.1853
-0.7864
-0.7244
-0.1467
-0.2249
-0.8052
-0.7247
-0.1143
-0.1693
-0.7446
-0.6484
-0.0391
-0.0888
-0.6611
-0.5697
 0.0175
-0.0561
-0.6484
-0.5641
 0.0412
-0.0114
-0.5833
-0.4982
 0.1047
 0.0436
-0.5439
-0.4692
 0.1132
 0.0423
-0.5386
-0.4612
 0.1353
 0.0755
-0.4907
-0.3998
 0.1941
 0.1178
-0.4822
-0.4152
 0.1664
 0.0837
-0.5264
-0.4498
 0.1449
 0.0758
-0.4955
-0.4102
 0.1856
 0.1202
-0.4620
-0.3767
 0.2361
 0.1893
-0.3615
-0.2472
 0.3610
 0.3171
-0.2504
-0.1688
 0.4299
 0.3597
-0.2398
-0.1885
 0.3740
 0.2794
-0.3331
-0.2930
 0.2581
 0.1592
-0.4530
-0.3985
 0.1941
 0.1356
-0.4453
-0.3650
 0.2217
 0.1473
-0.4509
-0.3865
 0.1959
 0.1194
-0.4873
-0.4307
 0.1348
 0.0489
-0.5492
-0.4854
 0.1055
 0.0572
-0.5163
-0.4256
 0.1741
 0.1114
-0.4809
-0.4174
 0.1622
 0.0925
-0.5019
-0.4317
 0.1603
 0.0960
-0.4926
-0.4229
 0.1664
 0.1085
-0.4759
-0.3825
 0.2307
 0.1887
-0.3682
-0.2743
 0.3318
 0.2821
-0.2932
-0.2113
 0.3857
 0.3267
-0.2544
-0.1810
 0.4062
 0.3440
-0.2472
-0.1895
 0.3815
 0.3020
-0.3025
-0.2472
 0.3342
 0.2624
-0.3283
-0.2688
 0.3078
 0.2297
-0.3825
-0.3509
 0.1954
 0.0962
-0.5200
-0.4844
 0.0859
 0.0144
-0.5684
-0.5062
 0.0864
 0.0298
-0.5561
-0.4907
 0.1069
 0.0449
-0.5370
-0.4612
 0.1281
 0.0595
-0.5383
-0.4902
 0.0731
 0.0125
-0.5654
-0.5006
 0.0899
 0.0412
-0.5285
-0.4469
 0.1499
 0.0936
-0.5038
-0.4530
 0.1382
 0.0837
-0.5051
-0.4344
 0.1576
 0.0992
-0.4947
-0.4416
 0.1263
 0.0513
-0.5532
-0.5064
 0.0638
-0.0035
-0.5920
-0.5277
 0.0891
 0.0593
-0.5088
-0.4158
 0.1877
 0.1510
-0.4275
-0.3711
 0.2156
 0.1499
-0.4503
-0.3897
 0.2023
 0.1489
-0.4256
-0.3576
 0.2408
 0.1980
-0.3900
-0.3177
 0.2634
 0.1922
-0.4160
-0.3650
 0.2172
 0.1568
-0.4413
-0.3533
-0.0133
-0.1643
-0.7850
-0.7428
-0.1505
-0.1864
-0.7646
-0.7002
-0.0888
-0.1239
-0.7042
-0.6529
-0.0750
-0.1406
-0.7422
-0.6960
-0.1002
-0.1552
-0.7454
-0.6760
-0.0603
-0.0880
-0.6635
-0.5984
 0.0189
-0.0061
-0.5803
-0.5117
 0.1047
 0.0718
-0.4998
-0.4291
 0.1808
 0.1470
-0.4304
-0.3525
 0.2608
 0.2217
-0.3560
-0.2972
 0.3068
 0.2603
-0.3352
-0.2876
 0.3092
 0.2523
-0.3429
-0.2916
 0.3007
 0.2414
-0.3669
-0.3304
 0.2430
 0.1638
-0.4594
-0.4235
 0.1731
 0.1164
-0.4942
-0.4450
 0.1475
 0.0992
-0.4982
-0.4418
 0.1518
 0.1045
-0.4902
-0.4264
 0.1786
 0.1390
-0.4594
-0.4006
 0.2145
 0.1824
-0.4075
-0.3400
 0.2775
 0.2406
-0.3522
-0.2852
 0.3262
 0.2943
-0.2972
-0.2435
 0.3493
 0.2983
-0.3054
-0.2592
 0.3459
 0.3081
-0.2961
-0.2557
 0.3249
 0.2520
-0.3751
-0.3456
 0.2387
 0.1707
-0.4437
-0.4078
 0.1781
 0.1218
-0.4820
-0.4437
 0.1499
 0.1047
-0.4953
-0.4525
 0.1550
 0.1215
-0.4671
-0.4126
 0.1935
 0.1510
-0.4463
-0.4144
 0.1664
 0.1138
-0.4809
-0.4222
 0.1879
 0.1619
-0.4336
-0.3817
 0.2111
 0.1627
-0.4479
-0.4089
 0.1797
 0.1191
-0.4939
-0.4570
 0.1457
 0.1071
-0.4886
-0.4288
 0.1957
 0.1691
-0.4062
-0.3427
 0.2698
 0.2385
-0.3467
-0.2810
 0.3389
 0.3036
-0.3039
-0.2680
 0.3222
 0.2685
-0.3482
-0.3161
 0.2549
 0.1882
-0.4437
-0.4182
 0.1664
 0.1127
-0.5056
-0.4748
 0.1079
 0.0415
-0.5793
-0.5423
 0.0494
 0.0037
-0.6045
-0.5830
 0.0024
-0.0423
-0.6595
-0.6268
-0.0165
-0.0417
-0.6377
-0.5973
 0.0074
-0.0290
-0.6287
-0.6008
 0.0082
-0.0114
-0.6074
-0.5694
 0.0380
 0.0253
-0.5508
-0.4883
 0.1223
 0.0917
-0.5019
-0.4586
 0.1374
 0.0944
-0.5123
-0.4692
 0.1260
 0.0944
-0.5083
-0.4607
 0.1374
 0.1095
-0.4822
-0.4320
 0.1887
 0.1675
-0.4107
-0.3482
 0.2645
 0.2470
-0.3533
-0.3193
 0.2781
 0.2198
-0.5774
-0.5912
-0.0005
-0.0348
-0.6425
-0.6178
-0.0239
-0.0590
-0.6601
-0.6263
-0.0237
-0.0550
-0.6606
-0.6383
-0.0348
-0.0710
-0.6853
-0.6585
-0.0606
-0.0914
-0.6981
-0.6728
-0.0744
-0.1103
-0.7231
-0.6928
-0.0856
-0.1023
-0.6864
-0.6364
-0.0173
-0.0292
-0.6274
-0.5944
 0.0152
-0.0114
-0.6053
-0.5694
 0.0489
 0.0391
-0.5516
-0.5088
 0.0880
 0.0489
-0.5455
-0.4875
 0.1342
 0.1146
-0.4969
-0.4804
 0.1146
 0.0750
-0.5410
-0.5253
 0.0614
 0.0202
-0.5880
-0.5561
 0.0526
 0.0436
-0.5354
-0.4628
 0.1914
 0.2092
-0.3589
-0.2916
 0.3368
 0.3161
-0.2852
-0.2523
 0.3610
 0.3395
-0.2672
-0.2353
 0.3634
 0.3238
-0.3001
-0.2959
 0.2826
 0.2175
-0.4035
-0.3847
 0.2066
 0.1741
-0.4485
-0.4248
 0.1837
 0.1380
-0.4929
-0.4745
 0.1029
 0.0545
-0.5745
-0.5705
 0.0167
-0.0221
-0.6276
-0.5979
 0.0287
 0.0327
-0.5625
-0.5288
 0.0864
 0.0556
-0.5492
-0.5357
 0.0492
-0.0051
-0.6247
-0.6096
 0.0021
-0.0090
-0.6021
-0.5689
 0.0598
 0.0542
-0.5450
-0.5096
 0.1005
 0.0800
-0.5109
-0.4615
 0.1661
 0.1539
-0.4471
-0.4049
 0.1973
 0.1701
-0.4466
-0.4317
 0.1685
 0.1220
-0.5062
-0.4846
 0.1095
 0.0774
-0.5274
-0.4979
 0.1085
 0.0872
-0.5152
-0.4820
 0.1295
 0.1122
-0.4913
-0.4660
 0.1324
 0.0912
-0.5415
-0.5343
 0.0572
 0.0141
-0.5973
-0.5721
 0.0415
 0.0340
-0.5519
-0.5062
 0.1106
 0.1016
-0.5019
-0.4668
 0.1390
 0.1172
-0.4963
-0.4681
 0.1350
 0.1148
-0.4873
-0.4604
 0.1404
 0.1095
-0.4950
-0.4652
 0.1422
 0.1289
-0.4660
-0.4187
 0.2105
 0.2058
-0.3945
-0.3661
 0.2499
 0.2297
-0.3860
-0.3642
 0.2406
 0.2228
-0.3950
-0.3887
 0.1996
 0.1550
-0.4724
-0.4586
 0.1321
 0.1005
-0.5192
-0.5030
 0.1029
 0.0747
-0.5391
-0.5397
 0.0441
-0.0019
-0.6237
-0.6268
-0.0287
-0.0505
-0.6635
-0.6478
-0.0367
-0.0471
-0.7066
-0.8467
-0.2581
-0.2645
-0.8616
-0.8276
-0.2026
-0.2026
-0.8042
-0.7800
-0.1473
-0.1382
-0.7239
-0.6957
-0.0845
-0.0973
-0.7079
-0.6864
-0.0723
-0.0784
-0.6840
-0.6447
-0.0093
-0.0008
-0.5763
-0.5266
 0.1199
 0.1350
-0.4495
-0.4323
 0.1747
 0.1505
-0.4735
-0.4660
 0.1204
 0.0912
-0.5237
-0.5200
 0.0704
 0.0404
-0.5785
-0.5747
 0.0253
-0.0074
-0.6189
-0.5984
 0.0101
 0.0005
-0.6072
-0.6003
-0.0008
-0.0263
-0.6457
-0.6377
-0.0290
-0.0463
-0.6566
-0.6452
-0.0356
-0.0465
-0.6553
-0.6380
-0.0144
-0.0144
-0.6197
-0.6013
 0.0149
 0.0021
-0.6122
-0.6032
 0.0130
 0.0090
-0.5934
-0.5697
 0.0505
 0.0542
-0.5402
-0.5234
 0.0787
 0.0614
-0.5301
-0.4934
 0.1300
 0.1199
-0.5035
-0.5038
 0.0832
 0.0529
-0.5622
-0.5378
 0.0776
 0.0702
-0.5354
-0.5043
 0.1191
 0.1263
-0.4668
-0.4373
 0.1874
 0.1949
-0.4059
-0.3791
 0.2214
 0.2015
-0.4046
-0.3887
 0.2015
 0.1850
-0.4214
-0.4059
 0.1986
 0.1778
-0.4323
-0.4413
 0.1433
 0.1255
-0.4950
-0.4966
 0.0973
 0.0689
-0.5548
-0.5540
 0.0332
 0.0003
-0.6335
-0.6471
-0.0694
-0.1031
-0.7396
-0.7523
-0.1473
-0.1465
-0.7467
-0.7273
-0.1021
-0.1037
-0.7005
-0.6797
-0.0617
-0.0694
-0.6747
-0.6646
-0.0582
-0.0646
-0.6840
-0.6782
-0.0665
-0.0582
-0.6569
-0.6343
 0.0003
 0.0279
-0.5572
-0.5290
 0.0960
 0.1005
-0.4907
-0.4774
 0.1249
 0.1148
-0.4937
-0.4820
 0.1175
 0.1191
-0.4982
-0.4995
 0.0989
 0.0723
-0.5412
-0.5330
 0.0574
 0.0377
-0.5737
-0.5782
 0.0149
-0.0037
-0.6210
-0.6383
-0.0391
-0.0489
-0.6651
-0.6675
-0.0643
-0.0712
-0.6851
-0.6954
-0.1016
-0.1023
-0.7106
-0.7175
-0.1382
-0.1515
-0.7430
-0.7279
-0.1050
-0.1005
-0.7069
-0.7135
-0.1090
-0.1196
-0.7300
-0.7345
-0.1316
-0.1337
-0.7366
-0.7353
-0.1194
-0.0965
-0.6880
-0.6782
-0.0468
-0.0308
-0.6295
-0.6210
-0.0558
-0.2180
-0.8549
-0.8525
-0.2398
-0.2337
-0.8672
-0.8908
-0.3036
-0.3004
-0.8969
-0.8842
-0.2581
-0.2313
-0.8294
-0.8127
-0.1792
-0.1624
-0.7592
-0.7616
-0.1624
-0.1624
-0.7728
-0.7781
-0.1691
-0.1622
-0.7659
-0.7643
-0.1547
-0.1502
-0.7483
-0.7459
-0.1231
-0.1045
-0.6992
-0.6904
-0.0813
-0.0744
-0.6829
-0.6949
-0.0960
-0.1002
-0.7183
-0.7396
-0.1449
-0.1473
-0.7521
-0.7590
-0.1449
-0.1372
-0.7420
-0.7334
-0.1196
-0.0946
-0.6883
-0.6808
-0.0601
-0.0521
-0.6649
-0.6747
-0.0726
-0.0593
-0.6518
-0.6423
-0.0181
 0.0085
-0.5910
-0.5878
 0.0231
 0.0292
-0.5896
-0.6112
-0.0160
-0.0101
-0.6439
-0.6601
-0.0412
-0.0213
-0.6114
-0.6000
 0.0226
 0.0473
-0.5495
-0.5402
 0.0803
 0.1016
-0.4998
-0.5022
 0.1202
 0.1409
-0.4490
-0.4370
 0.1805
 0.1959
-0.3966
-0.4019
 0.1930
 0.1879
-0.4328
-0.4549
 0.1276
 0.1109
-0.5192
-0.5617
 0.0104
-0.0098
-0.6439
-0.6816
-0.0949
-0.0978
-0.7085
-0.7191
-0.1199
-0.1111
-0.7287
-0.7481
-0.1420
-0.1297
-0.7345
-0.7433
-0.1279
-0.1029
-0.7039
-0.7348
-0.1398
-0.1271
-0.7284
-0.7441
-0.1377
-0.1124
-0.7111
-0.7215
-0.1069
-0.0795
-0.6699
-0.6715
-0.0505
-0.0322
-0.6383
-0.6518
-0.0375
-0.0194
-0.6250
-0.6449
-0.0306
 0.0061
-0.5957
-0.6133
-0.0112
 0.0125
-0.6029
-0.6159
-0.0093
 0.0175
-0.5803
-0.5931
 0.0226
 0.0439
-0.5628
-0.5769
 0.0372
 0.0595
-0.5447
-0.5423
 0.0683
 0.0976
-0.4873
-0.4801
 0.1388
 0.1760
-0.4240
-0.4413
 0.1563
 0.1712
-0.4237
-0.4336
 0.1810
 0.2135
-0.3852
-0.4067
 0.1848
 0.1837
-0.4509
-0.4990
 0.0678
 0.0425
-0.5976
-0.6542
-0.0819
-0.0816
-0.7066
-0.7396
-0.1342
-0.1082
-0.7058
-0.7321
-0.1287
-0.1124
-0.7337
-0.7725
-0.1850
-0.1760
-0.7919
-0.8212
-0.2105
-0.1757
-0.7715
-0.7954
-0.1858
-0.1499
-0.7449
-0.7699
-0.1518
-0.2007
-0.9530
-1.0099
-0.4022
-0.3631
-0.9576
-0.9732
-0.3514
-0.2985
-0.8751
-0.8786
-0.2416
-0.1747
-0.7502
-0.7566
-0.1353
-0.0843
-0.6681
-0.6675
-0.0417
 0.0136
-0.5827
-0.6290
-0.0388
-0.0011
-0.6043
-0.6303
-0.0261
 0.0024
-0.6085
-0.6473
-0.0569
-0.0425
-0.6720
-0.7178
-0.1154
-0.0683
-0.6489
-0.6577
-0.0202
 0.0476
-0.5303
-0.5391
 0.0776
 0.1124
-0.4883
-0.5064
 0.1055
 0.1409
-0.4583
-0.4870
 0.1127
 0.1449
-0.4583
-0.4974
 0.0944
 0.1207
-0.4926
-0.5317
 0.0654
 0.0986
-0.4979
-0.5314
 0.0641
 0.0803
-0.5426
-0.5912
-0.0202
-0.0077
-0.6324
-0.7066
-0.1491
-0.1566
-0.7699
-0.8310
-0.2387
-0.2276
-0.8395
-0.8618
-0.2491
-0.2052
-0.7943
-0.8121
-0.1933
-0.1651
-0.7635
-0.7659
-0.1420
-0.0401
-0.6388
-0.6856
-0.0779
-0.0322
-0.6112
-0.6532
-0.0532
 0.0202
-0.5846
-0.6136
 0.0205
 0.0984
-0.4947
-0.5104
 0.0899
 0.1321
-0.4634
-0.4937
 0.1109
 0.1563
-0.4341
-0.4668
 0.1313
 0.1691
-0.4280
-0.4655
 0.1364
 0.1717
-0.4253
-0.4511
 0.1568
 0.2143
-0.3695
-0.3980
 0.2132
 0.2595
-0.3461
-0.3998
 0.1861
 0.2188
-0.3985
-0.4570
 0.1233
 0.1614
-0.4429
-0.4907
 0.1138
 0.1558
-0.4360
-0.4538
 0.1598
 0.2233
-0.3708
-0.4081
 0.1813
 0.2273
-0.3724
-0.4113
 0.1752
 0.2097
-0.4067
-0.4697
 0.1002
 0.1188
-0.4974
-0.5583
 0.0356
 0.0899
-0.5024
-0.5176
 0.1140
 0.2076
-0.3459
-0.3459
 0.2810
 0.3578
-0.2151
-0.2350
 0.3833
 0.4506
-0.1382
-0.1733
 0.4227
 0.4642
-0.1568
-0.2286
 0.3360
 0.3512
-0.2746
-0.3453
 0.2371
 0.2698
-0.3501
-0.4171
 0.1699
 0.2135
-0.3940
-0.4485
 0.1401
 0.1837
-0.4184
-0.4713
 0.1247
 0.1781
-0.4222
-0.4759
 0.1071
 0.1497
-0.4588
-0.5258
 0.0609
 0.1031
-0.4963
-0.5466
 0.0409
 0.0970
-0.4939
-0.5303
 0.0798
 0.1505
-0.4280
-0.4681
 0.1388
 0.2353
-0.5157
-0.6891
-0.1031
-0.0380
-0.6229
-0.6667
-0.0582
 0.0125
-0.5750
-0.6308
-0.0268
 0.0380
-0.5521
-0.5947
 0.0114
 0.0883
-0.5006
-0.5463
 0.0460
 0.1021
-0.5046
-0.5761
-0.0040
 0.0460
-0.5500
-0.6058
-0.0027
 0.0710
-0.5139
-0.5599
 0.0181
 0.0710
-0.5226
-0.5755
 0.0274
 0.1013
-0.4886
-0.5407
 0.0494
 0.1135
-0.4790
-0.5378
 0.0449
 0.0986
-0.4947
-0.5482
 0.0436
 0.1164
-0.4634
-0.5088
 0.0965
 0.1829
-0.3873
-0.4357
 0.1632
 0.2244
-0.3708
-0.4341
 0.1446
 0.2044
-0.3924
-0.4634
 0.1180
 0.1810
-0.4009
-0.4572
 0.1340
 0.2076
-0.3711
-0.4360
 0.1550
 0.2198
-0.3724
-0.4336
 0.1491
 0.2042
-0.3873
-0.4620
 0.1138
 0.1752
-0.4168
-0.4921
 0.0877
 0.1563
-0.4309
-0.5024
 0.0774
 0.1412
-0.4602
-0.5210
 0.0534
 0.1194
-0.4681
-0.5298
 0.0609
 0.1361
-0.4458
-0.5016
 0.0917
 0.1712
-0.4126
-0.4820
 0.1058
 0.1747
-0.4190
-0.4947
 0.0728
 0.1401
-0.4389
-0.4950
 0.0922
 0.1733
-0.4012
-0.4599
 0.1335
 0.2196
-0.3467
-0.3972
 0.1922
 0.2860
-0.2746
-0.3259
 0.2807
 0.3828
-0.1832
-0.2377
 0.3509
 0.4259
-0.1627
-0.2443
 0.3198
 0.3767
-0.2268
-0.3078
 0.2472
 0.3060
-0.2959
-0.3903
 0.1725
 0.2254
-0.3812
-0.4695
 0.0880
 0.1374
-0.4684
-0.5697
-0.0144
 0.0489
-0.5588
-0.6436
-0.0747
-0.0093
-0.5939
-0.6837
-0.1010
-0.0266
-0.6167
-0.7132
-0.1273
-0.0492
-0.6242
-0.7090
-0.1196
-0.0253
-0.5891
-0.6553
-0.0524
 0.0455
-0.5303
-0.5904
 0.0005
 0.1042
-0.4647
-0.5237
 0.0782
 0.1699
-0.3903
-0.4495
 0.1505
 0.2427
-0.3150
-0.3876
 0.1919
 0.2690
-0.3134
-0.3998
 0.1781
 0.2634
-0.3062
-0.4019
 0.1744
 0.2539
-0.3291
-0.4099
 0.1592
 0.2379
-0.3461
-0.4190
 0.1693
 0.2568
-0.3299
-0.4155
 0.1619
 0.2525
-0.3227
-0.4001
 0.1707
 0.2472
-0.3373
-0.4267
 0.1324
 0.2031
-0.3892
-0.4253
-0.0505
-0.0617
-0.6436
-0.7117
-0.1130
-0.0061
-0.5708
-0.6439
-0.0574
 0.0473
-0.5248
-0.6040
-0.0178
 0.0776
-0.5024
-0.5819
-0.0058
 0.0827
-0.5024
-0.5936
-0.0210
 0.0702
-0.5109
-0.5989
-0.0306
 0.0492
-0.5391
-0.6335
-0.0657
 0.0324
-0.5652
-0.6662
-0.0997
-0.0027
-0.5729
-0.6550
-0.0827
 0.0056
-0.5652
-0.6582
-0.0899
 0.0064
-0.5747
-0.6502
-0.0657
 0.0415
-0.5258
-0.5918
 0.0011
 0.1039
-0.4665
-0.5378
 0.0556
 0.1598
-0.3982
-0.4705
 0.1186
 0.2318
-0.3246
-0.4105
 0.1701
 0.2637
-0.3041
-0.3849
 0.1967
 0.2876
-0.2842
-0.3887
 0.1752
 0.2603
-0.3243
-0.4277
 0.1300
 0.2121
-0.3690
-0.4697
 0.0909
 0.1725
-0.4094
-0.5117
 0.0468
 0.1342
-0.4453
-0.5383
 0.0207
 0.1132
-0.4615
-0.5513
 0.0202
 0.1154
-0.4575
-0.5532
 0.0085
 0.1085
-0.4721
-0.5814
-0.0314
 0.0643
-0.5101
-0.5803
 0.0016
 0.1271
-0.4368
-0.5200
 0.0569
 0.1688
-0.4027
-0.4990
 0.0718
 0.1598
-0.4261
-0.5184
 0.0580
 0.1717
-0.3887
-0.4684
 0.1180
 0.2358
-0.3358
-0.4248
 0.1526
 0.2576
-0.3094
-0.3993
 0.1784
 0.2741
-0.3023
-0.4073
 0.1638
 0.2563
-0.3225
-0.4264
 0.1311
 0.2177
-0.3700
-0.4820
 0.0657
 0.1563
-0.4344
-0.5479
 0.0016
 0.0912
-0.5032
-0.6114
-0.0471
 0.0595
-0.5181
-0.6141
-0.0476
 0.0606
-0.5290
-0.6327
-0.0598
 0.0598
-0.5301
-0.6452
-0.0779
 0.0223
-0.5636
-0.6542
-0.0667
 0.0667
-0.4977
-0.5782
 0.0069
 0.1295
-0.4349
-0.5341
 0.0324
 0.1422
-0.4293
-0.5141
 0.0704
 0.1887
-0.3724
-0.4809
 0.0758
 0.1864
-0.3825
-0.4899
 0.0742
 0.1869
-0.3817
-0.4868
 0.0800
 0.1933
-0.3833
-0.4926
 0.0696
 0.1810
-0.3913
-0.4934
 0.0760
 0.1959
-0.3647
-0.4687
 0.1101
 0.2408
-0.3116
-0.4089
 0.1757
 0.3161
-0.2355
-0.3405
 0.2366
 0.3419
-0.2339
-0.3541
 0.1980
 0.3009
-0.2757
-0.4142
 0.1704
 0.0372
-0.6271
-0.7709
-0.2191
-0.1305
-0.7225
-0.8629
-0.3190
-0.2204
-0.8028
-0.9209
-0.3578
-0.2204
-0.7704
-0.8669
-0.2847
-0.1560
-0.7077
-0.8135
-0.2273
-0.0883
-0.6388
-0.7483
-0.1691
-0.0316
-0.5883
-0.6941
-0.1194
 0.0141
-0.5373
-0.6343
-0.0425
 0.1074
-0.4386
-0.5288
 0.0641
 0.2124
-0.3344
-0.4453
 0.1236
 0.2589
-0.2890
-0.3985
 0.1704
 0.2932
-0.2672
-0.3879
 0.1635
 0.2826
-0.2940
-0.4243
 0.1199
 0.2145
-0.3594
-0.4897
 0.0502
 0.1568
-0.4147
-0.5545
-0.0053
 0.1180
-0.4509
-0.5758
-0.0255
 0.0949
-0.4737
-0.5963
-0.0383
 0.0872
-0.4793
-0.5947
-0.0327
 0.1000
-0.4644
-0.5803
-0.0237
 0.0922
-0.4934
-0.6152
-0.0441
 0.1093
-0.4389
-0.5415
 0.0306
 0.1680
-0.3807
-0.4950
 0.0689
 0.2002
-0.3525
-0.4764
 0.0869
 0.2273
-0.3201
-0.4341
 0.1337
 0.2738
-0.2813
-0.3969
 0.1808
 0.3368
-0.2020
-0.3158
 0.2470
 0.3868
-0.1792
-0.3177
 0.2347
 0.3525
-0.2201
-0.3674
 0.1778
 0.3039
-0.2619
-0.3996
 0.1515
 0.2826
-0.2956
-0.4397
 0.1016
 0.2246
-0.3366
-0.4761
 0.0662
 0.1959
-0.3764
-0.5261
 0.0221
 0.1552
-0.4152
-0.5513
 0.0016
 0.1374
-0.4293
-0.5609
-0.0194
 0.1114
-0.4721
-0.6167
-0.0696
 0.0696
-0.5051
-0.6234
-0.0391
 0.1353
-0.4086
-0.5274
 0.0377
 0.1874
-0.3669
-0.4979
 0.0593
 0.2052
-0.3536
-0.4897
 0.0534
 0.1887
-0.3756
-0.5155
 0.0340
 0.1794
-0.3767
-0.5064
 0.0500
 0.2084
-0.3389
-0.4665
 0.1000
 0.2555
-0.2829
-0.4128
 0.1459
 0.2983
-0.2464
-0.3865
 0.1664
 0.3222
-0.2257
-0.3735
 0.1688
 0.2983
-0.2738
-0.4317
 0.1021
 0.2345
-0.3233
-0.4809
 0.0500
 0.1765
-0.4012
-0.5721
-0.0465
 0.0816
-0.5051
-0.6638
-0.1233
 0.0237
-0.5415
-0.6941
-0.1478
 0.0085
-0.5463
-0.6928
-0.1412
 0.0045
-0.5708
-0.7281
-0.1640
 0.0122
-0.5194
-0.6436
-0.0726
 0.1042
-0.4038
-0.7005
-0.2690
-0.1210
-0.6638
-0.8039
-0.2408
-0.0670
-0.6040
-0.7388
-0.1728
 0.0045
-0.5280
-0.6593
-0.0859
 0.0938
-0.4341
-0.5652
 0.0005
 0.1794
-0.3671
-0.5099
 0.0399
 0.1917
-0.3645
-0.5210
 0.0189
 0.1752
-0.3839
-0.5402
-0.0130
 0.1350
-0.4362
-0.6093
-0.0766
 0.0771
-0.4833
-0.6550
-0.1297
 0.0207
-0.5426
-0.7124
-0.1701
-0.0088
-0.5591
-0.7132
-0.1568
 0.0085
-0.5519
-0.7228
-0.1919
-0.0282
-0.5734
-0.7225
-0.1539
 0.0441
-0.4857
-0.6316
-0.0763
 0.1047
-0.4463
-0.5891
-0.0343
 0.1497
-0.3969
-0.5527
-0.0061
 0.1699
-0.3695
-0.5136
 0.0463
 0.2292
-0.3049
-0.4530
 0.1018
 0.2810
-0.2584
-0.4277
 0.1098
 0.2728
-0.2685
-0.4370
 0.1021
 0.2765
-0.2767
-0.4556
 0.0747
 0.2385
-0.3193
-0.4982
 0.0261
 0.1770
-0.3887
-0.5612
-0.0354
 0.1284
-0.4389
-0.6271
-0.1050
 0.0606
-0.5085
-0.6891
-0.1531
 0.0112
-0.5490
-0.7308
-0.1911
-0.0189
-0.5705
-0.7499
-0.2068
-0.0186
-0.5516
-0.7119
-0.1494
 0.0463
-0.4961
-0.6518
-0.0973
 0.0965
-0.4405
-0.5944
-0.0401
 0.1555
-0.3900
-0.5508
 0.0019
 0.1933
-0.3568
-0.5277
 0.0152
 0.1959
-0.3610
-0.5373
-0.0008
 0.1755
-0.3812
-0.5556
-0.0173
 0.1659
-0.3892
-0.5649
-0.0237
 0.1757
-0.3677
-0.5338
 0.0162
 0.2183
-0.3251
-0.5035
 0.0298
 0.2143
-0.3296
-0.5011
 0.0460
 0.2440
-0.2932
-0.4692
 0.0670
 0.2507
-0.2988
-0.4979
 0.0191
 0.1874
-0.3671
-0.5450
 0.0029
 0.2036
-0.3246
-0.4939
 0.0580
 0.2512
-0.2794
-0.4586
 0.0803
 0.2648
-0.2778
-0.4721
 0.0627
 0.2581
-0.2807
-0.4660
 0.0723
 0.2629
-0.2757
-0.4551
 0.0867
 0.2884
-0.2496
-0.4381
 0.0845
 0.2765
-0.2674
-0.4679
 0.0585
 0.2430
-0.3078
-0.5131
 0.0032
 0.1792
-0.3780
-0.5851
-0.0704
 0.1202
-0.4386
-0.6423
-0.1233
 0.0657
-0.4860
-0.6768
-0.1449
 0.0508
-0.4910
-0.6787
-0.1337
-0.1481
-0.7358
-0.9233
-0.3716
-0.1396
-0.6556
-0.8289
-0.2773
-0.0545
-0.5708
-0.7481
-0.2018
 0.0130
-0.5048
-0.6901
-0.1454
 0.0689
-0.4503
-0.6284
-0.0840
 0.1191
-0.4222
-0.6128
-0.0766
 0.1364
-0.4009
-0.5923
-0.0598
 0.1539
-0.3767
-0.5628
-0.0263
 0.1962
-0.3272
-0.5117
 0.0234
 0.2307
-0.2985
-0.4894
 0.0433
 0.2512
-0.2834
-0.4899
 0.0274
 0.2270
-0.3118
-0.5197
-0.0045
 0.1967
-0.3536
-0.5636
-0.0468
 0.1624
-0.3698
-0.5540
-0.0154
 0.2044
-0.3198
-0.5083
 0.0300
 0.2427
-0.2940
-0.4921
 0.0231
 0.2191
-0.3124
-0.5101
 0.0202
 0.2345
-0.3041
-0.5141
 0.0035
 0.2124
-0.3219
-0.5280
-0.0152
 0.1919
-0.3615
-0.5787
-0.0686
 0.1303
-0.4168
-0.6311
-0.1210
 0.0819
-0.4697
-0.6808
-0.1656
 0.0372
-0.5083
-0.7295
-0.2145
 0.0003
-0.5232
-0.7178
-0.1768
 0.0572
-0.4628
-0.6606
-0.1212
 0.1172
-0.4067
-0.6053
-0.0750
 0.1446
-0.3788
-0.5745
-0.0399
 0.1914
-0.3379
-0.5468
-0.0226
 0.2015
-0.3392
-0.5585
-0.0383
 0.1866
-0.3520
-0.5567
-0.0279
 0.1959
-0.3416
-0.5468
-0.0210
 0.2012
-0.3350
-0.5410
-0.0133
 0.2151
-0.3193
-0.5152
 0.0202
 0.2520
-0.2789
-0.4947
 0.0266
 0.2512
-0.2778
-0.4875
 0.0452
 0.2563
-0.2850
-0.5062
 0.0154
 0.2257
-0.3158
-0.5365
-0.0114
 0.2172
-0.3156
-0.5144
 0.0253
 0.2664
-0.2605
-0.4740
 0.0542
 0.2892
-0.2326
-0.4522
 0.0638
 0.2810
-0.2552
-0.4886
 0.0141
 0.2164
-0.3358
-0.5689
-0.0569
 0.1651
-0.3637
-0.5838
-0.0638
 0.1691
-0.3576
-0.5729
-0.0388
 0.1999
-0.3171
-0.5234
 0.0128
 0.2512
-0.2674
-0.4862
 0.0423
 0.2677
-0.2587
-0.4857
 0.0250
 0.2496
-0.2879
-0.5285
-0.0157
 0.2050
-0.3405
-0.5769
-0.0776
 0.1449
-0.4038
-0.6407
-0.1276
 0.1074
-0.4166
-0.6300
-0.1055
 0.1303
-0.4049
-0.6327
-0.1366
 0.0829
-0.4482
-0.6651
-0.1305
 0.1741
-0.5689
-0.8645
-0.3416
-0.0859
-0.5931
-0.8193
-0.2906
-0.0558
-0.5798
-0.8172
-0.3023
-0.0601
-0.5710
-0.7914
-0.2544
 0.0082
-0.4897
-0.7002
-0.1614
 0.1013
-0.3998
-0.6053
-0.0774
 0.1739
-0.3429
-0.5678
-0.0532
 0.1824
-0.3467
-0.5817
-0.0752
 0.1545
-0.3807
-0.6295
-0.1273
 0.1013
-0.4400
-0.6843
-0.1898
 0.0276
-0.5075
-0.7563
-0.2613
-0.0423
-0.5734
-0.8289
-0.3241
-0.0821
-0.5931
-0.8297
-0.3049
-0.0529
-0.5630
-0.8002
-0.2802
-0.0279
-0.5290
-0.7683
-0.2555
-0.0085
-0.5059
-0.7430
-0.2281
 0.0189
-0.4974
-0.7361
-0.2188
 0.0377
-0.4687
-0.7106
-0.1999
 0.0553
-0.4498
-0.6734
-0.1552
 0.0992
-0.4001
-0.6287
-0.1210
 0.1353
-0.3597
-0.5803
-0.0614
 0.1967
-0.3057
-0.5354
-0.0290
 0.2183
-0.3009
-0.5428
-0.0303
 0.2238
-0.2916
-0.5330
-0.0213
 0.2334
-0.2759
-0.5128
 0.0019
 0.2494
-0.2557
-0.4841
 0.0165
 0.2592
-0.2512
-0.5043
-0.0213
 0.2204
-0.3121
-0.5710
-0.0936
 0.1297
-0.4099
-0.6782
-0.2111
 0.0072
-0.5184
-0.7784
-0.2823
-0.0356
-0.5415
-0.7946
-0.3044
-0.0659
-0.5724
-0.8193
-0.3068
-0.0476
-0.5397
-0.7739
-0.2496
 0.0191
-0.4673
-0.7055
-0.1970
 0.0455
-0.4777
-0.7204
-0.2148
 0.0463
-0.4410
-0.6633
-0.1518
 0.1053
-0.3929
-0.6250
-0.1127
 0.1608
-0.3219
-0.5386
-0.0250
 0.2419
-0.2549
-0.4923
 0.0032
 0.2470
-0.2688
-0.5245
-0.0346
 0.1648
-0.3964
-0.5899
-0.0550
 0.1510
-0.3993
-0.6029
-0.1042
 0.0877
-0.4572
-0.6502
-0.1329
 0.0681
-0.4671
-0.6614
-0.1401
 0.0582
-0.4822
-0.6837
-0.1683
 0.0303
-0.5008
-0.6917
-0.1590
 0.0532
-0.4719
-0.6614
-0.1428
 0.0598
-0.4657
-0.6513
-0.1244
 0.0859
-0.4410
-0.6314
-0.1180
 0.0782
-0.4564
-0.6463
-0.1260
 0.0734
-0.4602
-0.6478
-0.1260
 0.0784
-0.4655
-0.6728
-0.1582
 0.0420
-0.4913
-0.6992
-0.1890
 0.0205
-0.4559
-0.8547
-0.4333
-0.2342
-0.7576
-0.9597
-0.4386
-0.2329
-0.7497
-0.9443
-0.4046
-0.1755
-0.6774
-0.8709
-0.3419
-0.1186
-0.6303
-0.8230
-0.2887
-0.0606
-0.5777
-0.7778
-0.2571
-0.0388
-0.5529
-0.7433
-0.2196
-0.0005
-0.5181
-0.7207
-0.2121
-0.0051
-0.5351
-0.7521
-0.2307
-0.0154
-0.5314
-0.7404
-0.2172
 0.0005
-0.5131
-0.7156
-0.1864
 0.0354
-0.4766
-0.6667
-0.1340
 0.1016
-0.4102
-0.5949
-0.0630
 0.1741
-0.3387
-0.5359
-0.0104
 0.2119
-0.3142
-0.5319
-0.0213
 0.1842
-0.3597
-0.5827
-0.0787
 0.1244
-0.4208
-0.6476
-0.1539
 0.0449
-0.5109
-0.7422
-0.2552
-0.0651
-0.6109
-0.8398
-0.3310
-0.1138
-0.6298
-0.8451
-0.3326
-0.1103
-0.6314
-0.8419
-0.3241
-0.1218
-0.6471
-0.8603
-0.3358
-0.1082
-0.6284
-0.8470
-0.3291
-0.1005
-0.6061
-0.8074
-0.2767
-0.0356
-0.5415
-0.7420
-0.1943
 0.0542
-0.4392
-0.6237
-0.0835
 0.1622
-0.3392
-0.5333
-0.0167
 0.2015
-0.3310
-0.5583
-0.0614
 0.1462
-0.3982
-0.6303
-0.1393
 0.0625
-0.4929
-0.7337
-0.2504
-0.0452
-0.5758
-0.8145
-0.3039
-0.0752
-0.5846
-0.8036
-0.2786
-0.0436
-0.5561
-0.7800
-0.2608
-0.0356
-0.5513
-0.7778
-0.2701
-0.0380
-0.5506
-0.7739
-0.2499
-0.0141
-0.5277
-0.7576
-0.2448
-0.0210
-0.5545
-0.7978
-0.2906
-0.0521
-0.5492
-0.7547
-0.2127
 0.0415
-0.4482
-0.6550
-0.1372
 0.1021
-0.4091
-0.6181
-0.1005
 0.1353
-0.3775
-0.5912
-0.0832
 0.1582
-0.3522
-0.5612
-0.0436
 0.1906
-0.3373
-0.5689
-0.0630
 0.1691
-0.3594
-0.5891
-0.0912
 0.1366
-0.3910
-0.6330
-0.1465
 0.0654
-0.4822
-0.7271
-0.2430
-0.0354
-0.5769
-0.8331
-0.3413
-0.1220
-0.6524
-0.9023
-0.4049
-0.1805
-0.7055
-0.9501
-0.4477
-0.2121
-0.7255
-0.9589
-0.4490
-0.1970
-0.6883
-0.8969
-0.3756
-0.1260
-0.6298
-0.8735
-0.3708
-0.1436
-0.6431
-0.8741
-0.3485
-0.0859
-0.5774
-0.7691
-0.3985
-0.2698
-0.7821
-1.0030
-0.4766
-0.2100
-0.6968
-0.9155
-0.3900
-0.1319
-0.6154
-0.8292
-0.3044
-0.0412
-0.5194
-0.7366
-0.2124
 0.0494
-0.4466
-0.6734
-0.1736
 0.0614
-0.4471
-0.6816
-0.1755
 0.0763
-0.4328
-0.6609
-0.1622
 0.0734
-0.4442
-0.6906
-0.2095
 0.0144
-0.5099
-0.7616
-0.2730
-0.0327
-0.5343
-0.7887
-0.2967
-0.0542
-0.5516
-0.7959
-0.2953
-0.0574
-0.5750
-0.8262
-0.3254
-0.0779
-0.5729
-0.8135
-0.3076
-0.0401
-0.5218
-0.7513
-0.2353
 0.0165
-0.4809
-0.7159
-0.2052
 0.0481
-0.4418
-0.6654
-0.1526
 0.1098
-0.3929
-0.6316
-0.1327
 0.1202
-0.3847
-0.6207
-0.1244
 0.1369
-0.3629
-0.5973
-0.0981
 0.1451
-0.3642
-0.6035
-0.0992
 0.1558
-0.3589
-0.5987
-0.0907
 0.1592
-0.3514
-0.5963
-0.0952
 0.1576
-0.3482
-0.5934
-0.0968
 0.1715
-0.3379
-0.5846
-0.0792
 0.1717
-0.3344
-0.5910
-0.0981
 0.1712
-0.3267
-0.5668
-0.0627
 0.2084
-0.3012
-0.5644
-0.0673
 0.1930
-0.3198
-0.5878
-0.0925
 0.1781
-0.3257
-0.5912
-0.0994
 0.1922
-0.2930
-0.5638
-0.0827
 0.2228
-0.2374
-0.5293
-0.0665
 0.2502
-0.2026
-0.5048
-0.0463
 0.2669
-0.2018
-0.5083
-0.0505
 0.2611
-0.1925
-0.4902
-0.0306
 0.2831
-0.1781
-0.4809
-0.0239
 0.2964
-0.1675
-0.4748
-0.0170
 0.2914
-0.1616
-0.4570
-0.0066
 0.3039
-0.1635
-0.4724
-0.0186
 0.2836
-0.2007
-0.4862
 0.0128
 0.3182
-0.1696
-0.4360
 0.0412
 0.2980
-0.1837
-0.4416
 0.0213
 0.2876
-0.2108
-0.4766
 0.0144
 0.2704
-0.2220
-0.4889
 0.0043
 0.2714
-0.2153
-0.4745
 0.0114
 0.2595
-0.2395
-0.5072
-0.0253
 0.2403
-0.2597
-0.5210
-0.0335
 0.2297
-0.2677
-0.5277
-0.0457
 0.2161
-0.2879
-0.5476
-0.0617
 0.2119
-0.2765
-0.5319
-0.0425
 0.2278
-0.2634
-0.5237
-0.0327
 0.2371
-0.2555
-0.5030
-0.0101
 0.2650
-0.2326
-0.4963
-0.0058
 0.2685
-0.2177
-0.4804
 0.0481
 0.1175
-0.4828
-0.7808
-0.3102
-0.0436
-0.5325
-0.8026
-0.3132
-0.0213
-0.4868
-0.7433
-0.2438
 0.0455
-0.4328
-0.6954
-0.2161
 0.0641
-0.4275
-0.6877
-0.1975
 0.0877
-0.3972
-0.6569
-0.1688
 0.1420
-0.3132
-0.6314
-0.1943
 0.1241
-0.3219
-0.6322
-0.1869
 0.1457
-0.2935
-0.6088
-0.1691
 0.1529
-0.2876
-0.6080
-0.1574
 0.1861
-0.2470
-0.5625
-0.1130
 0.2233
-0.2137
-0.5261
-0.0914
 0.2406
-0.1970
-0.5245
-0.0946
 0.2454
-0.1919
-0.5062
-0.0601
 0.2813
-0.1521
-0.4745
-0.0415
 0.2972
-0.1539
-0.4902
-0.0614
 0.2704
-0.1648
-0.4942
-0.0532
 0.2945
-0.1388
-0.4655
-0.0425
 0.2892
-0.1558
-0.4897
-0.0654
 0.2725
-0.1598
-0.4774
-0.0452
 0.2930
-0.1398
-0.4679
-0.0465
 0.2951
-0.1393
-0.4634
-0.0492
 0.2850
-0.1505
-0.4846
-0.0707
 0.2560
-0.1744
-0.4929
-0.0771
 0.2549
-0.1707
-0.4929
-0.0707
 0.2669
-0.1624
-0.4846
-0.0800
 0.2406
-0.1832
-0.5051
-0.0928
 0.2371
-0.1885
-0.5168
-0.0978
 0.2297
-0.1965
-0.5197
-0.1018
 0.2241
-0.1965
-0.5197
-0.1135
 0.2183
-0.2004
-0.5192
-0.1077
 0.2286
-0.1917
-0.5109
-0.1005
 0.2220
-0.1959
-0.5078
-0.0875
 0.2483
-0.1741
-0.5048
-0.0997
 0.2257
-0.1943
-0.5319
-0.0779
 0.2347
-0.2214
-0.5038
-0.0439
 0.2475
-0.2289
-0.5088
-0.0343
 0.2725
-0.1919
-0.4759
-0.0154
 0.2749
-0.1909
-0.4665
-0.0035
 0.2863
-0.1829
-0.4618
-0.0024
 0.2866
-0.1813
-0.4588
-0.0061
 0.2754
-0.1970
-0.4796
-0.0215
 0.2688
-0.2044
-0.4873
-0.0362
 0.2512
-0.2164
-0.4947
-0.0343
 0.2603
-0.1994
-0.4790
-0.0194
 0.2743
-0.1837
-0.4628
-0.0090
 0.2860
-0.1805
-0.4692
-0.0146
 0.2738
-0.1903
-0.4777
-0.0263
 0.2608
-0.1991
-0.4801
-0.0207
 0.2751
-0.1882
-0.4748
-0.0268
 0.2600
-0.1986
-0.4761
-0.0160
 0.2821
-0.1789
-0.4639
-0.0133
 0.2834
-0.1693
-0.4495
 0.0162
 0.1967
-0.3977
-0.7172
-0.2728
 0.0197
-0.4275
-0.7095
-0.2525
 0.0473
-0.3942
-0.6768
-0.2268
 0.0742
-0.3663
-0.6484
-0.2015
 0.0976
-0.3440
-0.6167
-0.1651
 0.1388
-0.3070
-0.5827
-0.1313
 0.1747
-0.2693
-0.5508
-0.1071
 0.1850
-0.2648
-0.5463
-0.0989
 0.1930
-0.2541
-0.5301
-0.0813
 0.2129
-0.2411
-0.5359
-0.1034
 0.1794
-0.2773
-0.5708
-0.1393
 0.1475
-0.3078
-0.6074
-0.1696
 0.1295
-0.3280
-0.6247
-0.1800
 0.1231
-0.3129
-0.5899
-0.1364
 0.1717
-0.2632
-0.5410
-0.0981
 0.1943
-0.2608
-0.5678
-0.1372
 0.1590
-0.2914
-0.5758
-0.1401
 0.1478
-0.2850
-0.5830
-0.1433
 0.1717
-0.2666
-0.5561
-0.1151
 0.2023
-0.2512
-0.5264
-0.0771
 0.2177
-0.2236
-0.5205
-0.0859
 0.2228
-0.2108
-0.5155
-0.0712
 0.2430
-0.2180
-0.5155
-0.0805
 0.2260
-0.2355
-0.5407
-0.1029
 0.2172
-0.2159
-0.5144
-0.0556
 0.2533
-0.1988
-0.4929
-0.0409
 0.2770
-0.1731
-0.4766
-0.0279
 0.2930
-0.1454
-0.4426
 0.0109
 0.3315
-0.1071
-0.4094
 0.0346
 0.3490
-0.0885
-0.4041
 0.0455
 0.3562
-0.0829
-0.4006
 0.0327
 0.3222
-0.1624
-0.4913
-0.0564
 0.2634
-0.1885
-0.5006
-0.0654
 0.2502
-0.2031
-0.5131
-0.0704
 0.2624
-0.1688
-0.4759
-0.0292
 0.2839
-0.1784
-0.5011
